1.530855855855855907e+01 3.868693693693693803e+01 2.799774774774774855e+01
1.554692192192192124e+01 3.892530030030030019e+01 2.823611111111111072e+01
1.558258258258258344e+01 3.896096096096096062e+01 2.827177177177177114e+01
1.564602102102102066e+01 3.902439939939939961e+01 2.833521021021021014e+01
1.593693693693693625e+01 3.931531531531531698e+01 2.862612612612612750e+01
1.605668168168168108e+01 3.943506006006006004e+01 2.874587087087087056e+01
1.484496996996996998e+01 3.974587087087087411e+01 2.872034534534534700e+01
1.460810810810810878e+01 3.991666666666666430e+01 2.878228228228228147e+01
1.442717717717717640e+01 3.998423423423423628e+01 2.882057057057057037e+01
1.453453453453453470e+01 4.009159159159159458e+01 2.862537537537537702e+01
1.422935435435435458e+01 4.006418918918918592e+01 2.875262762762762847e+01
1.435660660660660604e+01 4.016291291291291543e+01 2.885285285285285184e+01
1.430593093093093060e+01 4.009121621621621756e+01 2.875863363363363234e+01
1.436674174174174112e+01 4.007169669669669787e+01 2.874887387387387250e+01
1.442229729729729648e+01 4.012725225225225500e+01 2.895082582582582731e+01
1.447710210210210136e+01 4.018205705705705810e+01 2.900563063063063041e+01
1.459534534534534522e+01 4.005780780780780503e+01 2.894819819819819884e+01
1.461786786786786863e+01 4.008033033033033377e+01 2.897072072072072046e+01
1.475487987987987992e+01 4.008220720720720465e+01 2.900713213213213137e+01
1.469031531531531520e+01 4.001764264264264170e+01 2.894256756756756843e+01
1.448385885885885926e+01 3.981118618618618399e+01 2.873611111111111072e+01
1.451238738738738654e+01 3.983671171171171466e+01 2.876163663663663783e+01
1.468881381381381424e+01 3.981794294294294190e+01 2.878190690690690801e+01
1.474286786786786863e+01 3.987199699699699806e+01 2.883596096096096062e+01
1.479316816816816882e+01 3.994331831831831892e+01 2.890427927927927954e+01
1.492192192192192124e+01 3.998798798798798515e+01 2.895420420420420271e+01
1.488100600600600565e+01 4.002214714714714461e+01 2.898836336336336217e+01
1.496396396396396433e+01 4.010510510510510329e+01 2.905555555555555713e+01
1.487349849849849903e+01 3.989301801801801872e+01 2.849512012012012008e+01
1.492079579579579551e+01 3.994031531531531698e+01 2.882094594594594739e+01
1.489714714714714638e+01 3.990765765765765849e+01 2.879129129129129083e+01
1.497259759759759845e+01 3.996809309309309555e+01 2.885773273273273176e+01
1.493918918918918948e+01 3.995270270270270174e+01 2.883183183183183118e+01
1.499887387387387427e+01 4.001238738738738476e+01 2.873536036036036023e+01
1.507207207207207134e+01 4.004204204204204132e+01 2.879504504504504681e+01
1.500150150150150097e+01 3.996696696696696449e+01 2.881606606606606746e+01
1.504842342342342398e+01 4.001388888888888573e+01 2.885097597597597741e+01
1.513400900900900936e+01 4.010998498498498321e+01 2.892980480480480310e+01
1.520345345345345400e+01 4.017942942942942608e+01 2.888213213213213137e+01
1.515427927927927954e+01 4.013025525525525694e+01 2.895007507507507682e+01
1.506043543543543528e+01 4.004241741741741833e+01 2.886636636636636766e+01
1.506869369369369416e+01 4.004466966966966623e+01 2.890840840840840897e+01
1.517192192192192124e+01 4.013288288288288186e+01 2.899512012012012008e+01
1.512612612612612573e+01 4.007657657657657779e+01 2.896246246246246159e+01
1.512087087087087056e+01 4.007132132132132085e+01 2.895720720720720820e+01
1.502064564564564542e+01 3.997109609609609748e+01 2.883220720720720820e+01
1.499249249249249161e+01 3.994444444444444287e+01 2.880405405405405261e+01
1.499324324324324387e+01 3.992417417417417624e+01 2.878903903903903938e+01
1.490840840840840897e+01 3.996171171171171466e+01 2.881981981981981988e+01
1.495082582582582553e+01 3.990728228228228147e+01 2.877965465465465300e+01
1.496771771771771853e+01 3.987537537537537702e+01 2.860285285285285184e+01
1.496771771771771853e+01 3.987537537537537702e+01 2.861486486486486314e+01
1.492267267267267350e+01 3.983033033033033377e+01 2.854579579579579729e+01
1.505442942942942963e+01 3.995082582582582376e+01 2.870983483483483312e+01
1.499512012012012008e+01 3.989151651651651775e+01 2.865052552552552712e+01
1.491516516516516511e+01 3.984909909909909942e+01 2.850075075075075048e+01
1.478866366366366414e+01 3.987424924924924596e+01 2.881418918918918948e+01
1.479466966966966979e+01 3.985172672672672434e+01 2.879466966966966979e+01
1.474474474474474484e+01 3.970570570570570368e+01 2.864864864864864913e+01
1.435923423423423451e+01 3.973761261261261524e+01 2.860998498498498321e+01
1.417867867867867915e+01 3.958408408408408263e+01 2.789939939939939961e+01
1.420758258258258344e+01 3.961298798798798515e+01 2.806043543543543706e+01
1.423873873873873919e+01 3.964414414414414267e+01 2.813063063063063041e+01
1.441441441441441462e+01 3.982282282282282182e+01 2.846546546546546708e+01
1.431531531531531520e+01 3.974324324324324209e+01 2.837612612612612750e+01
1.435585585585585555e+01 3.978378378378378244e+01 2.841666666666666785e+01
1.445833333333333393e+01 3.988626126126126081e+01 2.851914414414414267e+01
1.471959459459459474e+01 3.991328828828828534e+01 2.877064564564564719e+01
1.466816816816816882e+01 3.984234234234234151e+01 2.865915915915915946e+01
1.477102102102102066e+01 3.975000000000000000e+01 2.860435435435435281e+01
1.472484984984984990e+01 3.970382882882882569e+01 2.855968468468468302e+01
1.477327327327327389e+01 3.974624624624624403e+01 2.860210210210210136e+01
1.484947447447447466e+01 3.982244744744744480e+01 2.867680180180180116e+01
1.482319819819819884e+01 3.979617117117117431e+01 2.865052552552552712e+01
1.458070570570570545e+01 3.978791291291291543e+01 2.856418918918918948e+01
1.470007507507507505e+01 3.991328828828828534e+01 2.870157657657657779e+01
1.477477477477477485e+01 3.994444444444444287e+01 2.863963963963963977e+01
1.471734234234234151e+01 3.988701201201201485e+01 2.871433933933933957e+01
1.466103603603603567e+01 3.978490990990990639e+01 2.822635135135135087e+01
1.459121621621621578e+01 3.975412912912912589e+01 2.798911411411411265e+01
1.471621621621621578e+01 3.965465465465465655e+01 2.810435435435435281e+01
1.463513513513513509e+01 3.957357357357357586e+01 2.828528528528528696e+01
1.468243243243243157e+01 3.962087087087087411e+01 2.833258258258258167e+01
1.472297297297297369e+01 3.966441441441441640e+01 2.835210210210210136e+01
1.474286786786786863e+01 3.963025525525525694e+01 2.827364864864864913e+01
1.477439939939939961e+01 3.966178678678678438e+01 2.810172672672672789e+01
1.488175675675675613e+01 3.975713213213213493e+01 2.823310810810810878e+01
1.487049549549549532e+01 3.972935435435435636e+01 2.828415915915915946e+01
1.484909909909909942e+01 3.969894894894894577e+01 2.843168168168168108e+01
1.485960960960960975e+01 3.969594594594594383e+01 2.832582582582582731e+01
1.488250750750750839e+01 3.971884384384384248e+01 2.827289789789789864e+01
1.475600600600600565e+01 3.955480480480480310e+01 2.811636636636636766e+01
1.468055555555555536e+01 3.952289789789789864e+01 2.812199699699699806e+01
1.472972972972972983e+01 3.955405405405405617e+01 2.840315315315315203e+01
1.483070570570570545e+01 3.957995495495495675e+01 2.841854354354354228e+01
1.480743243243243157e+01 3.954767267267267528e+01 2.835848348348348225e+01
1.483896396396396433e+01 3.957920420420420271e+01 2.852815315315315203e+01
1.466103603603603567e+01 3.955367867867867915e+01 2.842867867867867915e+01
1.481343843843843899e+01 3.970157657657657779e+01 2.846396396396396256e+01
1.486223723723723644e+01 3.968355855855855907e+01 2.843918918918918948e+01
1.500638138138138089e+01 3.973160660660660426e+01 2.837987987987987992e+01
1.492605105105105068e+01 3.965202702702702453e+01 2.817304804804804874e+01
1.487950450450450468e+01 3.960548048048048031e+01 2.826764264264264170e+01
1.473498498498498499e+01 3.957132132132132085e+01 2.824174174174174112e+01
1.488926426426426453e+01 3.972560060060060039e+01 2.839602102102102066e+01
1.485097597597597563e+01 3.966028528528528341e+01 2.833596096096096062e+01
1.480818318318318383e+01 3.963926426426426275e+01 2.823911411411411265e+01
1.485360360360360410e+01 3.968318318318318205e+01 2.817492492492492318e+01
1.489226726726726646e+01 3.968355855855855907e+01 2.818468468468468302e+01
1.480518018018018012e+01 3.956644144144144093e+01 2.805893393393393254e+01
1.484234234234234151e+01 3.951426426426426275e+01 2.807957957957957973e+01
1.468956456456456472e+01 3.950487987987987992e+01 2.824737237237237153e+01
1.468243243243243157e+01 3.952177177177177470e+01 2.829917417417417269e+01
1.473235735735735652e+01 3.948986486486486314e+01 2.828828828828828890e+01
1.465165165165165106e+01 3.938738738738738476e+01 2.829692192192192124e+01
1.461486486486486491e+01 3.952627627627627760e+01 2.841929429429429277e+01
1.470307807807807876e+01 3.955743243243243512e+01 2.841741741741741833e+01
1.456493993993993996e+01 3.941779279279279535e+01 2.833708708708708812e+01
1.466591591591591559e+01 3.950600600600600387e+01 2.842530030030030019e+01
1.466103603603603567e+01 3.949061561561561717e+01 2.840315315315315203e+01
1.465390390390390429e+01 3.939264264264264170e+01 2.839264264264264170e+01
1.471621621621621578e+01 3.946396396396396256e+01 2.845870870870870917e+01
1.485097597597597563e+01 3.959872372372372240e+01 2.859346846846846901e+01
1.472747747747747660e+01 3.947522522522522337e+01 2.846996996996996998e+01
1.473648648648648596e+01 3.948423423423423628e+01 2.846846846846846901e+01
1.463213213213213137e+01 3.938588588588588379e+01 2.837012012012012008e+01
1.464076576576576549e+01 3.937500000000000000e+01 2.835923423423423273e+01
1.468806306306306375e+01 3.942229729729729826e+01 2.839602102102102066e+01
1.473611111111111072e+01 3.947034534534534345e+01 2.842830330330330213e+01
1.475487987987987992e+01 3.948911411411411621e+01 2.844707207207207134e+01
1.483933933933933957e+01 3.956156156156156101e+01 2.852702702702702808e+01
1.475900900900900936e+01 3.946171171171171466e+01 2.842267267267267172e+01
1.481043543543543528e+01 3.951088588588588379e+01 2.792755255255255165e+01
1.465653153153153099e+01 3.958596096096096062e+01 2.810998498498498321e+01
1.468318318318318383e+01 3.959759759759759845e+01 2.813663663663663783e+01
1.466854354354354406e+01 3.957545045045045384e+01 2.814451951951951969e+01
1.472222222222222143e+01 3.938738738738738476e+01 2.800825825825825888e+01
1.485322822822822886e+01 3.951839339339339574e+01 2.805518018018018012e+01
1.463363363363363412e+01 3.951651651651651775e+01 2.788888888888888928e+01
1.455405405405405439e+01 3.936036036036036023e+01 2.805780780780780859e+01
1.450713213213213137e+01 3.929842342342342221e+01 2.799587087087087056e+01
1.459684684684684619e+01 3.917192192192192124e+01 2.790840840840840897e+01
1.457957957957957973e+01 3.915465465465465655e+01 2.789114114114114074e+01
1.456681681681681617e+01 3.912987987987987992e+01 2.785435435435435281e+01
1.456043543543543528e+01 3.912349849849849903e+01 2.784496996996996998e+01
1.455105105105105068e+01 3.910810810810810523e+01 2.795120120120120077e+01
1.466328828828828890e+01 3.921283783783783861e+01 2.805743243243243157e+01
1.465653153153153099e+01 3.923460960960960620e+01 2.818355855855855907e+01
1.466403903903903938e+01 3.924211711711711814e+01 2.819106606606606746e+01
1.461861861861861911e+01 3.919669669669669787e+01 2.799174174174174112e+01
1.459609609609609571e+01 3.917417417417417624e+01 2.782282282282282182e+01
1.463888888888888928e+01 3.921696696696696449e+01 2.814414414414414267e+01
1.465578078078078050e+01 3.923385885885885926e+01 2.816103603603603744e+01
1.461111111111111072e+01 3.918918918918918592e+01 2.805855855855855907e+01
1.460172672672672611e+01 3.917980480480480310e+01 2.810998498498498321e+01
1.462950450450450468e+01 3.920758258258258167e+01 2.813776276276276178e+01
1.469106606606606569e+01 3.927515015015015365e+01 2.822635135135135087e+01
1.474324324324324387e+01 3.930330330330330213e+01 2.810585585585585733e+01
1.484647147147147095e+01 3.926163663663663783e+01 2.820645645645645772e+01
1.477364864864864913e+01 3.917905405405405617e+01 2.801013513513513686e+01
1.489301801801801872e+01 3.927364864864864558e+01 2.811261261261261168e+01
1.485097597597597563e+01 3.920232732732732472e+01 2.786674174174174112e+01
1.494144144144144093e+01 3.934009009009009361e+01 2.798085585585585733e+01
1.489602102102102066e+01 3.929166666666666430e+01 2.807732732732732828e+01
1.493918918918918948e+01 3.933183183183183473e+01 2.811298798798798870e+01
1.498836336336336394e+01 3.938100600600600387e+01 2.801576576576576727e+01
1.493130630630630584e+01 3.933445945945945965e+01 2.811486486486486314e+01
1.492454954954954971e+01 3.935472972972972627e+01 2.800225225225225145e+01
1.492867867867867915e+01 3.934834834834834538e+01 2.798460960960960975e+01
1.480217717717717640e+01 3.925412912912912589e+01 2.787875375375375242e+01
1.478903903903903938e+01 3.922147147147147450e+01 2.788663663663663783e+01
1.481456456456456472e+01 3.924699699699699806e+01 2.792792792792792866e+01
1.492267267267267350e+01 3.935510510510510329e+01 2.819369369369369238e+01
1.486599099099099064e+01 3.929842342342342221e+01 2.797785285285285184e+01
1.494106606606606569e+01 3.937349849849849903e+01 2.805818318318318205e+01
1.480367867867867915e+01 3.923611111111111427e+01 2.795533033033033021e+01
1.478490990990990994e+01 3.921734234234234151e+01 2.793656156156156101e+01
1.471621621621621578e+01 3.916516516516516333e+01 2.799099099099099064e+01
1.475675675675675613e+01 3.920270270270270174e+01 2.801651651651651775e+01
1.478641141141141091e+01 3.923235735735735830e+01 2.785172672672672789e+01
1.497372372372372418e+01 3.907582582582582376e+01 2.798573573573573725e+01
1.503003003003003002e+01 3.913213213213213493e+01 2.804204204204204132e+01
1.499737237237237153e+01 3.922560060060060039e+01 2.809647147147147095e+01
1.503303303303303373e+01 3.926126126126126081e+01 2.813213213213213137e+01
1.515202702702702631e+01 3.939226726726726469e+01 2.810022522522522692e+01
1.518018018018018012e+01 3.940840840840840542e+01 2.803753753753753841e+01
1.507207207207207134e+01 3.951201201201201485e+01 2.811711711711711814e+01
1.495120120120120077e+01 3.956306306306306197e+01 2.826839339339339219e+01
1.488776276276276356e+01 3.948160660660660426e+01 2.820195195195195126e+01
1.485060060060060039e+01 3.944444444444444287e+01 2.816478978978978986e+01
1.484947447447447466e+01 3.944331831831831892e+01 2.816366366366366236e+01
1.485585585585585555e+01 3.944669669669669787e+01 2.826839339339339219e+01
1.490090090090090058e+01 3.949174174174174112e+01 2.832545045045045029e+01
1.485960960960960975e+01 3.945045045045045384e+01 2.828415915915915946e+01
1.496283783783783861e+01 3.955067567567567721e+01 2.831606606606606746e+01
1.496621621621621578e+01 3.954504504504504325e+01 2.828866366366366236e+01
1.489339339339339396e+01 3.947222222222222143e+01 2.796584084084084054e+01
1.469632132132132085e+01 3.929166666666666430e+01 2.776426426426426275e+01
1.479542042042042027e+01 3.939076576576576372e+01 2.756081081081081052e+01
1.480630630630630584e+01 3.940540540540540349e+01 2.749324324324324209e+01
1.478566066066066043e+01 3.938475975975975985e+01 2.759271771771771853e+01
1.478378378378378422e+01 3.936186186186186120e+01 2.785435435435435281e+01
1.488813813813813880e+01 3.943018018018018012e+01 2.773048048048048031e+01
1.486261261261261346e+01 3.940465465465465655e+01 2.818768768768768851e+01
1.482319819819819884e+01 3.936524024024024015e+01 2.822710210210210136e+01
1.489039039039039025e+01 3.938138138138138089e+01 2.818693693693693803e+01
1.492942942942942963e+01 3.942042042042042027e+01 2.833333333333333215e+01
1.490127627627627582e+01 3.936824324324324209e+01 2.828115615615615752e+01
1.485698198198198128e+01 3.931493993993993996e+01 2.828791291291291188e+01
1.462537537537537524e+01 3.925075075075075404e+01 2.806606606606606746e+01
1.465052552552552534e+01 3.927590090090090058e+01 2.811073573573573725e+01
1.461373873873873919e+01 3.925713213213213493e+01 2.791779279279279180e+01
1.472897897897897934e+01 3.937237237237237508e+01 2.832507507507507682e+01
1.472109609609609571e+01 3.933370870870870561e+01 2.831944444444444287e+01
1.484834834834834894e+01 3.946096096096096062e+01 2.829054054054054035e+01
1.482582582582582553e+01 3.943843843843843899e+01 2.822447447447447288e+01
1.487687687687687621e+01 3.948948948948948612e+01 2.827552552552552712e+01
1.480405405405405439e+01 3.941666666666666430e+01 2.806531531531531698e+01
1.480180180180180116e+01 3.941441441441441640e+01 2.820495495495495319e+01
1.472972972972972983e+01 3.934234234234234151e+01 2.813288288288288186e+01
1.491441441441441462e+01 3.952702702702702453e+01 2.836111111111111072e+01
1.487124624624624580e+01 3.948385885885885926e+01 2.836674174174174112e+01
1.490127627627627582e+01 3.947334834834834538e+01 2.834046546546546708e+01
1.489602102102102066e+01 3.947409909909909942e+01 2.839301801801801872e+01
1.488738738738738654e+01 3.944444444444444287e+01 2.836336336336336217e+01
1.464226726726726646e+01 3.935548048048048031e+01 2.812800300300300194e+01
1.466591591591591559e+01 3.936749249249249516e+01 2.807432432432432279e+01
1.494256756756756843e+01 3.948048048048048031e+01 2.819707207207207134e+01
1.503003003003003002e+01 3.956006006006006004e+01 2.834234234234234151e+01
1.508145645645645594e+01 3.961148648648648418e+01 2.835172672672672789e+01
1.510923423423423451e+01 3.963926426426426275e+01 2.830067567567567721e+01
1.504767267267267350e+01 3.957770270270270174e+01 2.838551051051051033e+01
1.501801801801801872e+01 3.955105105105105423e+01 2.837687687687687799e+01
1.492792792792792866e+01 3.946096096096096062e+01 2.828678678678678793e+01
1.498798798798798870e+01 3.952102102102102066e+01 2.834684684684684797e+01
1.500412912912912944e+01 3.953716216216216139e+01 2.836298798798798870e+01
1.494406906906906940e+01 3.947710210210210136e+01 2.830292792792792866e+01
1.489789789789789864e+01 3.944744744744744480e+01 2.831231231231231149e+01
1.489939939939939961e+01 3.944369369369369593e+01 2.816478978978978986e+01
1.488100600600600565e+01 3.942530030030030019e+01 2.814639639639639768e+01
1.501463963963963977e+01 3.920082582582582376e+01 2.765653153153153099e+01
1.507995495495495497e+01 3.926614114114114074e+01 2.757545045045045029e+01
1.518731231231231149e+01 3.937349849849849903e+01 2.786899399399399258e+01
1.526839339339339396e+01 3.939677177177177470e+01 2.798273273273273176e+01
1.536148648648648596e+01 3.948986486486486314e+01 2.807582582582582731e+01
1.532094594594594561e+01 3.950713213213213493e+01 2.806418918918918948e+01
1.533445945945945965e+01 3.952064564564564364e+01 2.820983483483483312e+01
1.528228228228228147e+01 3.951051051051051388e+01 2.806756756756756843e+01
1.528490990990990994e+01 3.951313813813813880e+01 2.807019519519519690e+01
1.542792792792792866e+01 3.961411411411411621e+01 2.817117117117117076e+01
1.540427927927927954e+01 3.959046546546546352e+01 2.816704204204204132e+01
1.523911411411411443e+01 3.964151651651651775e+01 2.806343843843843899e+01
1.524474474474474484e+01 3.964714714714714461e+01 2.791291291291291188e+01
1.508971471471471482e+01 3.973235735735735830e+01 2.788100600600600742e+01
1.501576576576576549e+01 3.965240240240240155e+01 2.817942942942942963e+01
1.524549549549549532e+01 3.968843843843843899e+01 2.796996996996996998e+01
1.548348348348348402e+01 3.972222222222222143e+01 2.791966966966966979e+01
1.544932432432432456e+01 3.966403903903903938e+01 2.817079579579579729e+01
1.548198198198198128e+01 3.969669669669669787e+01 2.818693693693693803e+01
1.543168168168168108e+01 3.964639639639639768e+01 2.813663663663663783e+01
1.554917417417417447e+01 3.975187687687687799e+01 2.824211711711711814e+01
1.518806306306306375e+01 3.975037537537537702e+01 2.822935435435435281e+01
1.498235735735735652e+01 3.973686186186186120e+01 2.826689189189189122e+01
1.500112612612612573e+01 3.973385885885885926e+01 2.819106606606606746e+01
1.488288288288288364e+01 3.961561561561561717e+01 2.822597597597597741e+01
1.496096096096096062e+01 3.968168168168168108e+01 2.829204204204204132e+01
1.498911411411411443e+01 3.970983483483483667e+01 2.832019519519519690e+01
1.503228228228228147e+01 3.975300300300300194e+01 2.829729729729729826e+01
1.508521021021021014e+01 3.980593093093093415e+01 2.850037537537537702e+01
1.504804804804804874e+01 3.976876876876876565e+01 2.846321321321321207e+01
1.503641141141141091e+01 3.975713213213213493e+01 2.847785285285285184e+01
1.501689189189189122e+01 3.973761261261261524e+01 2.845833333333333215e+01
1.510097597597597563e+01 3.982169669669669787e+01 2.854241741741741833e+01
1.506418918918918948e+01 3.978490990990990639e+01 2.844782282282282182e+01
1.509572072072072046e+01 3.976764264264264170e+01 2.803378378378378244e+01
1.510848348348348402e+01 3.975938438438438283e+01 2.811261261261261168e+01
1.514264264264264348e+01 3.979354354354354228e+01 2.820157657657657779e+01
1.507132132132132085e+01 3.972222222222222143e+01 2.820908408408408263e+01
1.506456456456456472e+01 3.972897897897897934e+01 2.822334834834834894e+01
1.496584084084084054e+01 3.963025525525525694e+01 2.818243243243243157e+01
1.497072072072072046e+01 3.963513513513513686e+01 2.846283783783783861e+01
1.498911411411411443e+01 3.965352852852852550e+01 2.834909909909909942e+01
1.493430930930930955e+01 3.960397897897897934e+01 2.840653153153153099e+01
1.500563063063063041e+01 3.965127627627627760e+01 2.835172672672672789e+01
1.501051051051051033e+01 3.965615615615615752e+01 2.829879879879879923e+01
1.507695195195195126e+01 3.971959459459459651e+01 2.842004504504504681e+01
1.500225225225225145e+01 3.964489489489489671e+01 2.834534534534534700e+01
1.501013513513513509e+01 3.965277777777777857e+01 2.840578078078078050e+01
1.510285285285285362e+01 3.975900900900900581e+01 2.852102102102102066e+01
1.507394894894894932e+01 3.973010510510510329e+01 2.839376876876876921e+01
1.508596096096096062e+01 3.974211711711711814e+01 2.825337837837837895e+01
1.511486486486486491e+01 3.980105105105105423e+01 2.855180180180180116e+01
1.500563063063063041e+01 3.969181681681681795e+01 2.850037537537537702e+01
1.505217717717717640e+01 3.973836336336336217e+01 2.854692192192192124e+01
1.509346846846846901e+01 3.973611111111111427e+01 2.856418918918918948e+01
1.505743243243243157e+01 3.970007507507507682e+01 2.839602102102102066e+01
1.502590090090090058e+01 3.966854354354354228e+01 2.847184684684684797e+01
1.501914414414414445e+01 3.964226726726726469e+01 2.845007507507507682e+01
1.505367867867867915e+01 3.967680180180180116e+01 2.850412912912912944e+01
1.505330330330330391e+01 3.967642642642642414e+01 2.844594594594594739e+01
1.470870870870870917e+01 3.953153153153153454e+01 2.853153153153153099e+01
1.484496996996996998e+01 3.966779279279279535e+01 2.866779279279279180e+01
1.487650150150150097e+01 3.969932432432432279e+01 2.869932432432432279e+01
1.498160660660660604e+01 3.980142642642642414e+01 2.874361861861861911e+01
1.500825825825825888e+01 3.982807807807807876e+01 2.863813813813813880e+01
1.504692192192192124e+01 3.986373873873873919e+01 2.867379879879879923e+01
1.511036036036036023e+01 3.992717717717717818e+01 2.873723723723723822e+01
1.519632132132132085e+01 4.001313813813813880e+01 2.872635135135135087e+01
1.517304804804804874e+01 3.998536036036036023e+01 2.854241741741741833e+01
1.514301801801801872e+01 3.995533033033033377e+01 2.850187687687687799e+01
1.505180180180180116e+01 3.986411411411411621e+01 2.841066066066066043e+01
1.500225225225225145e+01 3.979804804804804519e+01 2.846996996996996998e+01
1.511223723723723644e+01 3.990803303303303551e+01 2.849887387387387250e+01
1.510623123123123079e+01 3.990202702702702453e+01 2.849361861861861911e+01
1.513100600600600565e+01 3.992379879879879923e+01 2.862274774774774855e+01
1.514339339339339396e+01 3.989264264264264170e+01 2.860210210210210136e+01
1.511336336336336394e+01 3.986261261261261524e+01 2.852402402402402259e+01
1.511148648648648596e+01 3.986073573573573725e+01 2.871283783783783861e+01
1.515728228228228147e+01 3.990653153153153454e+01 2.861524024024024015e+01
1.517079579579579551e+01 3.989902402402402259e+01 2.873686186186186120e+01
1.512349849849849903e+01 3.985172672672672434e+01 2.868956456456456294e+01
1.529204204204204132e+01 3.986186186186186120e+01 2.874136636636636766e+01
1.529617117117117076e+01 3.983145645645645772e+01 2.872222222222222143e+01
1.527740240240240155e+01 3.980367867867867915e+01 2.869594594594594739e+01
1.520608108108108070e+01 3.987424924924924596e+01 2.873911411411411265e+01
1.522935435435435458e+01 3.989752252252252163e+01 2.876013513513513686e+01
1.521584084084084054e+01 3.986448948948948612e+01 2.872710210210210136e+01
1.524136636636636588e+01 3.989001501501501679e+01 2.875262762762762847e+01
1.511824324324324387e+01 3.992304804804804519e+01 2.881268768768768851e+01
1.509797297297297369e+01 3.990277777777777857e+01 2.879241741741741833e+01
1.524699699699699629e+01 3.987162162162162105e+01 2.877552552552552712e+01
1.534159159159159103e+01 3.994669669669669787e+01 2.885060060060060039e+01
1.534797297297297369e+01 3.995307807807807876e+01 2.885698198198198128e+01
1.537725225225225145e+01 3.998235735735735830e+01 2.890127627627627760e+01
1.535585585585585555e+01 3.996096096096096062e+01 2.888513513513513686e+01
1.538701201201201130e+01 3.997409909909909942e+01 2.882845345345345223e+01
1.533896396396396433e+01 3.995007507507507682e+01 2.886223723723723822e+01
1.537312312312312379e+01 3.996321321321321562e+01 2.882057057057057037e+01
1.540615615615615575e+01 3.999624624624624403e+01 2.880330330330330213e+01
1.544106606606606569e+01 4.003716216216216139e+01 2.884572072072072046e+01
1.538776276276276356e+01 3.998385885885885926e+01 2.864301801801801872e+01
1.540315315315315381e+01 3.997222222222222143e+01 2.883708708708708812e+01
1.539827327327327389e+01 3.996734234234234151e+01 2.892454954954954971e+01
1.538288288288288364e+01 3.995195195195195481e+01 2.880555555555555713e+01
1.526651651651651598e+01 4.005030030030030019e+01 2.895870870870870917e+01
1.543656156156156101e+01 4.013626126126126081e+01 2.904466966966966979e+01
1.558596096096096062e+01 4.024211711711711814e+01 2.894632132132132085e+01
1.556343843843843899e+01 4.021959459459459651e+01 2.898160660660660781e+01
1.543055555555555536e+01 4.007319819819819884e+01 2.898160660660660781e+01
1.533671171171171110e+01 4.014151651651651775e+01 2.905292792792792866e+01
1.528490990990990994e+01 4.008971471471471659e+01 2.900112612612612750e+01
1.556156156156156101e+01 4.019819819819819884e+01 2.878378378378378244e+01
1.546621621621621578e+01 4.006531531531531698e+01 2.889339339339339219e+01
1.552364864864864913e+01 4.006268768768768496e+01 2.897184684684684797e+01
1.556756756756756843e+01 4.011711711711711814e+01 2.907882882882882924e+01
1.544744744744744658e+01 3.999699699699699806e+01 2.895870870870870917e+01
1.550000000000000000e+01 4.004954954954954616e+01 2.895345345345345223e+01
1.548460960960960975e+01 3.998010510510510329e+01 2.888400900900900936e+01
1.544181681681681617e+01 4.002139639639639768e+01 2.881343843843843899e+01
1.543993993993993996e+01 4.000450450450450290e+01 2.885435435435435281e+01
1.510810810810810878e+01 3.973873873873873919e+01 2.865465465465465300e+01
1.510885885885885926e+01 3.993168168168168108e+01 2.884759759759759845e+01
1.514902402402402437e+01 3.997184684684684441e+01 2.888776276276276178e+01
1.517417417417417447e+01 3.999699699699699806e+01 2.891291291291291188e+01
1.524249249249249161e+01 4.006831831831831892e+01 2.906831831831831892e+01
1.531944444444444464e+01 4.014527027027027373e+01 2.899887387387387250e+01
1.526501501501501501e+01 4.009084084084084054e+01 2.894444444444444287e+01
1.531306306306306375e+01 4.013888888888888573e+01 2.899249249249249161e+01
1.523198198198198128e+01 4.005780780780780503e+01 2.891141141141141091e+01
1.524324324324324387e+01 4.006606606606606391e+01 2.906606606606606746e+01
1.502515015015015010e+01 3.993205705705705810e+01 2.893205705705705810e+01
1.501989489489489493e+01 3.992680180180180116e+01 2.892680180180180116e+01
1.506081081081081052e+01 3.993618618618618399e+01 2.893618618618618754e+01
1.512537537537537524e+01 4.001276276276276178e+01 2.901276276276276178e+01
1.523836336336336394e+01 4.012575075075075404e+01 2.912575075075075048e+01
1.524662162162162105e+01 4.007995495495495675e+01 2.907995495495495319e+01
1.528903903903903938e+01 4.012237237237237508e+01 2.912237237237237153e+01
1.528716216216216139e+01 4.012049549549549710e+01 2.912049549549549710e+01
1.535472972972972983e+01 4.018806306306306197e+01 2.918806306306306197e+01
1.541516516516516511e+01 4.024549549549549710e+01 2.924549549549549710e+01
1.532282282282282360e+01 4.015315315315315559e+01 2.915315315315315203e+01
1.538475975975975985e+01 4.021509009009009361e+01 2.921509009009009006e+01
1.531606606606606569e+01 4.014639639639639768e+01 2.901426426426426275e+01
1.536373873873873919e+01 4.019106606606606391e+01 2.909647147147147095e+01
1.535810810810810878e+01 4.018543543543543706e+01 2.909084084084084054e+01
1.517342342342342398e+01 4.000075075075075404e+01 2.881081081081081052e+01
1.514039039039039025e+01 4.000075075075075404e+01 2.881081081081081052e+01
1.521358858858858909e+01 4.007394894894894577e+01 2.865503003003003002e+01
1.512274774774774855e+01 4.008746246246246159e+01 2.836599099099099064e+01
1.512012012012012008e+01 4.008483483483483667e+01 2.842642642642642770e+01
1.498460960960960975e+01 3.994181681681681795e+01 2.826088588588588735e+01
1.517492492492492495e+01 4.006381381381381601e+01 2.839039039039039025e+01
1.512349849849849903e+01 4.000337837837837895e+01 2.863025525525525694e+01
1.516629129129129083e+01 4.005818318318318205e+01 2.882695195195195126e+01
1.522635135135135087e+01 4.011824324324324209e+01 2.899436936936936959e+01
1.522409909909909942e+01 4.008145645645645772e+01 2.894707207207207134e+01
1.515315315315315381e+01 4.001051051051051388e+01 2.887612612612612750e+01
1.515427927927927954e+01 4.001163663663663783e+01 2.888175675675675791e+01
1.514076576576576549e+01 4.015427927927927954e+01 2.902439939939939961e+01
1.541779279279279358e+01 4.021208708708708457e+01 2.908220720720720820e+01
1.536073573573573547e+01 4.015503003003003357e+01 2.909121621621621756e+01
1.537387387387387427e+01 4.016816816816816527e+01 2.910435435435435281e+01
1.527740240240240155e+01 4.007169669669669787e+01 2.900788288288288186e+01
1.543618618618618576e+01 4.020045045045045384e+01 2.913213213213213137e+01
1.525300300300300371e+01 4.010585585585585733e+01 2.903753753753753841e+01
1.528528528528528518e+01 4.014114114114114074e+01 2.908033033033033021e+01
1.536524024024024015e+01 4.022109609609609748e+01 2.909196696696696804e+01
1.535885885885885926e+01 4.023873873873873919e+01 2.914789789789789864e+01
1.536786786786786863e+01 4.024774774774774500e+01 2.915690690690690801e+01
1.528941441441441462e+01 4.024737237237237508e+01 2.907169669669669787e+01
1.513063063063063041e+01 4.027477477477477663e+01 2.922222222222222143e+01
1.520120120120120077e+01 4.032282282282282182e+01 2.927027027027027017e+01
1.518393393393393431e+01 4.022747747747747837e+01 2.920720720720720820e+01
1.520307807807807876e+01 4.031569069069069400e+01 2.930217717717717818e+01
1.532620120120120077e+01 4.036524024024024015e+01 2.933821321321321207e+01
1.523611111111111072e+01 4.028941441441441640e+01 2.925037537537537702e+01
1.523986486486486491e+01 4.029016516516516333e+01 2.919632132132132085e+01
1.554466966966966979e+01 4.042454954954954616e+01 2.921509009009009006e+01
1.546171171171171110e+01 4.033258258258258167e+01 2.911261261261261168e+01
1.530217717717717640e+01 4.022560060060060039e+01 2.893280780780780859e+01
1.524061561561561540e+01 4.006343843843843899e+01 2.859722222222222143e+01
1.531944444444444464e+01 4.014226726726726469e+01 2.867605105105105068e+01
1.533370870870870917e+01 4.015052552552552356e+01 2.850412912912912944e+01
1.527552552552552534e+01 4.023948948948948612e+01 2.921546546546546708e+01
1.529729729729729648e+01 4.026126126126126081e+01 2.909534534534534700e+01
1.528716216216216139e+01 4.025112612612612395e+01 2.921734234234234151e+01
1.513100600600600565e+01 4.009496996996996643e+01 2.903716216216216139e+01
1.525938438438438460e+01 4.022334834834834538e+01 2.917004504504504681e+01
1.535285285285285362e+01 4.016441441441441640e+01 2.883933933933933957e+01
1.537312312312312379e+01 4.018731231231231504e+01 2.880480480480480310e+01
1.535060060060060039e+01 4.015540540540540349e+01 2.897297297297297192e+01
1.543318318318318383e+01 4.023798798798798515e+01 2.879204204204204132e+01
1.551726726726726646e+01 4.030255255255255520e+01 2.863288288288288186e+01
1.549061561561561540e+01 4.027590090090090058e+01 2.880593093093093060e+01
1.542379879879879923e+01 4.021659159159159458e+01 2.894181681681681795e+01
1.533971471471471482e+01 4.013250750750750484e+01 2.885773273273273176e+01
1.545795795795795868e+01 4.025075075075075404e+01 2.923048048048048031e+01
1.542042042042042027e+01 4.022522522522522337e+01 2.920720720720720820e+01
1.539001501501501501e+01 4.018581081081081408e+01 2.916779279279279180e+01
1.537424924924924952e+01 4.018205705705705810e+01 2.915953453453453292e+01
1.536411411411411443e+01 4.019594594594594383e+01 2.903153153153153099e+01
1.537049549549549532e+01 4.020232732732732472e+01 2.903791291291291188e+01
1.529316816816816882e+01 4.012500000000000000e+01 2.912424924924924952e+01
1.531794294294294367e+01 4.014977477477477663e+01 2.899286786786786863e+01
1.529692192192192124e+01 4.013175675675675791e+01 2.897484984984984990e+01
1.509159159159159103e+01 4.005855855855855907e+01 2.890465465465465300e+01
1.505705705705705633e+01 4.002402402402402259e+01 2.902627627627627760e+01
1.501238738738738654e+01 4.013551051051051388e+01 2.913776276276276178e+01
1.507132132132132085e+01 4.017942942942942608e+01 2.918168168168168108e+01
1.504129129129129083e+01 4.014339339339339574e+01 2.901576576576576727e+01
1.486186186186186120e+01 3.996396396396396256e+01 2.887912912912912944e+01
1.501839339339339396e+01 4.000638138138138089e+01 2.890202702702702808e+01
1.512612612612612573e+01 4.003003003003003357e+01 2.892567567567567721e+01
1.511186186186186120e+01 4.001876876876876565e+01 2.893093093093093060e+01
1.532207207207207134e+01 4.000975975975975985e+01 2.893843843843843899e+01
1.524099099099099064e+01 3.992867867867867915e+01 2.898948948948948967e+01
1.520533033033033021e+01 3.989752252252252163e+01 2.895833333333333215e+01
1.529466966966966979e+01 3.998686186186186120e+01 2.904767267267267172e+01
1.519406906906906940e+01 3.988626126126126081e+01 2.849211711711711814e+01
1.525563063063063041e+01 3.992980480480480310e+01 2.853566066066066043e+01
1.536899399399399435e+01 4.004316816816816527e+01 2.866854354354354228e+01
1.542717717717717640e+01 4.006531531531531698e+01 2.858333333333333215e+01
1.532169669669669609e+01 3.996584084084084054e+01 2.867004504504504681e+01
1.539226726726726646e+01 4.002740240240240155e+01 2.866478978978978986e+01
1.542042042042042027e+01 4.005555555555555713e+01 2.882507507507507682e+01
1.548460960960960975e+01 4.002665165165165462e+01 2.882770270270270174e+01
1.542342342342342398e+01 3.998648648648648418e+01 2.875300300300300194e+01
1.550788288288288364e+01 4.007094594594594383e+01 2.889527027027027017e+01
1.554091591591591559e+01 4.008145645645645772e+01 2.889827327327327211e+01
1.556118618618618576e+01 4.008220720720720465e+01 2.891403903903903938e+01
1.560810810810810878e+01 4.010060060060060039e+01 2.882432432432432279e+01
1.555855855855855907e+01 4.005105105105105423e+01 2.869069069069069045e+01
1.536373873873873919e+01 4.003490990990990639e+01 2.881869369369369238e+01
1.530743243243243157e+01 3.998385885885885926e+01 2.876689189189189122e+01
1.528040540540540526e+01 3.995683183183183473e+01 2.865578078078078050e+01
1.528566066066066043e+01 3.995007507507507682e+01 2.864902402402402259e+01
1.524812312312312379e+01 3.991253753753753841e+01 2.866704204204204132e+01
1.540165165165165106e+01 3.990465465465465655e+01 2.868993993993993996e+01
1.545120120120120077e+01 3.994069069069069400e+01 2.873048048048048031e+01
1.547259759759759845e+01 3.996208708708708457e+01 2.875713213213213137e+01
1.541629129129129083e+01 3.989076576576576372e+01 2.843506006006006004e+01
1.545120120120120077e+01 3.992567567567567721e+01 2.836336336336336217e+01
1.547409909909909942e+01 3.992905405405405617e+01 2.865878378378378244e+01
1.562049549549549532e+01 4.001914414414414267e+01 2.873348348348348225e+01
1.555255255255255342e+01 3.995270270270270174e+01 2.866779279279279180e+01
1.550262762762762847e+01 3.992905405405405617e+01 2.858896396396396256e+01
1.548273273273273354e+01 3.990315315315315559e+01 2.843093093093093060e+01
1.531343843843843899e+01 3.995157657657657779e+01 2.881268768768768851e+01
1.525938438438438460e+01 3.989752252252252163e+01 2.875863363363363234e+01
1.524136636636636588e+01 3.987049549549549710e+01 2.858070570570570723e+01
1.518693693693693625e+01 3.979204204204204132e+01 2.844444444444444287e+01
1.516779279279279358e+01 3.977289789789789864e+01 2.856869369369369238e+01
1.525262762762762847e+01 3.982620120120120077e+01 2.846959459459459296e+01
1.524436936936936959e+01 3.981493993993993996e+01 2.860022522522522692e+01
1.514226726726726646e+01 3.991929429429429632e+01 2.856569069069069045e+01
1.509084084084084054e+01 3.985660660660660426e+01 2.833108108108108070e+01
1.507357357357357408e+01 3.975975975975975985e+01 2.850450450450450290e+01
1.504729729729729648e+01 3.969669669669669787e+01 2.844894894894894932e+01
1.519256756756756843e+01 3.984346846846846546e+01 2.836373873873873919e+01
1.534759759759759845e+01 4.001351351351351582e+01 2.862087087087087056e+01
1.545082582582582553e+01 4.012500000000000000e+01 2.804241741741741833e+01
1.531756756756756843e+01 3.998573573573573725e+01 2.794894894894894932e+01
1.525487987987987992e+01 3.991103603603603744e+01 2.787424924924924952e+01
1.523048048048048031e+01 3.987162162162162105e+01 2.799774774774774855e+01
1.532845345345345400e+01 3.995195195195195481e+01 2.808145645645645772e+01
1.542454954954954971e+01 4.001463963963963977e+01 2.810848348348348225e+01
1.529954954954954971e+01 3.988363363363363590e+01 2.804429429429429277e+01
1.520983483483483489e+01 3.979391891891891930e+01 2.823085585585585733e+01
1.527965465465465478e+01 3.985322822822822530e+01 2.824962462462462298e+01
1.494444444444444464e+01 3.958858858858858554e+01 2.804054054054054035e+01
1.500938438438438460e+01 3.965352852852852550e+01 2.811599099099099064e+01
1.508783783783783861e+01 3.972897897897897934e+01 2.811261261261261168e+01
1.504316816816816882e+01 3.962124624624624403e+01 2.804917417417417269e+01
1.506118618618618576e+01 3.961373873873873919e+01 2.827064564564564719e+01
1.523536036036036023e+01 3.974436936936936604e+01 2.845533033033033021e+01
1.517755255255255342e+01 3.971208708708708457e+01 2.873010510510510684e+01
1.530555555555555536e+01 3.976276276276276178e+01 2.847072072072072046e+01
1.535585585585585555e+01 3.981156156156156101e+01 2.854504504504504681e+01
1.531831831831831892e+01 3.975300300300300194e+01 2.854054054054054035e+01
1.536373873873873919e+01 3.978040540540540349e+01 2.861824324324324209e+01
1.533671171171171110e+01 3.975337837837837895e+01 2.817229729729729826e+01
1.531644144144144093e+01 3.973310810810810523e+01 2.839376876876876921e+01
1.530780780780780859e+01 3.970120120120120077e+01 2.848273273273273176e+01
1.520232732732732650e+01 3.977214714714714461e+01 2.832394894894894932e+01
1.524549549549549532e+01 3.979204204204204132e+01 2.836373873873873919e+01
1.533333333333333393e+01 3.989264264264264170e+01 2.812087087087087056e+01
1.524774774774774855e+01 3.979654654654654422e+01 2.809984984984984990e+01
1.521659159159159103e+01 3.980593093093093415e+01 2.829917417417417269e+01
1.534196696696696627e+01 3.985472972972972627e+01 2.836824324324324209e+01
1.534534534534534522e+01 3.983258258258258167e+01 2.835810810810810878e+01
1.537800300300300371e+01 3.981869369369369593e+01 2.812349849849849903e+01
1.539001501501501501e+01 3.983070570570570368e+01 2.813100600600600742e+01
1.539451951951951969e+01 3.983746246246246159e+01 2.817304804804804874e+01
1.524286786786786863e+01 3.968280780780780503e+01 2.804091591591591737e+01
1.529917417417417447e+01 3.974061561561561717e+01 2.809647147147147095e+01
1.539301801801801872e+01 3.982695195195195481e+01 2.836674174174174112e+01
1.535097597597597563e+01 3.977590090090090058e+01 2.847560060060060039e+01
1.526463963963963977e+01 3.968806306306306197e+01 2.838250750750750839e+01
1.518543543543543528e+01 3.981381381381381601e+01 2.850000000000000000e+01
1.510735735735735652e+01 3.971321321321321562e+01 2.842267267267267172e+01
1.508220720720720642e+01 3.943055555555555713e+01 2.742830330330330213e+01
1.516028528528528518e+01 3.948235735735735830e+01 2.761336336336336217e+01
1.531081081081081052e+01 3.963288288288288186e+01 2.776388888888888928e+01
1.510210210210210136e+01 3.950600600600600387e+01 2.748198198198198128e+01
1.509534534534534522e+01 3.949399399399399613e+01 2.754542042042042027e+01
1.517717717717717640e+01 3.956906906906906585e+01 2.777927927927927954e+01
1.505593093093093060e+01 3.954542042042042027e+01 2.783033033033033021e+01
1.513588588588588557e+01 3.956606606606606391e+01 2.801238738738738832e+01
1.517530030030030019e+01 3.968055555555555713e+01 2.805818318318318205e+01
1.489939939939939961e+01 3.957432432432432279e+01 2.793243243243243157e+01
1.489226726726726646e+01 3.957469969969969981e+01 2.793205705705705810e+01
1.488888888888888928e+01 3.958408408408408263e+01 2.809121621621621756e+01
1.490615615615615575e+01 3.969444444444444287e+01 2.836448948948948967e+01
1.456606606606606569e+01 3.953603603603603744e+01 2.835585585585585733e+01
1.444294294294294367e+01 3.942042042042042027e+01 2.762537537537537702e+01
1.444707207207207134e+01 3.943506006006006004e+01 2.761899399399399258e+01
1.458295795795795868e+01 3.953190690690690445e+01 2.759947447447447288e+01
1.471584084084084054e+01 3.960848348348348225e+01 2.778678678678678793e+01
1.479054054054054035e+01 3.968618618618618399e+01 2.803566066066066043e+01
1.476539039039039025e+01 3.949136636636636410e+01 2.800525525525525694e+01
1.485285285285285362e+01 3.948873873873873919e+01 2.797935435435435281e+01
1.481118618618618576e+01 3.936599099099099419e+01 2.774174174174174112e+01
1.487912912912912944e+01 3.945120120120120077e+01 2.766216216216216139e+01
1.489902402402402437e+01 3.944557057057057392e+01 2.791704204204204132e+01
1.488063063063063041e+01 3.938963963963963977e+01 2.781456456456456294e+01
1.495570570570570545e+01 3.939114114114114074e+01 2.780180180180180116e+01
1.490878378378378422e+01 3.932770270270270174e+01 2.775337837837837895e+01
1.491891891891891930e+01 3.936636636636636410e+01 2.787537537537537702e+01
1.490427927927927954e+01 3.935322822822822530e+01 2.790578078078078050e+01
1.476876876876876921e+01 3.929729729729729826e+01 2.783783783783783861e+01
1.470608108108108070e+01 3.920908408408408263e+01 2.770758258258258167e+01
1.472597597597597563e+01 3.922897897897897934e+01 2.793618618618618754e+01
1.475337837837837895e+01 3.927702702702702453e+01 2.804617117117117076e+01
1.463063063063063041e+01 3.925487987987987992e+01 2.791366366366366236e+01
1.465765765765765849e+01 3.926839339339339574e+01 2.808558558558558715e+01
1.454617117117117076e+01 3.918881381381381601e+01 2.802590090090090058e+01
1.455705705705705633e+01 3.913063063063063396e+01 2.797747747747747837e+01
1.442530030030030019e+01 3.911899399399399613e+01 2.777439939939939961e+01
1.454166666666666607e+01 3.924286786786786507e+01 2.788475975975975985e+01
1.451726726726726646e+01 3.925112612612612395e+01 2.718768768768768851e+01
1.481006006006006004e+01 3.932057057057057392e+01 2.720945945945945965e+01
1.490052552552552534e+01 3.940653153153153454e+01 2.701914414414414267e+01
1.489977477477477485e+01 3.930367867867867915e+01 2.701463963963963977e+01
1.499436936936936959e+01 3.939827327327327566e+01 2.749286786786786863e+01
1.510960960960960975e+01 3.951051051051051388e+01 2.761036036036036023e+01
1.498273273273273354e+01 3.937162162162162105e+01 2.801201201201201130e+01
1.500487987987987992e+01 3.940878378378378244e+01 2.778265765765765849e+01
1.497109609609609571e+01 3.936899399399399613e+01 2.772334834834834894e+01
1.504204204204204132e+01 3.944744744744744480e+01 2.775150150150150097e+01
1.501201201201201130e+01 3.941591591591591737e+01 2.800600600600600742e+01
1.510060060060060039e+01 3.946246246246246159e+01 2.813063063063063041e+01
1.514527027027027017e+01 3.950375375375375597e+01 2.801163663663663783e+01
1.505105105105105068e+01 3.938400900900900581e+01 2.777102102102102066e+01
1.502402402402402437e+01 3.936148648648648418e+01 2.765465465465465300e+01
1.508971471471471482e+01 3.942492492492492318e+01 2.773310810810810878e+01
1.503265765765765849e+01 3.937049549549549710e+01 2.741554054054054035e+01
1.517417417417417447e+01 3.953303303303303551e+01 2.729354354354354228e+01
1.501614114114114074e+01 3.933821321321321562e+01 2.741554054054054035e+01
1.510097597597597563e+01 3.939677177177177470e+01 2.769031531531531698e+01
1.486036036036036023e+01 3.933108108108108070e+01 2.759984984984984990e+01
1.463250750750750839e+01 3.910698198198198128e+01 2.710472972972972983e+01
1.457057057057057037e+01 3.925525525525525694e+01 2.753303303303303196e+01
1.456681681681681617e+01 3.925150150150150097e+01 2.765615615615615752e+01
1.462162162162162105e+01 3.931156156156156101e+01 2.803603603603603744e+01
1.469369369369369416e+01 3.938213213213213493e+01 2.767417417417417269e+01
1.497034534534534522e+01 3.943430930930930600e+01 2.773536036036036023e+01
1.501051051051051033e+01 3.947747747747747837e+01 2.794519519519519690e+01
1.472484984984984990e+01 3.934947447447447644e+01 2.799587087087087056e+01
1.475187687687687621e+01 3.935247747747747837e+01 2.801839339339339219e+01
1.486073573573573547e+01 3.946133633633633764e+01 2.813325825825825888e+01
1.500863363363363412e+01 3.957319819819819884e+01 2.827364864864864913e+01
1.503340840840840897e+01 3.959909909909909942e+01 2.817905405405405261e+01
1.509797297297297369e+01 3.965390390390390252e+01 2.828866366366366236e+01
1.500150150150150097e+01 3.955743243243243512e+01 2.805255255255255165e+01
1.496358858858858909e+01 3.955030030030030019e+01 2.780442942942942963e+01
1.497222222222222143e+01 3.953678678678678438e+01 2.769819819819819884e+01
1.505330330330330391e+01 3.959496996996996643e+01 2.788438438438438283e+01
1.489939939939939961e+01 3.961073573573573725e+01 2.770645645645645772e+01
1.482019519519519513e+01 3.952927927927927954e+01 2.761223723723723822e+01
1.485247747747747660e+01 3.954917417417417624e+01 2.786824324324324209e+01
1.487837837837837895e+01 3.957432432432432279e+01 2.786411411411411265e+01
1.475863363363363412e+01 3.961974474474474306e+01 2.794932432432432279e+01
1.484909909909909942e+01 3.961561561561561717e+01 2.800000000000000000e+01
1.489527027027027017e+01 3.961373873873873919e+01 2.805893393393393254e+01
1.491779279279279358e+01 3.961899399399399613e+01 2.820382882882882924e+01
1.498273273273273354e+01 3.967942942942942608e+01 2.826426426426426275e+01
1.496021021021021014e+01 3.965690690690690445e+01 2.834009009009009006e+01
1.502852852852852905e+01 3.972522522522522337e+01 2.839189189189189122e+01
1.498310810810810878e+01 3.969707207207207489e+01 2.830668168168168108e+01
1.502852852852852905e+01 3.965390390390390252e+01 2.835285285285285184e+01
1.483783783783783861e+01 3.954354354354354228e+01 2.828603603603603744e+01
1.475450450450450468e+01 3.953528528528528341e+01 2.825600600600600742e+01
1.479054054054054035e+01 3.957132132132132085e+01 2.834984984984984990e+01
1.481493993993993996e+01 3.953415915915915946e+01 2.794106606606606746e+01
1.492717717717717640e+01 3.963363363363363590e+01 2.805105105105105068e+01
1.486599099099099064e+01 3.956193693693693803e+01 2.800262762762762847e+01
1.482394894894894932e+01 3.953866366366366236e+01 2.795608108108108070e+01
1.496021021021021014e+01 3.967717717717717818e+01 2.801651651651651775e+01
1.503040540540540526e+01 3.967905405405405617e+01 2.846584084084084054e+01
1.512424924924924952e+01 3.977665165165165462e+01 2.825412912912912944e+01
1.502102102102102066e+01 3.958708708708708457e+01 2.798273273273273176e+01
1.512875375375375420e+01 3.970082582582582376e+01 2.806794294294294190e+01
1.515915915915915946e+01 3.970720720720720465e+01 2.808333333333333215e+01
1.516516516516516511e+01 3.978003003003003357e+01 2.817867867867867915e+01
1.506456456456456472e+01 3.982132132132132085e+01 2.821096096096096062e+01
1.509947447447447466e+01 3.985623123123123435e+01 2.825938438438438283e+01
1.515090090090090058e+01 3.985510510510510329e+01 2.827477477477477308e+01
1.488100600600600565e+01 3.987274774774774500e+01 2.840578078078078050e+01
1.489264264264264348e+01 3.986636636636636410e+01 2.840540540540540704e+01
1.500037537537537524e+01 3.985923423423423628e+01 2.841478978978978986e+01
1.501201201201201130e+01 3.990765765765765849e+01 2.848160660660660781e+01
1.490578078078078050e+01 3.987575075075075404e+01 2.834271771771771853e+01
1.493656156156156101e+01 3.990803303303303551e+01 2.819031531531531698e+01
1.510172672672672611e+01 3.991854354354354228e+01 2.862800300300300194e+01
1.512162162162162105e+01 3.993093093093093415e+01 2.866516516516516688e+01
1.511974474474474484e+01 3.992905405405405617e+01 2.866328828828828890e+01
1.516028528528528518e+01 3.991554054054054035e+01 2.878040540540540704e+01
1.519894894894894932e+01 3.994519519519519690e+01 2.882657657657657779e+01
1.519031531531531520e+01 3.998010510510510329e+01 2.881268768768768851e+01
1.517717717717717640e+01 3.994144144144144093e+01 2.873648648648648773e+01
1.479354354354354406e+01 3.977252252252252163e+01 2.861486486486486314e+01
1.486261261261261346e+01 3.983858858858858554e+01 2.850375375375375242e+01
1.516066066066066043e+01 3.998048048048048031e+01 2.850150150150150097e+01
1.518993993993993996e+01 4.000975975975975985e+01 2.872297297297297192e+01
1.514451951951951969e+01 3.996433933933933957e+01 2.866704204204204132e+01
1.534196696696696627e+01 4.005893393393393609e+01 2.877852852852852905e+01
1.527252252252252340e+01 3.994144144144144093e+01 2.865503003003003002e+01
1.526501501501501501e+01 3.989039039039039380e+01 2.867717717717717818e+01
1.534309309309309377e+01 3.998798798798798515e+01 2.873310810810810878e+01
1.513963963963963977e+01 3.980405405405405617e+01 2.853040540540540704e+01
1.511786786786786863e+01 3.978228228228228147e+01 2.842154654654654777e+01
1.518205705705705633e+01 3.984947447447447644e+01 2.832957957957957973e+01
1.512049549549549532e+01 3.983821321321321562e+01 2.849061561561561717e+01
1.514076576576576549e+01 3.985848348348348225e+01 2.853791291291291188e+01
1.520157657657657602e+01 3.989977477477477663e+01 2.867755255255255165e+01
1.522672672672672611e+01 3.993918918918918592e+01 2.871433933933933957e+01
1.523536036036036023e+01 3.991929429429429632e+01 2.872147147147147095e+01
1.518168168168168108e+01 3.987537537537537702e+01 2.868018018018018012e+01
1.525150150150150097e+01 3.991441441441441640e+01 2.883596096096096062e+01
1.531456456456456472e+01 3.995045045045045384e+01 2.887199699699699806e+01
1.538926426426426453e+01 4.001013513513513686e+01 2.882657657657657779e+01
1.529129129129129083e+01 3.993168168168168108e+01 2.872635135135135087e+01
1.525563063063063041e+01 3.992454954954954616e+01 2.840765765765765849e+01
1.527214714714714638e+01 4.002590090090090058e+01 2.839001501501501679e+01
1.540615615615615575e+01 4.013288288288288186e+01 2.766966966966966979e+01
1.538663663663663606e+01 4.012237237237237508e+01 2.781531531531531698e+01
1.536223723723723644e+01 4.005743243243243512e+01 2.798611111111111072e+01
1.528678678678678615e+01 3.998198198198198128e+01 2.825675675675675791e+01
1.499962462462462476e+01 4.009196696696696449e+01 2.841141141141141091e+01
1.496659159159159103e+01 4.005442942942942608e+01 2.858333333333333215e+01
1.468393393393393431e+01 3.996396396396396256e+01 2.846133633633633764e+01
1.487987987987987992e+01 4.007282282282282182e+01 2.879767267267267172e+01
1.496809309309309377e+01 3.993656156156156101e+01 2.857995495495495319e+01
1.512987987987987992e+01 4.001726726726726469e+01 2.885060060060060039e+01
1.508971471471471482e+01 3.997409909909909942e+01 2.879542042042042027e+01
1.521584084084084054e+01 4.009722222222222143e+01 2.865728228228228147e+01
1.527665165165165106e+01 4.000788288288288186e+01 2.853716216216216139e+01
1.527177177177177114e+01 4.003566066066066043e+01 2.823273273273273176e+01
1.529917417417417447e+01 4.000487987987987992e+01 2.822109609609609748e+01
1.543205705705705633e+01 4.013250750750750484e+01 2.831343843843843899e+01
1.539677177177177114e+01 4.007094594594594383e+01 2.847372372372372240e+01
1.540878378378378422e+01 4.005518018018018012e+01 2.852702702702702808e+01
1.526651651651651598e+01 3.993956456456456294e+01 2.837837837837837895e+01
1.529954954954954971e+01 3.990915915915915946e+01 2.868468468468468302e+01
1.539151651651651598e+01 3.992530030030030019e+01 2.842530030030030019e+01
1.550675675675675613e+01 4.000375375375375597e+01 2.866253753753753841e+01
1.547747747747747660e+01 3.999324324324324209e+01 2.857957957957957973e+01
1.553866366366366414e+01 4.006043543543543706e+01 2.856193693693693803e+01
1.522072072072072046e+01 4.016366366366366236e+01 2.875525525525525694e+01
1.520608108108108070e+01 4.016253753753753841e+01 2.858070570570570723e+01
1.523348348348348402e+01 4.016141141141141446e+01 2.855180180180180116e+01
1.532282282282282360e+01 4.024324324324324209e+01 2.879204204204204132e+01
1.535735735735735652e+01 4.027102102102102066e+01 2.883108108108108070e+01
1.516403903903903938e+01 4.018506006006006004e+01 2.872334834834834894e+01
1.511186186186186120e+01 4.018768768768768496e+01 2.881381381381381246e+01
1.519444444444444464e+01 4.026276276276276178e+01 2.890840840840840897e+01
1.509797297297297369e+01 4.013175675675675791e+01 2.866253753753753841e+01
1.513138138138138089e+01 4.012462462462462298e+01 2.871996996996996998e+01
1.511674174174174112e+01 4.014677177177177470e+01 2.878340840840840897e+01
1.507319819819819884e+01 4.009722222222222143e+01 2.875938438438438283e+01
1.485397897897897934e+01 3.985097597597597741e+01 2.857469969969969981e+01
1.499474474474474484e+01 3.990615615615615752e+01 2.878228228228228147e+01
1.497935435435435458e+01 3.986974474474474306e+01 2.875563063063063041e+01
1.497935435435435458e+01 3.986974474474474306e+01 2.875788288288288186e+01
1.512124624624624580e+01 3.999361861861861911e+01 2.889151651651651775e+01
1.515578078078078050e+01 4.002515015015015365e+01 2.892154654654654777e+01
1.505292792792792866e+01 3.992229729729729826e+01 2.865878378378378244e+01
1.502815315315315381e+01 3.988701201201201485e+01 2.849136636636636766e+01
1.515915915915915946e+01 4.000150150150150097e+01 2.860435435435435281e+01
1.517680180180180116e+01 4.001914414414414267e+01 2.878490990990990994e+01
1.519369369369369416e+01 4.001201201201201485e+01 2.861036036036036023e+01
1.527965465465465478e+01 4.009797297297297547e+01 2.869932432432432279e+01
1.532432432432432456e+01 4.013663663663663783e+01 2.888438438438438283e+01
1.529542042042042027e+01 4.010773273273273531e+01 2.901088588588588735e+01
1.519894894894894932e+01 3.997822822822822530e+01 2.888138138138138089e+01
1.525150150150150097e+01 4.003828828828828534e+01 2.894294294294294190e+01
1.521433933933933957e+01 4.002515015015015365e+01 2.878340840840840897e+01
1.509459459459459474e+01 4.006156156156156101e+01 2.898498498498498321e+01
1.491328828828828890e+01 3.995232732732732472e+01 2.887575075075075048e+01
1.487987987987987992e+01 4.000300300300300194e+01 2.892192192192192124e+01
1.490615615615615575e+01 4.002627627627627760e+01 2.884309309309309199e+01
1.501313813813813880e+01 4.012875375375375597e+01 2.895157657657657779e+01
1.476238738738738654e+01 4.005217717717717818e+01 2.884647147147147095e+01
1.493693693693693625e+01 4.014264264264264170e+01 2.877777777777777857e+01
1.496809309309309377e+01 4.008971471471471659e+01 2.874286786786786863e+01
1.497184684684684619e+01 4.009046546546546352e+01 2.834196696696696804e+01
1.488926426426426453e+01 4.009196696696696449e+01 2.832545045045045029e+01
1.494857357357357408e+01 4.011073573573573725e+01 2.835472972972972983e+01
1.490465465465465478e+01 4.002027027027027373e+01 2.824924924924924952e+01
1.499136636636636588e+01 4.012500000000000000e+01 2.839001501501501679e+01
1.506306306306306375e+01 4.019069069069069400e+01 2.849774774774774855e+01
1.508445945945945965e+01 4.021208708708708457e+01 2.851914414414414267e+01
1.515052552552552534e+01 4.027515015015015365e+01 2.858220720720720820e+01
1.516028528528528518e+01 4.029879879879879923e+01 2.865202702702702808e+01
1.510060060060060039e+01 4.023911411411411621e+01 2.859234234234234151e+01
1.537612612612612573e+01 4.022147147147147450e+01 2.887162162162162105e+01
1.526876876876876921e+01 4.010510510510510329e+01 2.872972972972972983e+01
1.545608108108108070e+01 4.025037537537537702e+01 2.891328828828828890e+01
1.517417417417417447e+01 4.007957957957957973e+01 2.871546546546546708e+01
1.521809309309309377e+01 4.012349849849849903e+01 2.875938438438438283e+01
1.526801801801801872e+01 4.017342342342342221e+01 2.872447447447447288e+01
1.529767267267267350e+01 4.016704204204204132e+01 2.871809309309309199e+01
1.511899399399399435e+01 4.016478978978978631e+01 2.863926426426426275e+01
1.514714714714714638e+01 4.015240240240240155e+01 2.864039039039039025e+01
1.509572072072072046e+01 4.003566066066066043e+01 2.868055555555555713e+01
1.504954954954954971e+01 4.002852852852852550e+01 2.867342342342342221e+01
1.514977477477477485e+01 4.012875375375375597e+01 2.877364864864864913e+01
1.515615615615615575e+01 4.011711711711711814e+01 2.868018018018018012e+01
1.527590090090090058e+01 4.018731231231231504e+01 2.879692192192192124e+01
1.526726726726726646e+01 4.017117117117117431e+01 2.871996996996996998e+01
1.516816816816816882e+01 4.006906906906906585e+01 2.867867867867867915e+01
1.518543543543543528e+01 4.008633633633633764e+01 2.859684684684684797e+01
1.501726726726726646e+01 3.995720720720720465e+01 2.880405405405405261e+01
1.514714714714714638e+01 4.006756756756756488e+01 2.891441441441441285e+01
1.521771771771771853e+01 4.012762762762762492e+01 2.897297297297297192e+01
1.522409909909909942e+01 4.012049549549549710e+01 2.896584084084084054e+01
1.529542042042042027e+01 4.019181681681681795e+01 2.903716216216216139e+01
1.529692192192192124e+01 4.016929429429429632e+01 2.915202702702702808e+01
1.534834834834834894e+01 4.022072072072072046e+01 2.900150150150150097e+01
1.535585585585585555e+01 4.022822822822822530e+01 2.878753753753753841e+01
1.503603603603603567e+01 4.003303303303303551e+01 2.877552552552552712e+01
1.515615615615615575e+01 4.014564564564564364e+01 2.870045045045045029e+01
1.519519519519519513e+01 4.018018018018018012e+01 2.881831831831831892e+01
1.527214714714714638e+01 4.025713213213213493e+01 2.908596096096096062e+01
1.522259759759759845e+01 4.020758258258258167e+01 2.863776276276276178e+01
1.519557057057057037e+01 4.018055555555555713e+01 2.861824324324324209e+01
1.508933933933933957e+01 4.007432432432432279e+01 2.851201201201201130e+01
1.510735735735735652e+01 4.006831831831831892e+01 2.881231231231231149e+01
1.521021021021021014e+01 4.017117117117117431e+01 2.897297297297297192e+01
1.536148648648648596e+01 4.023836336336336217e+01 2.904016516516516688e+01
1.529054054054054035e+01 4.016591591591591737e+01 2.908408408408408263e+01
1.525375375375375420e+01 4.011111111111111427e+01 2.902927927927927954e+01
1.529617117117117076e+01 4.012950450450450290e+01 2.904767267267267172e+01
1.535097597597597563e+01 4.018430930930930600e+01 2.895608108108108070e+01
1.532957957957957973e+01 4.016291291291291543e+01 2.902627627627627760e+01
1.530142642642642592e+01 4.010773273273273531e+01 2.898761261261261168e+01
1.541666666666666607e+01 4.022297297297297547e+01 2.909234234234234151e+01
1.544481981981981988e+01 4.022710210210210136e+01 2.909647147147147095e+01
1.547635135135135087e+01 4.024662162162162105e+01 2.912650150150150097e+01
1.551426426426426453e+01 4.028453453453453648e+01 2.916441441441441285e+01
1.528828828828828890e+01 4.014414414414414267e+01 2.903753753753753841e+01
1.525525525525525516e+01 4.011899399399399613e+01 2.875450450450450290e+01
1.529466966966966979e+01 4.015840840840840542e+01 2.877740240240240155e+01
1.534909909909909942e+01 4.020195195195195481e+01 2.911261261261261168e+01
1.524324324324324387e+01 4.009609609609609748e+01 2.900675675675675791e+01
1.521208708708708635e+01 4.010698198198198128e+01 2.894481981981981988e+01
1.520758258258258344e+01 4.010097597597597741e+01 2.893731231231231149e+01
1.532657657657657602e+01 4.021996996996996643e+01 2.868093093093093060e+01
1.536636636636636588e+01 4.025975975975975985e+01 2.872072072072072046e+01
1.538100600600600565e+01 4.028228228228228147e+01 2.857845345345345223e+01
1.543918918918918948e+01 4.032207207207207489e+01 2.865390390390390252e+01
1.546771771771771853e+01 4.035060060060060039e+01 2.868393393393393254e+01
1.532770270270270352e+01 4.025863363363363590e+01 2.871659159159159103e+01
1.531418918918918948e+01 4.024512012012012008e+01 2.872560060060060039e+01
1.511936936936936959e+01 4.020645645645645772e+01 2.873873873873873919e+01
1.524174174174174112e+01 4.019219219219219497e+01 2.888588588588588735e+01
1.527402402402402437e+01 4.022447447447447644e+01 2.888213213213213137e+01
1.523498498498498499e+01 4.018543543543543706e+01 2.873573573573573725e+01
1.527439939939939961e+01 4.022484984984984635e+01 2.888250750750750839e+01
1.541253753753753841e+01 4.028490990990990639e+01 2.894857357357357230e+01
1.530367867867867915e+01 4.017605105105105423e+01 2.878190690690690801e+01
1.535397897897897934e+01 4.023085585585585733e+01 2.883671171171171110e+01
1.542154654654654600e+01 4.029842342342342221e+01 2.868205705705705810e+01
1.542192192192192124e+01 4.029879879879879923e+01 2.879054054054054035e+01
1.533596096096096062e+01 4.019331831831831892e+01 2.856043543543543706e+01
1.531418918918918948e+01 4.014752252252252163e+01 2.859421921921921950e+01
1.536974474474474484e+01 4.018355855855855907e+01 2.848385885885885926e+01
1.540240240240240155e+01 4.021621621621621756e+01 2.855180180180180116e+01
1.532620120120120077e+01 4.014001501501501679e+01 2.863175675675675791e+01
1.522222222222222143e+01 4.003603603603603744e+01 2.848573573573573725e+01
1.519444444444444464e+01 4.000825825825825888e+01 2.865915915915915946e+01
1.523348348348348402e+01 4.004729729729729826e+01 2.878078078078078050e+01
1.524624624624624580e+01 4.006006006006006004e+01 2.879354354354354228e+01
1.534384384384384425e+01 4.015765765765765849e+01 2.888813813813813880e+01
1.539301801801801872e+01 4.019481981981981988e+01 2.877590090090090058e+01
1.543768768768768851e+01 4.020945945945945965e+01 2.893393393393393254e+01
1.542567567567567544e+01 4.019744744744744480e+01 2.892342342342342221e+01
1.532620120120120077e+01 4.013701201201201485e+01 2.871659159159159103e+01
1.515578078078078050e+01 4.012274774774774500e+01 2.883671171171171110e+01
1.528078078078078050e+01 4.025075075075075404e+01 2.867267267267267172e+01
1.529917417417417447e+01 3.988175675675675791e+01 2.859797297297297192e+01
1.523911411411411443e+01 4.003791291291291543e+01 2.859797297297297192e+01
1.509797297297297369e+01 4.005292792792792511e+01 2.852815315315315203e+01
1.520457957957957973e+01 4.013551051051051388e+01 2.859872372372372240e+01
1.509722222222222143e+01 4.002815315315315559e+01 2.896208708708708812e+01
1.498273273273273354e+01 3.993768768768768496e+01 2.887162162162162105e+01
1.477364864864864913e+01 3.991779279279279535e+01 2.885773273273273176e+01
1.497484984984984990e+01 3.995683183183183473e+01 2.893881381381381246e+01
1.525225225225225145e+01 4.001801801801801872e+01 2.854279279279279180e+01
1.529054054054054035e+01 4.005630630630630407e+01 2.840840840840840897e+01
1.523048048048048031e+01 3.999624624624624403e+01 2.834834834834834894e+01
1.523836336336336394e+01 4.000412912912912589e+01 2.817605105105105068e+01
1.513475975975975985e+01 3.991554054054054035e+01 2.826013513513513686e+01
1.525863363363363412e+01 4.002590090090090058e+01 2.856719219219219141e+01
1.520608108108108070e+01 3.997334834834834538e+01 2.873085585585585733e+01
1.522972972972972983e+01 3.999699699699699806e+01 2.856231231231231149e+01
1.519219219219219141e+01 3.995945945945945965e+01 2.852777777777777857e+01
1.519481981981981988e+01 3.996208708708708457e+01 2.872409909909909942e+01
1.521433933933933957e+01 4.000412912912912589e+01 2.886974474474474306e+01
1.523873873873873919e+01 4.000150150150150097e+01 2.878303303303303196e+01
1.521771771771771853e+01 3.998048048048048031e+01 2.857207207207207134e+01
1.519669669669669609e+01 3.992342342342342221e+01 2.852702702702702808e+01
1.522860360360360410e+01 3.995533033033033377e+01 2.855893393393393254e+01
1.529542042042042027e+01 4.002214714714714461e+01 2.847109609609609748e+01
1.522447447447447466e+01 3.995120120120120077e+01 2.821996996996996998e+01
1.520795795795795868e+01 3.993468468468468302e+01 2.857582582582582731e+01
1.513963963963963977e+01 3.989039039039039380e+01 2.858933933933933957e+01
1.516253753753753841e+01 3.991629129129129439e+01 2.877139639639639768e+01
1.525450450450450468e+01 4.000825825825825888e+01 2.880555555555555713e+01
1.516141141141141091e+01 3.991816816816816527e+01 2.862087087087087056e+01
1.518243243243243157e+01 3.991516516516516333e+01 2.877402402402402259e+01
1.509009009009009006e+01 3.982282282282282182e+01 2.848948948948948967e+01
1.529091591591591559e+01 3.996809309309309555e+01 2.873611111111111072e+01
1.529429429429429455e+01 3.997147147147147450e+01 2.873948948948948967e+01
1.537424924924924952e+01 4.000788288288288186e+01 2.877289789789789864e+01
1.538813813813813880e+01 4.002177177177177470e+01 2.878678678678678793e+01
1.522672672672672611e+01 3.992792792792792511e+01 2.886936936936936959e+01
1.528303303303303373e+01 3.998423423423423628e+01 2.877927927927927954e+01
1.513175675675675613e+01 3.983295795795795868e+01 2.857319819819819884e+01
1.511974474474474484e+01 3.982094594594594383e+01 2.856118618618618754e+01
1.512912912912912944e+01 3.983033033033033377e+01 2.862387387387387250e+01
1.518731231231231149e+01 3.988851351351351582e+01 2.862424924924924952e+01
1.511636636636636588e+01 3.984159159159159458e+01 2.831381381381381246e+01
1.515765765765765849e+01 3.985885885885885926e+01 2.814789789789789864e+01
1.518881381381381424e+01 3.991103603603603744e+01 2.827515015015015010e+01
1.523986486486486491e+01 3.996208708708708457e+01 2.813400900900900936e+01
1.520457957957957973e+01 3.991779279279279535e+01 2.775337837837837895e+01
1.526238738738738654e+01 3.997560060060060039e+01 2.781118618618618754e+01
1.528303303303303373e+01 3.994369369369369593e+01 2.855330330330330213e+01
1.531081081081081052e+01 3.998648648648648418e+01 2.861561561561561717e+01
1.527214714714714638e+01 3.994256756756756488e+01 2.862199699699699806e+01
1.531043543543543528e+01 3.999587087087087411e+01 2.833370870870870917e+01
1.541291291291291365e+01 3.993018018018018012e+01 2.862312312312312201e+01
1.533220720720720642e+01 3.983971471471471659e+01 2.859196696696696804e+01
1.531156156156156101e+01 3.981906906906906585e+01 2.857132132132132085e+01
1.532920420420420449e+01 3.982770270270270174e+01 2.857995495495495319e+01
1.546959459459459474e+01 3.996509009009009361e+01 2.871734234234234151e+01
1.550825825825825888e+01 4.000375375375375597e+01 2.874399399399399258e+01
1.537199699699699629e+01 4.005067567567567721e+01 2.877139639639639768e+01
1.527852852852852905e+01 3.995720720720720465e+01 2.867792792792792866e+01
1.510472972972972983e+01 3.973536036036036023e+01 2.770307807807807876e+01
1.525788288288288364e+01 3.991253753753753841e+01 2.816103603603603744e+01
1.508596096096096062e+01 3.989827327327327566e+01 2.823460960960960975e+01
1.505930930930930955e+01 3.987162162162162105e+01 2.836411411411411265e+01
1.511073573573573547e+01 3.990352852852852550e+01 2.863551051051051033e+01
1.515127627627627582e+01 3.994406906906906585e+01 2.867004504504504681e+01
1.505593093093093060e+01 3.984872372372372240e+01 2.857469969969969981e+01
1.506944444444444464e+01 3.986223723723723822e+01 2.858821321321321207e+01
1.512199699699699629e+01 3.991478978978978631e+01 2.848460960960960975e+01
1.509196696696696627e+01 3.990878378378378244e+01 2.866328828828828890e+01
1.512762762762762847e+01 3.992492492492492318e+01 2.861711711711711814e+01
1.522710210210210136e+01 4.001989489489489671e+01 2.855893393393393254e+01
1.523460960960960975e+01 4.000638138138138089e+01 2.836599099099099064e+01
1.513175675675675613e+01 3.991554054054054035e+01 2.829166666666666785e+01
1.528190690690690623e+01 3.992304804804804519e+01 2.842755255255255165e+01
1.528753753753753841e+01 3.992867867867867915e+01 2.843318318318318205e+01
1.521846846846846901e+01 3.985660660660660426e+01 2.836111111111111072e+01
1.528040540540540526e+01 3.991854354354354228e+01 2.879466966966966979e+01
1.517530030030030019e+01 3.982845345345345578e+01 2.870457957957957973e+01
1.527102102102102066e+01 3.991366366366366236e+01 2.879354354354354228e+01
1.528678678678678615e+01 3.986186186186186120e+01 2.866441441441441285e+01
1.522710210210210136e+01 3.980217717717717818e+01 2.843280780780780859e+01
1.518055555555555536e+01 3.977515015015015365e+01 2.842755255255255165e+01
1.508858858858858909e+01 3.977027027027027373e+01 2.858708708708708812e+01
1.528903903903903938e+01 3.980705705705705810e+01 2.866816816816816882e+01
1.516103603603603567e+01 3.983596096096096062e+01 2.843430930930930955e+01
1.528603603603603567e+01 3.994594594594594383e+01 2.847447447447447288e+01
1.525487987987987992e+01 3.993506006006006004e+01 2.829617117117117076e+01
1.519519519519519513e+01 3.986261261261261524e+01 2.836261261261261168e+01
1.530180180180180116e+01 3.982282282282282182e+01 2.836186186186186120e+01
1.530893393393393431e+01 3.985472972972972627e+01 2.805442942942942963e+01
1.529054054054054035e+01 3.988888888888888573e+01 2.791966966966966979e+01
1.528115615615615575e+01 3.987950450450450290e+01 2.809046546546546708e+01
1.528265765765765849e+01 3.985472972972972627e+01 2.843956456456456294e+01
1.527927927927927954e+01 3.983708708708708457e+01 2.843918918918918948e+01
1.532582582582582553e+01 3.971171171171171466e+01 2.833858858858858909e+01
1.525713213213213137e+01 3.983971471471471659e+01 2.846509009009009006e+01
1.522785285285285362e+01 3.981043543543543706e+01 2.849361861861861911e+01
1.516441441441441462e+01 3.974699699699699806e+01 2.832432432432432279e+01
1.525750750750750839e+01 3.984009009009009361e+01 2.841741741741741833e+01
1.518731231231231149e+01 3.976689189189189477e+01 2.840202702702702808e+01
1.514602102102102066e+01 3.987725225225225500e+01 2.851388888888888928e+01
1.510360360360360410e+01 3.991891891891891930e+01 2.850825825825825888e+01
1.509647147147147095e+01 3.989977477477477663e+01 2.848911411411411265e+01
1.503115615615615575e+01 3.983145645645645772e+01 2.842079579579579729e+01
1.504054054054054035e+01 3.985435435435435636e+01 2.866291291291291188e+01
1.531343843843843899e+01 3.986674174174174112e+01 2.854316816816816882e+01
1.501163663663663606e+01 3.982920420420420271e+01 2.849587087087087056e+01
1.499549549549549532e+01 3.981306306306306197e+01 2.847822822822822886e+01
1.502102102102102066e+01 3.984159159159159458e+01 2.853678678678678793e+01
1.497935435435435458e+01 3.978340840840840542e+01 2.841929429429429277e+01
1.500112612612612573e+01 3.980142642642642414e+01 2.844106606606606746e+01
1.502214714714714638e+01 3.982244744744744480e+01 2.862725225225225145e+01
1.514752252252252340e+01 3.983671171171171466e+01 2.864226726726726824e+01
1.519894894894894932e+01 3.988663663663663783e+01 2.875150150150150097e+01
1.515915915915915946e+01 3.984684684684684441e+01 2.856756756756756843e+01
1.504279279279279358e+01 3.973048048048048031e+01 2.862912912912912944e+01
1.495307807807807876e+01 3.972710210210210136e+01 2.846433933933933957e+01
1.488400900900900936e+01 3.980442942942942608e+01 2.852515015015015010e+01
1.484496996996996998e+01 3.976539039039039380e+01 2.833295795795795868e+01
1.443918918918918948e+01 3.958858858858858554e+01 2.824624624624624758e+01
1.449286786786786863e+01 3.964226726726726469e+01 2.820157657657657779e+01
1.459722222222222143e+01 3.974512012012012008e+01 2.830442942942942963e+01
1.457770270270270352e+01 3.972560060060060039e+01 2.846058558558558715e+01
1.460435435435435458e+01 3.975225225225225500e+01 2.848723723723723822e+01
1.465540540540540526e+01 3.979729729729729826e+01 2.853828828828828890e+01
1.484572072072072046e+01 3.984121621621621756e+01 2.858521021021021014e+01
1.498310810810810878e+01 3.988701201201201485e+01 2.863100600600600742e+01
1.507169669669669609e+01 3.997560060060060039e+01 2.866178678678678793e+01
1.512237237237237153e+01 4.002327327327327566e+01 2.870945945945945965e+01
1.520795795795795868e+01 4.010885885885885926e+01 2.879504504504504681e+01
1.526388888888888928e+01 4.004767267267267528e+01 2.879166666666666785e+01
1.523686186186186120e+01 4.010472972972972627e+01 2.904992492492492318e+01
1.517079579579579551e+01 3.999361861861861911e+01 2.893881381381381246e+01
1.519219219219219141e+01 4.001501501501501679e+01 2.894444444444444287e+01
1.514902402402402437e+01 3.996884384384384248e+01 2.889827327327327211e+01
1.507957957957957973e+01 3.989939939939939961e+01 2.885885885885885926e+01
1.524436936936936959e+01 3.998611111111111427e+01 2.893355855855855907e+01
1.530780780780780859e+01 4.004954954954954616e+01 2.899699699699699806e+01
1.510097597597597563e+01 4.000487987987987992e+01 2.892304804804804874e+01
1.491891891891891930e+01 3.990690690690690445e+01 2.882507507507507682e+01
1.496659159159159103e+01 3.995457957957957973e+01 2.887274774774774855e+01
1.515352852852852905e+01 4.005743243243243512e+01 2.882920420420420271e+01
1.511711711711711636e+01 4.001951951951951969e+01 2.878078078078078050e+01
1.507695195195195126e+01 3.997935435435435636e+01 2.891629129129129083e+01
1.509159159159159103e+01 3.992192192192192124e+01 2.888513513513513686e+01
1.517530030030030019e+01 3.996358858858858554e+01 2.877439939939939961e+01
1.508295795795795868e+01 4.003641141141141446e+01 2.883596096096096062e+01
1.503941441441441462e+01 4.000037537537537702e+01 2.879992492492492318e+01
1.504954954954954971e+01 4.001051051051051388e+01 2.881756756756756843e+01
1.500788288288288364e+01 3.999512012012012008e+01 2.885022522522522692e+01
1.504917417417417447e+01 4.004166666666666430e+01 2.883746246246246159e+01
1.490427927927927954e+01 4.008746246246246159e+01 2.894106606606606746e+01
1.467905405405405439e+01 4.004241741741741833e+01 2.889602102102102066e+01
1.462575075075075048e+01 3.998310810810810523e+01 2.885172672672672789e+01
1.469744744744744658e+01 4.012912912912912589e+01 2.899774774774774855e+01
1.475900900900900936e+01 4.011561561561561717e+01 2.900225225225225145e+01
1.459534534534534522e+01 4.012462462462462298e+01 2.902177177177177114e+01
1.439414414414414445e+01 3.994744744744744480e+01 2.884459459459459296e+01
1.455743243243243157e+01 4.008220720720720465e+01 2.892680180180180116e+01
1.424324324324324387e+01 4.016216216216216139e+01 2.900225225225225145e+01
1.421096096096096062e+01 4.025900900900900581e+01 2.908408408408408263e+01
1.436073573573573547e+01 4.026689189189189477e+01 2.909722222222222143e+01
1.426313813813813880e+01 4.022560060060060039e+01 2.905067567567567721e+01
1.440277777777777857e+01 4.035172672672672434e+01 2.917830330330330213e+01
1.442192192192192124e+01 4.031306306306306197e+01 2.914339339339339219e+01
1.437274774774774855e+01 4.043205705705705810e+01 2.925863363363363234e+01
1.440690690690690623e+01 4.046621621621621756e+01 2.929279279279279180e+01
1.464264264264264348e+01 4.048723723723723822e+01 2.925600600600600742e+01
1.462012012012012008e+01 4.041366366366366236e+01 2.917492492492492318e+01
1.470945945945945965e+01 4.049249249249249516e+01 2.924699699699699806e+01
1.491554054054054035e+01 4.056944444444444287e+01 2.933896396396396256e+01
1.504091591591591559e+01 4.061373873873873919e+01 2.952815315315315203e+01
1.490990990990990994e+01 4.057132132132132085e+01 2.948423423423423273e+01
1.493355855855855907e+01 4.061448948948948612e+01 2.952139639639639768e+01
1.480405405405405439e+01 4.051201201201201485e+01 2.940990990990990994e+01
1.491854354354354406e+01 4.062650150150150097e+01 2.952439939939939961e+01
1.490653153153153099e+01 4.052439939939939961e+01 2.942830330330330213e+01
1.519894894894894932e+01 4.060735735735735830e+01 2.951126126126126081e+01
1.518168168168168108e+01 4.055855855855855907e+01 2.946396396396396256e+01
1.546809309309309377e+01 4.046509009009009361e+01 2.931869369369369238e+01
1.542342342342342398e+01 4.049249249249249516e+01 2.936561561561561717e+01
1.555593093093093060e+01 4.062500000000000000e+01 2.949812312312312201e+01
1.543618618618618576e+01 4.050675675675675791e+01 2.937987987987987992e+01
1.551576576576576549e+01 4.058033033033033377e+01 2.945345345345345223e+01
1.550225225225225145e+01 4.056681681681681795e+01 2.943993993993993996e+01
1.542755255255255342e+01 4.047560060060060039e+01 2.933295795795795868e+01
1.514639639639639590e+01 4.045495495495495675e+01 2.929504504504504681e+01
1.522672672672672611e+01 4.040390390390390252e+01 2.927702702702702808e+01
1.519406906906906940e+01 4.046809309309309555e+01 2.946358858858858909e+01
1.517867867867867915e+01 4.045720720720720465e+01 2.944744744744744835e+01
1.514489489489489493e+01 4.041891891891891930e+01 2.941216216216216139e+01
1.527402402402402437e+01 4.054804804804804519e+01 2.954129129129129083e+01
1.530930930930930955e+01 4.058333333333333570e+01 2.957807807807807876e+01
1.535135135135135087e+01 4.062537537537537702e+01 2.962012012012012008e+01
1.547147147147147095e+01 4.065915915915915946e+01 2.966591591591591737e+01
1.545157657657657602e+01 4.063926426426426275e+01 2.956719219219219141e+01
1.539639639639639590e+01 4.062387387387387605e+01 2.965540540540540704e+01
1.522635135135135087e+01 4.062049549549549710e+01 2.965052552552552712e+01
1.515728228228228147e+01 4.079391891891891930e+01 2.976013513513513686e+01
1.537124624624624580e+01 4.083521021021021369e+01 2.980292792792792866e+01
1.529466966966966979e+01 4.071659159159159458e+01 2.961148648648648773e+01
1.502214714714714638e+01 4.066854354354354228e+01 2.955142642642642770e+01
1.487987987987987992e+01 4.066141141141141446e+01 2.946621621621621756e+01
1.487987987987987992e+01 4.065915915915915946e+01 2.947222222222222143e+01
1.487237237237237153e+01 4.061711711711711814e+01 2.944519519519519690e+01
1.478265765765765849e+01 4.066854354354354228e+01 2.949662162162162105e+01
1.497034534534534522e+01 4.064301801801801872e+01 2.947034534534534700e+01
1.515090090090090058e+01 4.071621621621621756e+01 2.969744744744744835e+01
1.531268768768768851e+01 4.067755255255255520e+01 2.972785285285285184e+01
1.526126126126126081e+01 4.067867867867867915e+01 2.971546546546546708e+01
1.521621621621621578e+01 4.063363363363363590e+01 2.967792792792792866e+01
1.529466966966966979e+01 4.060848348348348225e+01 2.970307807807807876e+01
1.490503003003003002e+01 4.065953453453453648e+01 2.966103603603603744e+01
1.495720720720720642e+01 4.071171171171171466e+01 2.971321321321321207e+01
1.486786786786786863e+01 4.065465465465465655e+01 2.967942942942942963e+01
1.486899399399399435e+01 4.065578078078078050e+01 2.948310810810810878e+01
1.486561561561561540e+01 4.072222222222222143e+01 2.955630630630630762e+01
1.493130630630630584e+01 4.069481981981981988e+01 2.952890390390390252e+01
1.478415915915915946e+01 4.067980480480480310e+01 2.951388888888888928e+01
1.499849849849849903e+01 4.076201201201201485e+01 2.959609609609609748e+01
1.483295795795795868e+01 4.070495495495495675e+01 2.953490990990990994e+01
1.503453453453453470e+01 4.079204204204204132e+01 2.948273273273273176e+01
1.507957957957957973e+01 4.080105105105105423e+01 2.949474474474474306e+01
1.525638138138138089e+01 4.077439939939939961e+01 2.940953453453453292e+01
1.518768768768768851e+01 4.081381381381381601e+01 2.942567567567567721e+01
1.526126126126126081e+01 4.088588588588588379e+01 2.950075075075075048e+01
1.531418918918918948e+01 4.087199699699699806e+01 2.960247747747747837e+01
1.531118618618618576e+01 4.088025525525525694e+01 2.961073573573573725e+01
1.530780780780780859e+01 4.081306306306306197e+01 2.969819819819819884e+01
1.539001501501501501e+01 4.089527027027027373e+01 2.978040540540540704e+01
1.547822822822822886e+01 4.095645645645645772e+01 2.986111111111111072e+01
1.548836336336336394e+01 4.096659159159159458e+01 2.987124624624624758e+01
1.534346846846846901e+01 4.085172672672672434e+01 2.978716216216216139e+01
1.549249249249249161e+01 4.084384384384384248e+01 2.978978978978978986e+01
1.547222222222222143e+01 4.094894894894894577e+01 2.986486486486486314e+01
1.550788288288288364e+01 4.098310810810810523e+01 2.989902402402402259e+01
1.547034534534534522e+01 4.093355855855855907e+01 2.986599099099099064e+01
1.540465465465465478e+01 4.110960960960960620e+01 2.994444444444444287e+01
1.534872372372372418e+01 4.105217717717717818e+01 2.989001501501501679e+01
1.546246246246246159e+01 4.080705705705705810e+01 2.980705705705705810e+01
1.535435435435435458e+01 4.093318318318318205e+01 2.985510510510510684e+01
1.557732732732732650e+01 4.103228228228228147e+01 2.996921921921921950e+01
1.558746246246246159e+01 4.095533033033033377e+01 2.970232732732732828e+01
1.583108108108108070e+01 4.119894894894894577e+01 3.013588588588588735e+01
1.556569069069069045e+01 4.093355855855855907e+01 2.972409909909909942e+01
1.572297297297297369e+01 4.086636636636636410e+01 2.972522522522522692e+01
1.550600600600600565e+01 4.064939939939939961e+01 2.950825825825825888e+01
1.509009009009009006e+01 4.056681681681681795e+01 2.944519519519519690e+01
1.512199699699699629e+01 4.061824324324324209e+01 2.965277777777777857e+01
1.508408408408408441e+01 4.065540540540540349e+01 2.968918918918918948e+01
1.510285285285285362e+01 4.066966966966966623e+01 2.969894894894894932e+01
1.518093093093093060e+01 4.086786786786786507e+01 2.982432432432432279e+01
1.535735735735735652e+01 4.088963963963963977e+01 2.984684684684684797e+01
1.567905405405405439e+01 4.098010510510510329e+01 2.993656156156156101e+01
1.559759759759759845e+01 4.089864864864864558e+01 2.993393393393393254e+01
1.543768768768768851e+01 4.097297297297297547e+01 2.992867867867867915e+01
1.539677177177177114e+01 4.092905405405405617e+01 2.988475975975975985e+01
1.541216216216216139e+01 4.087837837837837895e+01 2.972297297297297192e+01
1.552777777777777857e+01 4.090240240240240155e+01 2.959234234234234151e+01
1.560247747747747660e+01 4.097710210210210136e+01 2.915127627627627760e+01
1.549774774774774855e+01 4.109684684684684441e+01 2.919369369369369238e+01
1.560735735735735652e+01 4.120645645645645772e+01 2.941741741741741833e+01
1.565202702702702631e+01 4.125412912912912589e+01 2.962124624624624758e+01
1.574662162162162105e+01 4.136373873873873919e+01 2.981944444444444287e+01
1.576914414414414445e+01 4.138776276276276178e+01 2.984121621621621756e+01
1.590052552552552534e+01 4.130668168168168108e+01 2.993881381381381246e+01
1.586148648648648596e+01 4.118355855855855907e+01 2.984196696696696804e+01
1.592454954954954971e+01 4.124436936936936604e+01 2.990202702702702808e+01
1.594969969969969981e+01 4.125150150150150097e+01 2.970870870870870917e+01
1.606118618618618754e+01 4.136599099099099419e+01 2.957920420420420271e+01
1.604466966966966979e+01 4.123986486486486314e+01 2.963851351351351227e+01
1.600450450450450290e+01 4.119969969969969981e+01 2.959834834834834894e+01
1.547034534534534522e+01 4.133896396396396256e+01 2.970983483483483312e+01
1.539414414414414445e+01 4.134234234234234151e+01 2.953903903903903938e+01
1.540540540540540526e+01 4.132432432432432279e+01 2.959609609609609748e+01
1.553190690690690623e+01 4.130217717717717818e+01 2.952214714714714816e+01
1.531268768768768851e+01 4.121809309309309555e+01 2.949587087087087056e+01
1.528003003003003002e+01 4.118543543543543706e+01 2.970570570570570723e+01
1.530330330330330391e+01 4.120870870870870561e+01 2.972897897897897934e+01
1.532620120120120077e+01 4.123460960960960620e+01 2.996283783783783861e+01
1.529504504504504503e+01 4.124549549549549710e+01 2.997372372372372240e+01
1.537387387387387427e+01 4.135735735735735830e+01 3.010510510510510684e+01
1.530142642642642592e+01 4.128490990990990639e+01 2.994857357357357230e+01
1.533145645645645594e+01 4.131493993993993996e+01 2.994331831831831892e+01
1.535397897897897934e+01 4.123686186186186120e+01 2.976013513513513686e+01
1.551051051051051033e+01 4.130930930930930600e+01 2.972522522522522692e+01
1.544369369369369416e+01 4.124849849849849903e+01 2.963063063063063041e+01
1.521959459459459474e+01 4.115653153153153454e+01 2.998310810810810878e+01
1.522259759759759845e+01 4.115052552552552356e+01 2.998310810810810878e+01
1.543018018018018012e+01 4.118168168168168108e+01 3.008858858858858909e+01
1.550525525525525516e+01 4.105330330330330213e+01 3.004654654654654777e+01
1.569969969969969981e+01 4.096621621621621756e+01 2.958858858858858909e+01
1.584234234234234151e+01 4.107057057057057392e+01 2.917942942942942963e+01
1.600487987987987992e+01 4.109196696696696449e+01 2.952214714714714816e+01
1.602214714714714816e+01 4.110022522522522337e+01 2.963776276276276178e+01
1.612274774774774855e+01 4.120082582582582376e+01 2.944181681681681795e+01
1.608183183183183118e+01 4.128528528528528341e+01 2.999174174174174112e+01
1.607057057057057037e+01 4.119594594594594383e+01 2.992717717717717818e+01
1.586373873873873919e+01 4.117530030030030019e+01 3.003866366366366236e+01
1.591704204204204132e+01 4.109647147147147450e+01 2.943506006006006004e+01
1.554692192192192124e+01 4.115803303303303551e+01 2.974361861861861911e+01
1.540465465465465478e+01 4.118393393393393609e+01 2.985360360360360232e+01
1.538776276276276356e+01 4.117755255255255520e+01 2.970082582582582731e+01
1.568093093093093060e+01 4.131831831831831892e+01 2.985135135135135087e+01
1.548873873873873919e+01 4.134534534534534345e+01 2.981831831831831892e+01
1.547259759759759845e+01 4.148160660660660426e+01 2.994857357357357230e+01
1.550675675675675613e+01 4.151576576576576372e+01 2.989864864864864913e+01
1.571246246246246159e+01 4.134009009009009361e+01 2.974624624624624758e+01
1.568806306306306375e+01 4.115878378378378244e+01 2.956794294294294190e+01
1.589339339339339396e+01 4.124099099099099419e+01 2.938963963963963977e+01
1.602252252252252163e+01 4.117867867867867915e+01 2.946921921921921950e+01
1.626914414414414267e+01 4.124512012012012008e+01 2.964301801801801872e+01
1.611974474474474306e+01 4.109572072072072046e+01 2.956794294294294190e+01
1.620082582582582731e+01 4.115127627627627760e+01 2.928941441441441285e+01
1.605518018018018012e+01 4.104767267267267528e+01 2.911298798798798870e+01
1.613475975975975985e+01 4.109872372372372240e+01 2.936073573573573725e+01
1.615578078078078050e+01 4.110773273273273531e+01 2.938175675675675791e+01
1.594707207207207134e+01 4.112349849849849903e+01 2.955292792792792866e+01
1.590953453453453470e+01 4.108596096096096062e+01 2.983671171171171110e+01
1.592379879879879923e+01 4.110022522522522337e+01 2.986749249249249161e+01
1.600075075075075048e+01 4.111561561561561717e+01 2.977102102102102066e+01
1.604879879879879923e+01 4.111261261261261524e+01 2.950450450450450290e+01
1.603490990990990994e+01 4.106569069069069400e+01 2.940352852852852905e+01
1.607394894894894932e+01 4.110472972972972627e+01 2.952665165165165106e+01
1.617004504504504681e+01 4.116554054054054035e+01 2.984421921921921950e+01
1.606944444444444287e+01 4.106493993993993996e+01 2.982770270270270174e+01
1.607469969969969981e+01 4.117755255255255520e+01 2.994031531531531698e+01
1.592792792792792866e+01 4.127927927927927954e+01 2.952852852852852905e+01
1.604654654654654777e+01 4.129054054054054035e+01 2.962387387387387250e+01
1.610060060060060039e+01 4.131756756756756488e+01 2.972072072072072046e+01
1.606193693693693803e+01 4.128190690690690445e+01 2.968506006006006004e+01
1.607432432432432279e+01 4.124849849849849903e+01 2.954429429429429277e+01
1.579992492492492495e+01 4.125037537537537702e+01 2.954617117117117076e+01
1.580743243243243157e+01 4.123836336336336217e+01 2.930893393393393254e+01
1.596171171171171110e+01 4.119669669669669787e+01 2.923423423423423273e+01
1.592492492492492495e+01 4.115990990990990639e+01 2.913963963963963977e+01
1.598048048048048031e+01 4.121546546546546352e+01 2.935135135135135087e+01
1.614039039039039025e+01 4.122897897897897934e+01 2.962612612612612750e+01
1.610022522522522692e+01 4.118881381381381601e+01 2.976614114114114074e+01
1.607882882882882924e+01 4.108183183183183473e+01 2.943693693693693803e+01
1.608108108108108070e+01 4.108408408408408263e+01 2.952327327327327211e+01
1.607545045045045029e+01 4.107845345345345578e+01 2.951764264264264170e+01
1.606156156156156101e+01 4.106456456456456294e+01 2.950375375375375242e+01
1.613250750750750839e+01 4.113551051051051388e+01 2.975487987987987992e+01
1.616441441441441285e+01 4.116741741741741833e+01 2.978678678678678793e+01
1.621584084084084054e+01 4.119481981981981988e+01 2.975938438438438283e+01
1.614414414414414267e+01 4.120720720720720465e+01 2.969294294294294190e+01
1.637462462462462298e+01 4.124549549549549710e+01 2.947222222222222143e+01
1.638588588588588735e+01 4.125675675675675791e+01 2.965840840840840897e+01
1.657357357357357230e+01 4.133633633633633764e+01 2.962387387387387250e+01
1.645120120120120077e+01 4.121396396396396256e+01 2.942492492492492318e+01
1.638138138138138089e+01 4.126276276276276178e+01 2.970420420420420271e+01
1.635960960960960975e+01 4.123348348348348225e+01 2.953078078078078050e+01
1.638738738738738832e+01 4.125375375375375597e+01 2.937087087087087056e+01
1.635172672672672789e+01 4.121809309309309555e+01 2.933521021021021014e+01
1.620795795795795868e+01 4.126651651651651775e+01 2.938363363363363234e+01
1.622034534534534700e+01 4.127890390390390252e+01 2.957319819819819884e+01
