1.445327979308396209e+02 1.888827512008519989e+02 1.432897585255058743e+02
1.445299615292660178e+02 1.888802625573257501e+02 1.432862266078375910e+02
1.446060662044382639e+02 1.889425438501162944e+02 1.433427698928470591e+02
1.445803103740572624e+02 1.888939229281227483e+02 1.433158621139342301e+02
1.446051098698080750e+02 1.889020626399182845e+02 1.432257927796735544e+02
1.446175856897563392e+02 1.891098915429589908e+02 1.429985111608598345e+02
1.446724010519680803e+02 1.893162642091764667e+02 1.426233128300984561e+02
1.443996826707818002e+02 1.893759807863678759e+02 1.424083005498924024e+02
1.441304744723858278e+02 1.894472711860722995e+02 1.422565150296681225e+02
1.438269142993761989e+02 1.892110565324175582e+02 1.419528461822687007e+02
1.437136647177726161e+02 1.892107413766871673e+02 1.417394422830315932e+02
1.439587798039513871e+02 1.895627811949835859e+02 1.421134777978221564e+02
1.450652263687539403e+02 1.899794714077680453e+02 1.431641417983437918e+02
1.454870351452976536e+02 1.897887695885587505e+02 1.431307787606772592e+02
1.454531722054380793e+02 1.889666043600165324e+02 1.425964702558195256e+02
1.455606946466995453e+02 1.887978112977895648e+02 1.425437197070138495e+02
1.459895346562629186e+02 1.892107413766871673e+02 1.430087482883783707e+02
1.456548175356995500e+02 1.897354430654871749e+02 1.434093003542785141e+02
1.452095676932773927e+02 1.898723619291877753e+02 1.432642743810993409e+02
1.443663848377491377e+02 1.892379208415744642e+02 1.424502597317916184e+02
1.441164120063465930e+02 1.889827859766567428e+02 1.420179095394379374e+02
1.442431698146014867e+02 1.891954074202873244e+02 1.422709035188767359e+02
1.449914473255232679e+02 1.900365037275315672e+02 1.433659610076289539e+02
1.450936121193679469e+02 1.901360277337042817e+02 1.434563889673759434e+02
1.446280727683713963e+02 1.893706340063900484e+02 1.426273120476428460e+02
1.445643352387576215e+02 1.891576865395900882e+02 1.424014105935795271e+02
1.447133712969201724e+02 1.893181768784368160e+02 1.425696820187354774e+02
1.454243843595818078e+02 1.896850616183790237e+02 1.432215110087156802e+02
1.456400595535656066e+02 1.897902366928209688e+02 1.433138190354061123e+02
1.456538829359473084e+02 1.895854072029385691e+02 1.430486317894325055e+02
1.454357843030711308e+02 1.891402008302723345e+02 1.424911539046708242e+02
1.456641200634658446e+02 1.891776826273120378e+02 1.425656501988741240e+02
1.455082375187463413e+02 1.894649090395357405e+02 1.429180703775348320e+02
1.452448325327653151e+02 1.896362233476058918e+02 1.430540437740442030e+02
1.450154752331065708e+02 1.895353300441217925e+02 1.429700710730509172e+02
1.446560346888652191e+02 1.892007650677041397e+02 1.426292790540981059e+02
1.447035253972048849e+02 1.892730661392336344e+02 1.427282814231998032e+02
1.449701906148796979e+02 1.894626594796670247e+02 1.427879871329522530e+02
1.452691321263231146e+02 1.896380925471103467e+02 1.429537807820209139e+02
1.454040948510074145e+02 1.897067204242648302e+02 1.429978047773261665e+02
1.453930535330044052e+02 1.895795713882066593e+02 1.427807276837140478e+02
1.453750896563715855e+02 1.894444565193766437e+02 1.425817557434415050e+02
1.454183964007042107e+02 1.895457519181029795e+02 1.426924514768849690e+02
1.455462952900519440e+02 1.897271620769849392e+02 1.429474124627790275e+02
1.455507944097893755e+02 1.897396378969332034e+02 1.429097459192766735e+02
1.453586906909517609e+02 1.895432958768936373e+02 1.427412245430242024e+02
1.453361081527527290e+02 1.895374709296007438e+02 1.427448325327653151e+02
1.454057793040492186e+02 1.895807994088113162e+02 1.428054619748310188e+02
1.456114021169771036e+02 1.897866613053967626e+02 1.430738116455476074e+02
1.456836488513116876e+02 1.898567562868134360e+02 1.432050251037840383e+02
1.456413636462431214e+02 1.897430068030168115e+02 1.430983720576408871e+02
1.456544045730183257e+02 1.897037970831793814e+02 1.430266143580603853e+02
1.457916929296441992e+02 1.898670368840878950e+02 1.432365406768240916e+02
1.460281357995174858e+02 1.901492751418200839e+02 1.436326696950596613e+02
1.459566932556673748e+02 1.901532091547306038e+02 1.436097393988132751e+02
1.458388684822534742e+02 1.899510095850811808e+02 1.434335564780803622e+02
1.457472668390967101e+02 1.897958551587732927e+02 1.433557347475494055e+02
1.460391010454476373e+02 1.899061379295355323e+02 1.434424134408485259e+02
1.463993023104175393e+02 1.902247712404094955e+02 1.438187637201417033e+02
1.465443500184746597e+02 1.902826838227303483e+02 1.439550522723814936e+02
1.465853637331826462e+02 1.900215936012519364e+02 1.436640222565150395e+02
1.465136712382359860e+02 1.898111456454172128e+02 1.434467712838792295e+02
1.465859940446434280e+02 1.897571670760068798e+02 1.432033297833032748e+02
1.466818122541241962e+02 1.897751961572735695e+02 1.432417353126562318e+02
1.468470081940489820e+02 1.898835988610923948e+02 1.433618531156947427e+02
1.468992479732226286e+02 1.898397052750548823e+02 1.432699145819296120e+02
1.468597013627768604e+02 1.896221500141276692e+02 1.430424264817752942e+02
1.462179356212914740e+02 1.897526136190745376e+02 1.430059010193657798e+02
1.456888217522658522e+02 1.900166271816383698e+02 1.432119585298528648e+02
1.456024473472581349e+02 1.902851833336955849e+02 1.434728640048686259e+02
1.454200156491121163e+02 1.903982373013975575e+02 1.435393183942272231e+02
1.451146188789149960e+02 1.901034906214001694e+02 1.432666760851137724e+02
1.449966636962333553e+02 1.900356778021691468e+02 1.432225542828577147e+02
1.448299680497293878e+02 1.901746288769588489e+02 1.432894868395314063e+02
1.446194440218218062e+02 1.904639853072224867e+02 1.435264404790367223e+02
1.445690843095916023e+02 1.905664652567975850e+02 1.436256167271620825e+02
1.442178486817796568e+02 1.902688495729096587e+02 1.433077224021387224e+02
1.454047903671020947e+02 1.898863809254711157e+02 1.433415636071203494e+02
1.461673368254037371e+02 1.899604099197983089e+02 1.435391553826425195e+02
1.468067334651915985e+02 1.902896281162381342e+02 1.439511182594709737e+02
1.470744745593253526e+02 1.904281770957855997e+02 1.440548914342845990e+02
1.472124475646069186e+02 1.902992240648568725e+02 1.439509117781303758e+02
1.470265274185485396e+02 1.900348627442456859e+02 1.436142167836727594e+02
1.470551631202590670e+02 1.901472429307309540e+02 1.437499184942076624e+02
1.470540872438001259e+02 1.903085700623790899e+02 1.438922276076419848e+02
1.470750722684691993e+02 1.904686583059836096e+02 1.440194309808950379e+02
1.470913190897433083e+02 1.904399791345171593e+02 1.440270273207415812e+02
1.467691755960790374e+02 1.901934512812710523e+02 1.437759025408072375e+02
1.465146493077441505e+02 1.900317546566976148e+02 1.435404377404420870e+02
1.466793562129148540e+02 1.903291529918059553e+02 1.438657545262883275e+02
1.471396248560064350e+02 1.909326436132061247e+02 1.446291595122693252e+02
1.471006433523875785e+02 1.909085396335499638e+02 1.444602903779695282e+02
1.468323262839879249e+02 1.902498424221348046e+02 1.436952226738246736e+02
1.468660370797017833e+02 1.900490773544306649e+02 1.434522484731248255e+02
1.470158555934708318e+02 1.901352778804146908e+02 1.435221587080788481e+02
1.472159903497141897e+02 1.903276967549827248e+02 1.437399856549805577e+02
1.473882066552196193e+02 1.904442935077919401e+02 1.438414114629746337e+02
1.465952748375317753e+02 1.902238366406572538e+02 1.433935099654415524e+02
1.457360516420700378e+02 1.899866439174944048e+02 1.429441630985242000e+02
1.456650546632180578e+02 1.901035666934730273e+02 1.429909256884522506e+02
1.457709795909495938e+02 1.904166467430285365e+02 1.433208285335477967e+02
1.457831945923623778e+02 1.905411875937316495e+02 1.435015540437740356e+02
1.457893129605077149e+02 1.904682562107413730e+02 1.436532308896085510e+02
1.457453107000804096e+02 1.904390119324480111e+02 1.437310308852615890e+02
1.457634049859809977e+02 1.904781781825295184e+02 1.437920298202525657e+02
1.458613858158186360e+02 1.906494272859657997e+02 1.440331130865700118e+02
1.458993566476124215e+02 1.906659023234584538e+02 1.441083592340629025e+02
1.463225999261014181e+02 1.905544350018474518e+02 1.441838662000912734e+02
1.466540785498489470e+02 1.904498032993544712e+02 1.441628703079832121e+02
1.469579104088330439e+02 1.904845791040883398e+02 1.443597665674107304e+02
1.471145319394031503e+02 1.905522071768567116e+02 1.445119107131213525e+02
1.471299419678758511e+02 1.905777456584581273e+02 1.445099980438609748e+02
1.470071507748484123e+02 1.905696602838575018e+02 1.443904670825273229e+02
1.469429676802364781e+02 1.906749657675672154e+02 1.444732769675498218e+02
1.468735573474754972e+02 1.908000825925362562e+02 1.445715077484839810e+02
1.467360625095089972e+02 1.908536155969484298e+02 1.445860701167162858e+02
1.466552304983807460e+02 1.908273163946184354e+02 1.445078028211871697e+02
1.466482101328001022e+02 1.907863678845443189e+02 1.444294485861461794e+02
1.466681192810102345e+02 1.907018409441631093e+02 1.443584407398552401e+02
1.467532221956573721e+02 1.906662935512617025e+02 1.442586667825860047e+02
1.470289073876850239e+02 1.907345519354908845e+02 1.445488926079680141e+02
1.472618618096459500e+02 1.910136277684800916e+02 1.449172335847334239e+02
1.472086656958421145e+02 1.911620009128648690e+02 1.448937925188550082e+02
1.469047903671020947e+02 1.909663435414810237e+02 1.445109326436132164e+02
1.466729770262340082e+02 1.908859462279119441e+02 1.442058727640244342e+02
1.467503314568888584e+02 1.910547610250168304e+02 1.443742963333261002e+02
1.467626225303745002e+02 1.911675976439392173e+02 1.444925449368601846e+02
1.467916385924493170e+02 1.910698558977591404e+02 1.445086504814275372e+02
1.468428133626029819e+02 1.909070507944097983e+02 1.444516833662978854e+02
1.469318720250385866e+02 1.908722641222369418e+02 1.445243321958747060e+02
1.469604859918711668e+02 1.909083766219652603e+02 1.446380490773544238e+02
1.469572474950553271e+02 1.908873372601012761e+02 1.446059466626094832e+02
1.470200286900389131e+02 1.910077593514312468e+02 1.446689669412506305e+02
1.470076615444804418e+02 1.911639679193201289e+02 1.447557325740615966e+02
1.469496402877697960e+02 1.911959942619922117e+02 1.447310526201395362e+02
1.468911408637440559e+02 1.911367232497989619e+02 1.446790953943793738e+02
1.469432828359668690e+02 1.912533200026081772e+02 1.447179356212914740e+02
1.470405572822708677e+02 1.913994653220022144e+02 1.448141233236975438e+02
1.471230085418070246e+02 1.914971092612314862e+02 1.447686648264470080e+02
1.471677715229629086e+02 1.915484253080919075e+02 1.447756525897107167e+02
1.472163489752005034e+02 1.915574235475667706e+02 1.447158164706905268e+02
1.473023321524049720e+02 1.916751939837857890e+02 1.447946054032906602e+02
1.476376361146732279e+02 1.919948923036797055e+02 1.451843117650894328e+02
1.477106109674194272e+02 1.920835923406289965e+02 1.452673933360864282e+02
1.475122258688517434e+02 1.915520441652720081e+02 1.447821295833423960e+02
1.474647351605120775e+02 1.914499119737442641e+02 1.446055554348062344e+02
1.478206003173292231e+02 1.919712990936556025e+02 1.453078093416505396e+02
1.478332826186180853e+02 1.920588689169510417e+02 1.452959529657240978e+02
1.473351192158056051e+02 1.915322545588906564e+02 1.444858505944489195e+02
1.472150883522789115e+02 1.914272859657893093e+02 1.443534743202417019e+02
1.472156969288617461e+02 1.915410897867808444e+02 1.444020952422352195e+02
1.472927796735421282e+02 1.916551000891130059e+02 1.444925449368601846e+02
1.473560390358408085e+02 1.916571105653241887e+02 1.445274620183007812e+02
1.472251842030906914e+02 1.914009976308983028e+02 1.441806494381534094e+02
1.471876154665391425e+02 1.913628855223977894e+02 1.441466886913430017e+02
1.474495098785020275e+02 1.917252059379686671e+02 1.448399334912734560e+02
1.474186572192397193e+02 1.917583842291725489e+02 1.448213827729357206e+02
1.473365863200678234e+02 1.913234041165858912e+02 1.444074202873350998e+02
1.474442391705970579e+02 1.911696298550283757e+02 1.442791845073790000e+02
1.477159142776413319e+02 1.912884544328283596e+02 1.444482709904583828e+02
1.479207111652067965e+02 1.914545632376274114e+02 1.446727814123323697e+02
1.480702036558064663e+02 1.916163685365906701e+02 1.448157969093003601e+02
1.480187680671172927e+02 1.911165206807363859e+02 1.444267751961572799e+02
1.478955747788476174e+02 1.906565454584972485e+02 1.440595861679236691e+02
1.484876654567584637e+02 1.915350474907083367e+02 1.449613771218674572e+02
1.485416005564128739e+02 1.916070008041904771e+02 1.450881892673172615e+02
1.484245582386054991e+02 1.912170336238561958e+02 1.447692081983959724e+02
1.484344476080766810e+02 1.911643700145623654e+02 1.444292747071225165e+02
1.485347323349779458e+02 1.912247712404094955e+02 1.444161033710795721e+02
1.487876937120998093e+02 1.914372622747723369e+02 1.445737029711578145e+02
1.490061292355843534e+02 1.917655241365819734e+02 1.448296746288769725e+02
1.488044187006889842e+02 1.913990088895650956e+02 1.443962376926253626e+02
1.485256145536742736e+02 1.913554847964528562e+02 1.443335651720315695e+02
1.484461083701015127e+02 1.916761937881718723e+02 1.448010606620443923e+02
1.481418961507531264e+02 1.915582820752461544e+02 1.446184768197526580e+02
1.479983481492751309e+02 1.915152470168879972e+02 1.445409050403181936e+02
1.478817405290269278e+02 1.913766980373405318e+02 1.443897498315546954e+02
1.479538459866547839e+02 1.912655784737768556e+02 1.443250124975548374e+02
1.482449629420330837e+02 1.914839487926275297e+02 1.445716381577517495e+02
1.482829881110217514e+02 1.913827403334130395e+02 1.444937729574648415e+02
1.482284335673455189e+02 1.909884696472429368e+02 1.440514247212501857e+02
1.483985524571279484e+02 1.911897237497011588e+02 1.442639809602468972e+02
1.483636353756873518e+02 1.913320763328914040e+02 1.443313916842356832e+02
1.483419548349235981e+02 1.915527179464887411e+02 1.444719728748723071e+02
1.480149644634745414e+02 1.912073942054815348e+02 1.440086396139885778e+02
1.477390727901062917e+02 1.907311286922123941e+02 1.434658871090438765e+02
1.480090743115477494e+02 1.911661414071159868e+02 1.439442174357191107e+02
1.477014279814818849e+02 1.921409615510008848e+02 1.450192571018713750e+02
1.471720532939207544e+02 1.923071572953117823e+02 1.450699211023930104e+02
1.462993979438805354e+02 1.915110304505640215e+02 1.442082853354778536e+02
1.459013345215066693e+02 1.908079180160403325e+02 1.437122410832663206e+02
1.461574474559325267e+02 1.912931817687843647e+02 1.443885109435110508e+02
1.465805820600317304e+02 1.922285748440522468e+02 1.456131843769697127e+02
1.465152361494490094e+02 1.922001999608772280e+02 1.455699211023930104e+02
1.458748397052750647e+02 1.910244408702645273e+02 1.443323154165489370e+02
1.455220826360059903e+02 1.904169727661979152e+02 1.437487774131148228e+02
1.459961094568454030e+02 1.911298767632419811e+02 1.446490251907235631e+02
1.468952052859223159e+02 1.919430111499924010e+02 1.455694864048338388e+02
1.471912343237192715e+02 1.920107152948336307e+02 1.456676628485731158e+02
1.473417048838270773e+02 1.917285313742963240e+02 1.452772827055576101e+02
1.468926514377621686e+02 1.906493620813319012e+02 1.440710295811689150e+02
1.472091221282792617e+02 1.909645504140494268e+02 1.444707448542676502e+02
1.481250081505792480e+02 1.925214197222282735e+02 1.461612619270142659e+02
1.478436718902823372e+02 1.922098067769349541e+02 1.457034167228150920e+02
1.472541785302875610e+02 1.912493425199417629e+02 1.444799821774000748e+02
1.471330935251798451e+02 1.910181268882175232e+02 1.441505248973026880e+02
1.474632028516159892e+02 1.914728857397465731e+02 1.447815970788323909e+02
1.478878697646112812e+02 1.926747158164706946e+02 1.460146058379882277e+02
1.475580103892716579e+02 1.923693516485904809e+02 1.455223651894194745e+02
1.466995153122215356e+02 1.912125888413136465e+02 1.440824186572192502e+02
1.467443543654502491e+02 1.912709904583885816e+02 1.441135212675780792e+02
1.471826816492425394e+02 1.919649851116085983e+02 1.450999152339759632e+02
1.477578951944184951e+02 1.928150579234497570e+02 1.462457236627616339e+02
1.474888174052902627e+02 1.924254385011628301e+02 1.457998000391227720e+02
1.468991827685887586e+02 1.913530070203655669e+02 1.445114108109282824e+02
1.470943511052185499e+02 1.914722010910908807e+02 1.445868634397617996e+02
1.476502314764502728e+02 1.922362037862157536e+02 1.455360364276554606e+02
1.477895846464822114e+02 1.924179073659501285e+02 1.461011323871416323e+02
1.472765980569019177e+02 1.916531874198526282e+02 1.453233280445130333e+02
1.470685083353257028e+02 1.912243691451672589e+02 1.448984329152991677e+02
1.473316416353322040e+02 1.916471451237801205e+02 1.454095611728140227e+02
1.475437849116477196e+02 1.921029581168901643e+02 1.460077158816753240e+02
1.475016518507248691e+02 1.920634984459562133e+02 1.457911604251342226e+02
1.472165011193462192e+02 1.917717185768001968e+02 1.452286943858810275e+02
1.471107174683214112e+02 1.916032406703036486e+02 1.449832206742159144e+02
1.473524962507335658e+02 1.919322741202808231e+02 1.453270881783998902e+02
1.476199113216979413e+02 1.923054293725140838e+02 1.456493186115760068e+02
1.475067595470451352e+02 1.922723054185050842e+02 1.455218435523484573e+02
1.469065400247777688e+02 1.913807950618357268e+02 1.444229607250755407e+02
1.468876741507096426e+02 1.913111999826120950e+02 1.442804886000565148e+02
1.472589276011215134e+02 1.919518029081266661e+02 1.450562063944011015e+02
1.475384816014258149e+02 1.924636918863700714e+02 1.455634115064443961e+02
1.476645764959029634e+02 1.923884457388771807e+02 1.453393792518855037e+02
1.474238953248277539e+02 1.914557151861592388e+02 1.443343150253211320e+02
1.473707209459018941e+02 1.912295420461214235e+02 1.439437392684040162e+02
1.478219152774457257e+02 1.918384229172553148e+02 1.446493838162098768e+02
1.482736529809385218e+02 1.925889825903627468e+02 1.454745919276663244e+02
1.482034927948879499e+02 1.922759894803190548e+02 1.453429437718707220e+02
1.478197852594057622e+02 1.914369362516029582e+02 1.444725488491382066e+02
1.475987306831272008e+02 1.908598969766784705e+02 1.440166271816383698e+02
1.479052033297832907e+02 1.911362016127279446e+02 1.445274946206177162e+02
1.485500662913777603e+02 1.920558912386706822e+02 1.456807363776652267e+02
1.486634680171270873e+02 1.923569519007150745e+02 1.458099176248125275e+02
1.478195027059923063e+02 1.914156034688865304e+02 1.443737420939381479e+02
1.472889869373383362e+02 1.906150970462300904e+02 1.433349996739768244e+02
1.475670955682583951e+02 1.911492860092590718e+02 1.438759047142950180e+02
1.478412375839509707e+02 1.917931056967115069e+02 1.446793779477928297e+02
1.477262926818665960e+02 1.917485383294572898e+02 1.445861461887891437e+02
1.473388358799365392e+02 1.911872677084918166e+02 1.439617574822317465e+02
1.469359799169727694e+02 1.904504336108152813e+02 1.431196831054793677e+02
1.469343389336868881e+02 1.904522484731248255e+02 1.430599230585320356e+02
1.475448390532287135e+02 1.911665761046751584e+02 1.440045099871764194e+02
1.480425134212871399e+02 1.917433654285031253e+02 1.444753200460779397e+02
1.479583777087091789e+02 1.914140059553565720e+02 1.440084766024038743e+02
1.477007433328261925e+02 1.908730031080875449e+02 1.433149709839379113e+02
1.477396487643721912e+02 1.909049533786867698e+02 1.433161229324697388e+02
1.480110630528809565e+02 1.912989958486382989e+02 1.437774783194592487e+02
1.482901171509921880e+02 1.917017540046512636e+02 1.442439088004520897e+02
1.482034493251320271e+02 1.917151970266687044e+02 1.442339216240300743e+02
1.478023321524049720e+02 1.911883327175117984e+02 1.436512964854702261e+02
1.476622073942054953e+02 1.910419265795822525e+02 1.434476189441196254e+02
1.476463844030515702e+02 1.911360168662652939e+02 1.435691821165424074e+02
1.477672955291355947e+02 1.912773913799474030e+02 1.439539763959225240e+02
1.477693168727857653e+02 1.912739029320350426e+02 1.440142906822578084e+02
1.476168467039057646e+02 1.910134212871394652e+02 1.440824947292921081e+02
1.475492729683322750e+02 1.908765024234388932e+02 1.439553456932339373e+02
1.476862026994718349e+02 1.910796474602795172e+02 1.442827816296811534e+02
1.479520963289791098e+02 1.918940750722684641e+02 1.448358799365341554e+02
1.479977721750092314e+02 1.921059249277315359e+02 1.447766849964137350e+02
1.476089460757677898e+02 1.916457323567128128e+02 1.439979786563498578e+02
1.471862896389836806e+02 1.911918320328631467e+02 1.432896607185550693e+02
1.472768806103153736e+02 1.913531048273164004e+02 1.434485644113108265e+02
1.475012280206046569e+02 1.920163446282249140e+02 1.442827055576082955e+02
1.474909474233302262e+02 1.920336021213240940e+02 1.442534721467538930e+02
1.468318807189897655e+02 1.911933969440761700e+02 1.433834684518246547e+02
1.464688539198852482e+02 1.906939620509030817e+02 1.428264361320611044e+02
1.465532613184377055e+02 1.908663305005542270e+02 1.430182572974852633e+02
1.471708470081940447e+02 1.917198265556738761e+02 1.439378273815992486e+02
1.474208089721576300e+02 1.919874589754178658e+02 1.441814427611988947e+02
1.472810754417614021e+02 1.914431850290160639e+02 1.435390684431307022e+02
1.469663761437979588e+02 1.908771979395335734e+02 1.429514877523962753e+02
1.472088939120606881e+02 1.911562520376448049e+02 1.432675998174270262e+02
1.476825403725358115e+02 1.918118411615118646e+02 1.441693799039318264e+02
1.478646243126344757e+02 1.919959681801386751e+02 1.443841096307244243e+02
1.476474820143884870e+02 1.916240192136321241e+02 1.439814166793453580e+02
1.472201525788432832e+02 1.907816405485883138e+02 1.431147710230607117e+02
1.471819209285139891e+02 1.906348649177334948e+02 1.429075398291638521e+02
1.473504205698885130e+02 1.912039492273250971e+02 1.437713599513138831e+02
1.474797430937425418e+02 1.915494033776000435e+02 1.442458975417852969e+02
1.472773261753135330e+02 1.913645699754395935e+02 1.440543480623356345e+02
1.467761416244647705e+02 1.905388293594731408e+02 1.431958855876024188e+02
1.468145362863787398e+02 1.905013692973113848e+02 1.431931143906626858e+02
1.475773000934599679e+02 1.915360907648503428e+02 1.443269795040100973e+02
1.481462105240279072e+02 1.923375426546979838e+02 1.450531200417309776e+02
1.480493599078441207e+02 1.921907344215262299e+02 1.448218609402508150e+02
1.474390445347649461e+02 1.910990784411745551e+02 1.436198352496250834e+02
1.472008302723380098e+02 1.907919972179356307e+02 1.431599687017757390e+02
1.476921797909104725e+02 1.915978504205698982e+02 1.441856701949618582e+02
1.479702666869525558e+02 1.920665739311873779e+02 1.448221652285422465e+02
1.474985872329326924e+02 1.915348192744897631e+02 1.442239453150470467e+02
1.470084983372818499e+02 1.907450933513008238e+02 1.434393053533004547e+02
1.468238279467060750e+02 1.904064530852659232e+02 1.431532200221695632e+02
1.472237388337064488e+02 1.909303831858984211e+02 1.437092090677910790e+02
1.478118954987067752e+02 1.919591166945597536e+02 1.447967897585255059e+02
1.477251516007737564e+02 1.918543545827990044e+02 1.446300397748266562e+02
1.470139429242104825e+02 1.908228716120758861e+02 1.434170597057097609e+02
1.468536373318263770e+02 1.905850377100132675e+02 1.432123714925340607e+02
1.471954291551653000e+02 1.908226651307352881e+02 1.434207546349627194e+02
1.478200026081853480e+02 1.915167249885891749e+02 1.442073833380425469e+02
1.480159425329826774e+02 1.917323458453780916e+02 1.443731117824773378e+02
1.475433828164054830e+02 1.910225934056380197e+02 1.434456193353474305e+02
1.470265056836705924e+02 1.899668108413571304e+02 1.423723945315047104e+02
1.469591710317546642e+02 1.900358190788758748e+02 1.425367319437501408e+02
1.471887891499489172e+02 1.907354539329261627e+02 1.434911213023538892e+02
1.472579712664913245e+02 1.910922754243734971e+02 1.440289943271968411e+02
1.468094068551804980e+02 1.905017713925536214e+02 1.434841009367732454e+02
1.461714338498989321e+02 1.896153361298876234e+02 1.425633789041274611e+02
1.462478536808015690e+02 1.895819296224651680e+02 1.424824164837314413e+02
1.468597774348496898e+02 1.903480079984350937e+02 1.434024538677215332e+02
1.472790540981112315e+02 1.910102153926405606e+02 1.440624008346193250e+02
1.473090156273772493e+02 1.910141168032341454e+02 1.440356343324132240e+02
1.469875459149296830e+02 1.903991827685887586e+02 1.432932687082962104e+02
1.460617596557195270e+02 1.900126062292160327e+02 1.426938968462692117e+02
1.458019083222847598e+02 1.903763828816101125e+02 1.430022169575517808e+02
1.457708709165598009e+02 1.911041970049338090e+02 1.438283161990045471e+02
1.456932013301745314e+02 1.910480449477276181e+02 1.437103066791279957e+02
1.452320089547697251e+02 1.905537068834358365e+02 1.431095655197896122e+02
1.452813036579799473e+02 1.902199134951857218e+02 1.426993849029537671e+02
1.454324588667434739e+02 1.902620248212306251e+02 1.427677084918168191e+02
1.459652676650220542e+02 1.907815644765154559e+02 1.433548870873090095e+02
1.462283248929557260e+02 1.910523158512465045e+02 1.436496337673063977e+02
1.461642613401725725e+02 1.909279380121280667e+02 1.435006520463387574e+02
1.465614336325501483e+02 1.904163750570540685e+02 1.430476428524853816e+02
1.467916385924493170e+02 1.902729248625269065e+02 1.427841726618705138e+02
1.470199526179660552e+02 1.903133408680910179e+02 1.427967354213305953e+02
1.474778630267990991e+02 1.907402247386380907e+02 1.432552761416244778e+02
1.476811167380295160e+02 1.909972831402551776e+02 1.435050424916863960e+02
1.474293833815123094e+02 1.905585211589036874e+02 1.429873394335890850e+02
1.471730313634288905e+02 1.898750135842987277e+02 1.422290204090504062e+02
1.472077528309678485e+02 1.898336195092264518e+02 1.421961464061379274e+02
1.475692147188593424e+02 1.903755460888087043e+02 1.428667434632354514e+02
1.477633289139081398e+02 1.906767588949988124e+02 1.431703145036840681e+02
1.469192657958225539e+02 1.903649612032428422e+02 1.428242843791432222e+02
1.457476798017779061e+02 1.895278097763481071e+02 1.418081897020148290e+02
1.455258427698928472e+02 1.893742637310091368e+02 1.416807472451042145e+02
1.457181312351931126e+02 1.897839118433350052e+02 1.422448977373992136e+02
1.460629333391293017e+02 1.904359038448999115e+02 1.429215044882523102e+02
1.461200960681605636e+02 1.904360451216066394e+02 1.427414527592427476e+02
1.459532808798278722e+02 1.899924797322263146e+02 1.421530896129018231e+02
1.457937034058553820e+02 1.897187615466539228e+02 1.418189593340433419e+02
1.459653980742898227e+02 1.899341650546632252e+02 1.420185181160207719e+02
1.462537764350453244e+02 1.902673607337694932e+02 1.424487165554565422e+02
1.463615705622812868e+02 1.902843900106500996e+02 1.426131952444087005e+02
1.462142406920385156e+02 1.898220891564693886e+02 1.423562563846203943e+02
1.461389293399117548e+02 1.896580125627594668e+02 1.422696646308330912e+02
1.463272185876676303e+02 1.898704275250494504e+02 1.425365254624095144e+02
1.465948618748505794e+02 1.901638809798083116e+02 1.429850464039644464e+02
1.466348649177334948e+02 1.902615140515985956e+02 1.429765154643656615e+02
1.464893499098002678e+02 1.900493164380881979e+02 1.427567541133256555e+02
1.463493446934295434e+02 1.898899671803342812e+02 1.425682801191071292e+02
1.463771762046555978e+02 1.900809189506400969e+02 1.428466060988067454e+02
1.467173705144645623e+02 1.905634441087613311e+02 1.433588319676584888e+02
1.468460735942967688e+02 1.906513942924210596e+02 1.434123541046317030e+02
1.466182268686561372e+02 1.903349018670260193e+02 1.430690951770305901e+02
1.464703644939033609e+02 1.900947749353387337e+02 1.426888108848268928e+02
1.465109761133691109e+02 1.901246712599708815e+02 1.427452563628855273e+02
1.466582190441000648e+02 1.903503118954987201e+02 1.429987611119563553e+02
1.466231280836358053e+02 1.904667130344063253e+02 1.429756460692473183e+02
1.462664804712121622e+02 1.902477884761676989e+02 1.426648373144384720e+02
1.458941620117803097e+02 1.899864157012758312e+02 1.423079288834793203e+02
1.458824143102436608e+02 1.900752135451759557e+02 1.423745136821056860e+02
1.460155187028624937e+02 1.902589384685605012e+02 1.425721489273837790e+02
1.462483535829946391e+02 1.903320545980134284e+02 1.427983546697385293e+02
1.463795779086700293e+02 1.901236062509508997e+02 1.427633723836640627e+02
1.464231889412940859e+02 1.899438044730378863e+02 1.426359951313873466e+02
1.466944184833402289e+02 1.901153795996435463e+02 1.429008346193135992e+02
1.469813949444673824e+02 1.903806646525679866e+02 1.432705557608294100e+02
1.471096415918624700e+02 1.905525984046599604e+02 1.434997609163424670e+02
1.470186919950444349e+02 1.904100936773239994e+02 1.433255450020648141e+02
1.469257536568932210e+02 1.902770327544610893e+02 1.431630767893238385e+02
1.469426851268230223e+02 1.902988763068095466e+02 1.431469712447564575e+02
1.470704427394640277e+02 1.905108131017844357e+02 1.433215892542763470e+02
1.468141124562585560e+02 1.905922971592514443e+02 1.432558521158903773e+02
1.464486404833836843e+02 1.905639983481492834e+02 1.430086613488665250e+02
1.461799756569366764e+02 1.905285052924427873e+02 1.428305657588732629e+02
1.459942293899019887e+02 1.904100719424460522e+02 1.426637288356625959e+02
1.459206133582559914e+02 1.904131582951161761e+02 1.426214762329109647e+02
1.459528461822687007e+02 1.904264600404268606e+02 1.426820296029037820e+02
1.459647894977069598e+02 1.905018800669434142e+02 1.427681323219370029e+02
1.460316242474298463e+02 1.906129670281901269e+02 1.428947162511682620e+02
1.460288095807341904e+02 1.905797235323523751e+02 1.428717533526049124e+02
1.458728292290638819e+02 1.904690169314699233e+02 1.427755656501988710e+02
1.460398400312982119e+02 1.903571583820556725e+02 1.427514399356647630e+02
1.462762937686104863e+02 1.904489665065530630e+02 1.428969984133539128e+02
1.465430350583581571e+02 1.905963833163076799e+02 1.431504814275467936e+02
1.465940359494881307e+02 1.905814405877111142e+02 1.431440370362320493e+02
1.464552587537220916e+02 1.903041904844704391e+02 1.429278619400552088e+02
1.462402682083940135e+02 1.899253298267730088e+02 1.424283835771262261e+02
1.462596448520941692e+02 1.898856854093764355e+02 1.424059423156338937e+02
1.464595513921189252e+02 1.901743245886674458e+02 1.427961377121867486e+02
1.464725053793822838e+02 1.901932339324914665e+02 1.427761850942206934e+02
1.460534786672172913e+02 1.896762807276837179e+02 1.422304875133126245e+02
1.460498815449151380e+02 1.893216761937881643e+02 1.418463561477102246e+02
1.461610337107957207e+02 1.893499967397683008e+02 1.419323175900367460e+02
1.463967484622573920e+02 1.896392988328370564e+02 1.422840531200417331e+02
1.466947662413875548e+02 1.900605968397487402e+02 1.427241300615096975e+02
1.465984263948357977e+02 1.899414027690234548e+02 1.426364624312634533e+02
1.455430350583581571e+02 1.892939098871959800e+02 1.417454519767871375e+02
1.452869112564932834e+02 1.894451520354713239e+02 1.417427351170423151e+02
1.453890760503379909e+02 1.901118259470973157e+02 1.424864048338368718e+02
1.454716251168249812e+02 1.904724401747484137e+02 1.428879349692451513e+02
1.451835401769218947e+02 1.902418439870460247e+02 1.426227368558325566e+02
1.450506096633267532e+02 1.896188789149948946e+02 1.419545415027494641e+02
1.451150970462300904e+02 1.894540850703123169e+02 1.417666434827968374e+02
1.456083809689408497e+02 1.899914473255232679e+02 1.425345910582712179e+02
1.462282270860049209e+02 1.908855550001086669e+02 1.434672672737942491e+02
1.461985155078354239e+02 1.907932687082962104e+02 1.433134495424808108e+02
1.464730704862092239e+02 1.900113564737334002e+02 1.422087091655980373e+02
1.468551805081614532e+02 1.898511486883001282e+02 1.417340846356147779e+02
1.473212523636679805e+02 1.902077854332847835e+02 1.421118150796583279e+02
1.480291030015866340e+02 1.909641591862461780e+02 1.428828490078028324e+02
1.482121867460714100e+02 1.911942772066334726e+02 1.431143797952574630e+02
1.475299506618270300e+02 1.905772022865091628e+02 1.426593818600708516e+02
1.468016692386272268e+02 1.899066160968506267e+02 1.421789215153556825e+02
1.469911539046708242e+02 1.901789541176726175e+02 1.427253363472364072e+02
1.475529896324632091e+02 1.910604772979199595e+02 1.438172857484405256e+02
1.476883435849507578e+02 1.913382925079875747e+02 1.442282162185659331e+02
1.474134191136516847e+02 1.909147666760851223e+02 1.437760655523919127e+02
1.470357647416809641e+02 1.901523723619291957e+02 1.429034210697906815e+02
1.470209850246690735e+02 1.900750287987133049e+02 1.428365211154339249e+02
1.472212936599360944e+02 1.904323501923536810e+02 1.432960399052359435e+02
1.474575517833467302e+02 1.907982568627877242e+02 1.437439522702080126e+02
1.469757547436371112e+02 1.905692147188593424e+02 1.434426851268230223e+02
1.462199569649416446e+02 1.897097307048620962e+02 1.423981829642026469e+02
1.461867352039818400e+02 1.897680997196200678e+02 1.424034754069855921e+02
1.463894238083853168e+02 1.903242626442652465e+02 1.430727466365276257e+02
1.467357908235345292e+02 1.908710143667543377e+02 1.436815405681496998e+02
1.465712686648264480e+02 1.907300636831924123e+02 1.434637679584429009e+02
1.460499467495490080e+02 1.900013801647503726e+02 1.424876871916364109e+02
1.459608989545523627e+02 1.898391727705449057e+02 1.422561672716207681e+02
1.462381925275489607e+02 1.902120128670477470e+02 1.427362689908496236e+02
1.465149318611576064e+02 1.907121106739985521e+02 1.432993218718076776e+02
1.467579930013693001e+02 1.907527222934643305e+02 1.434055402203916572e+02
1.465755287009063466e+02 1.902517659588341417e+02 1.430268751765958939e+02
1.465542176530678660e+02 1.900257232280640665e+02 1.428139277097959052e+02
1.467594166358755956e+02 1.901861266273989770e+02 1.429892629702884221e+02
1.472026668695255296e+02 1.907723814905779420e+02 1.437419309265578420e+02
1.470933078310765154e+02 1.908898367710665411e+02 1.436827359864374500e+02
1.468382925079875747e+02 1.905402855962963713e+02 1.432469516833662908e+02
1.463941294094633747e+02 1.901858875437414440e+02 1.427298898041687494e+02
1.464073768175791770e+02 1.902466473950748878e+02 1.427069269056054281e+02
1.465796583277184766e+02 1.905803538438131568e+02 1.430433719489664952e+02
1.466933860766371822e+02 1.905999478362928983e+02 1.429954139407507228e+02
1.468371731617727107e+02 1.905858092981807772e+02 1.429588667434632328e+02
1.468924884261774935e+02 1.905122910734856134e+02 1.428644069638548899e+02
1.469488360972853229e+02 1.904656914951422664e+02 1.427841943967484610e+02
1.469926536112499775e+02 1.905234628007563629e+02 1.427786520028689949e+02
1.469238518550718311e+02 1.905954161142385317e+02 1.429370014562368283e+02
1.467745875806907350e+02 1.905226151405159953e+02 1.429273620378621672e+02
1.464766350061944422e+02 1.902809667673716092e+02 1.426482318676780494e+02
1.464789171683800930e+02 1.903121237149253488e+02 1.426678367275967787e+02
1.465277554391531964e+02 1.904152013736442939e+02 1.427973113955965232e+02
1.467421482753374278e+02 1.905923188941294200e+02 1.430864504770805752e+02
1.469284270468821205e+02 1.906518289899802312e+02 1.432409093872937831e+02
1.468066682605577284e+02 1.904254928383577123e+02 1.430326675215718524e+02
1.467683279358386415e+02 1.903295116172922690e+02 1.428454432828359586e+02
1.469138538112108563e+02 1.904306766067508647e+02 1.430235497402682086e+02
1.466362450824838675e+02 1.905698124280032175e+02 1.432320089547697251e+02
1.461390488817405355e+02 1.904169184290030330e+02 1.431349627246842999e+02
1.455010867438979290e+02 1.900019561390162721e+02 1.427580582060031702e+02
1.453594188093633761e+02 1.898397378773718174e+02 1.428244799930448323e+02
1.454601382338238125e+02 1.899786020126497021e+02 1.429917516138146993e+02
1.458298267730226598e+02 1.903596361581429619e+02 1.431690864830794112e+02
1.458696233345649773e+02 1.902272707513747321e+02 1.427812710556630122e+02
1.456422113064835173e+02 1.897556347671107915e+02 1.422366819535308196e+02
1.455861461887891437e+02 1.896624790801799634e+02 1.421439935664761265e+02
1.457359429676802449e+02 1.897257927796735544e+02 1.422100023908365642e+02
1.456203568866960723e+02 1.898578647655893405e+02 1.423092221087178473e+02
1.454153643852289690e+02 1.899578886739550967e+02 1.422676324197439612e+02
1.453200786802582058e+02 1.899169510313199680e+02 1.421294855354387323e+02
1.451457214892738250e+02 1.898858484209611106e+02 1.420698885000760754e+02
1.451817361820513383e+02 1.899630724423482491e+02 1.420693451281271109e+02
1.453527027320741638e+02 1.900077158816753240e+02 1.421615879501836730e+02
1.454620509030841902e+02 1.899773848594840047e+02 1.421864961203242785e+02
1.455056510682692590e+02 1.898745788867395561e+02 1.420849942402573447e+02
1.454049099089308754e+02 1.897518094285900645e+02 1.418830989588993532e+02
1.454177660892434005e+02 1.897175226586102781e+02 1.419009976308983028e+02
1.454475537394857554e+02 1.897408985198548237e+02 1.418032232824012624e+02
1.454963159381860009e+02 1.897953117868243282e+02 1.417212501901801716e+02
1.456038818492034181e+02 1.899570410137147007e+02 1.417863244147884245e+02
1.457407898454650308e+02 1.900705840161707556e+02 1.418031037405725101e+02
1.456343215457845304e+02 1.899357517007541958e+02 1.415727901062835485e+02
1.454377839118433258e+02 1.896537959964354911e+02 1.412468430089764979e+02
1.454567367254232977e+02 1.897353452585363698e+02 1.413334564976417767e+02
1.456314851442109273e+02 1.900092807928883474e+02 1.418101458410311011e+02
1.453853593862070568e+02 1.897294442391705900e+02 1.415142254776239383e+02
1.449527049055619443e+02 1.891527635897324444e+02 1.408716772805320829e+02
1.450129431198243708e+02 1.891114781890499614e+02 1.409318937599165338e+02
1.455170727466365292e+02 1.896455584776891499e+02 1.419775696059466554e+02
1.458264252646221451e+02 1.898978786759112438e+02 1.423757525701493307e+02
1.458851203025494954e+02 1.898164489556391175e+02 1.424106261818339760e+02
1.458656458518985346e+02 1.896779760481644814e+02 1.423033210893520959e+02
1.460954487165554667e+02 1.898747418983242312e+02 1.425118455084874824e+02
1.463607446369188665e+02 1.901521984829055043e+02 1.426524049642461307e+02
1.465119433154382875e+02 1.902548197091873305e+02 1.427253363472364072e+02
1.465625855810819758e+02 1.902537981699232716e+02 1.426654567584602944e+02
1.464007585472407698e+02 1.900410463170249216e+02 1.423852398443782761e+02
1.463891738572887959e+02 1.898591688582668553e+02 1.421516333760785926e+02
1.463898041687496061e+02 1.897364211349953393e+02 1.419893607772392272e+02
1.462917037970831871e+02 1.895819622247821030e+02 1.418406398748070956e+02
1.464135060531635020e+02 1.897474950553152553e+02 1.420171705535873343e+02
1.464384794279380060e+02 1.898064943815340371e+02 1.420736595014018917e+02
1.462487882805538106e+02 1.894691799430546268e+02 1.416847029928926816e+02
1.462461257580038705e+02 1.895488708730900385e+02 1.416421352344106595e+02
1.464737007976700340e+02 1.899127888021908745e+02 1.421144232650133574e+02
1.466350279293181700e+02 1.900772566237040451e+02 1.423386293985959128e+02
1.466652611445586842e+02 1.902562759460105610e+02 1.424531939403160266e+02
1.463051468191005995e+02 1.900203003760133811e+02 1.421343976178573882e+02
1.457243039405333604e+02 1.895628246647395088e+02 1.416123910539242274e+02
1.457344541285400794e+02 1.898312069377730325e+02 1.417368884348714460e+02
1.459151361690104238e+02 1.901217696537634083e+02 1.419871220848094993e+02
1.458289139081483938e+02 1.899923819252754811e+02 1.418748831750309591e+02
1.458767197722184790e+02 1.897990501858332095e+02 1.417147079919146222e+02
1.459717663935317091e+02 1.897052859223195469e+02 1.417248364450433655e+02
1.461495359603555926e+02 1.896890499684844258e+02 1.417174683214153674e+02
1.464730052815753538e+02 1.899946858223391075e+02 1.420825164641700553e+02
1.465708448347062642e+02 1.901186180964593859e+02 1.422208915646938578e+02
1.462802603838379412e+02 1.898814688430524598e+02 1.419219174509335062e+02
1.461673802951596315e+02 1.898344019648329777e+02 1.418945858419004935e+02
1.460357212719250697e+02 1.898618422482557833e+02 1.418534308504857790e+02
1.460575213545176041e+02 1.900135516964072337e+02 1.419057249668543079e+02
1.461221826164446043e+02 1.901966028385750747e+02 1.420669651589906266e+02
1.461505574996196515e+02 1.901719011497750387e+02 1.420895694320676341e+02
1.457556130322328158e+02 1.896274098545936795e+02 1.414000738985850489e+02
1.455823860549023152e+02 1.893489208633093597e+02 1.411676845834510630e+02
1.456235953835119119e+02 1.894478797626551341e+02 1.412549066486991762e+02
1.458263274576713115e+02 1.896924514768849690e+02 1.415024995109652366e+02
1.460503923145471674e+02 1.899920885044230374e+02 1.419670825273315984e+02
1.461277141428850825e+02 1.899842530809189611e+02 1.420471864200482628e+02
1.459565519789606469e+02 1.896119672238040437e+02 1.417778478123845218e+02
1.458686996022517235e+02 1.893340868091025584e+02 1.415329174726684016e+02
1.461417983438022929e+02 1.896879523571475090e+02 1.419597035362646409e+02
1.467311830294072763e+02 1.903003868808276593e+02 1.425587167728053259e+02
1.467222825968832183e+02 1.902116107718055105e+02 1.423726553500402190e+02
1.464194614097241924e+02 1.896088591362559441e+02 1.416822578191223556e+02
1.462172075028798588e+02 1.892376491555999962e+02 1.412504401312786513e+02
1.463232302375622282e+02 1.893026799104522979e+02 1.412555695624768930e+02
1.463053315655632503e+02 1.898371840292116701e+02 1.416890391010454380e+02
1.462205112043295969e+02 1.899742550370579579e+02 1.417134147666760953e+02
1.456265621943532835e+02 1.895450346671303521e+02 1.412293355647807971e+02
1.452250537938229513e+02 1.891523506270512200e+02 1.405580103892716579e+02
1.453200786802582058e+02 1.892959420982851100e+02 1.406870938294681537e+02
1.460799191462539852e+02 1.899329805038144627e+02 1.416446564802538717e+02
1.464060944597796095e+02 1.901464822100024037e+02 1.418204699080614546e+02
1.465201590993066532e+02 1.900061835727792356e+02 1.417809124301766985e+02
1.462427894542372258e+02 1.893719707013844982e+02 1.411064682996805004e+02
1.461901367123823547e+02 1.891799104523028063e+02 1.408259688321849978e+02
1.463766437001456211e+02 1.894841009367732454e+02 1.413738181660110058e+02
1.464030407094264206e+02 1.897821404507813554e+02 1.418375209198200366e+02
1.461247473320437393e+02 1.894896650655306587e+02 1.415327544610836981e+02
1.455491751613814699e+02 1.887235432198048102e+02 1.408070160186050543e+02
1.455503379773522568e+02 1.887614162446477906e+02 1.407669043013323460e+02
1.460204525201590968e+02 1.893026690430133101e+02 1.414283944445651855e+02
1.462648612228042282e+02 1.896167162946379960e+02 1.418407485491968885e+02
1.461943424112673711e+02 1.895647482014388459e+02 1.417072203264578718e+02
1.461199439240148763e+02 1.893742854658871124e+02 1.414889369471190435e+02
1.460412201960486129e+02 1.893021908756982441e+02 1.413398574192005981e+02
1.458601469277749914e+02 1.893552348453563354e+02 1.412718707209459126e+02
1.456319633115259933e+02 1.894355343519746100e+02 1.412087417679149723e+02
1.452124910343628414e+02 1.890635527831511240e+02 1.407032863135473519e+02
1.445673020495989931e+02 1.885166489165163455e+02 1.400573366080549533e+02
1.445012714903605797e+02 1.885101284531287433e+02 1.399934578017344506e+02
1.451818013866852084e+02 1.884408159273185674e+02 1.401996457214892757e+02
1.457544719511400046e+02 1.884265904496946291e+02 1.403079288834793203e+02
1.459915016627181501e+02 1.883449433806429170e+02 1.403949009976308844e+02
1.460408615705622708e+02 1.880442196092068912e+02 1.400872111978091255e+02
1.459329479014975277e+02 1.878700580321241489e+02 1.398905105522832457e+02
1.456223347605903200e+02 1.878502792931817567e+02 1.396389510747897020e+02
1.452449194722771608e+02 1.878828707426807796e+02 1.394981199330565858e+02
1.448617444413049498e+02 1.876941359299267447e+02 1.392216957551783310e+02
1.444484122671651107e+02 1.873786759112347511e+02 1.387819339694407574e+02
1.441856267252059354e+02 1.871918537677410939e+02 1.385645525875372073e+02
1.437938555500010978e+02 1.871972983546697265e+02 1.384507270316677250e+02
1.433521484926862115e+02 1.871939403160251345e+02 1.385420243865330576e+02
1.430673889891108388e+02 1.871244539111912957e+02 1.385022604273077036e+02
1.425198222086982867e+02 1.866034145493273115e+02 1.379995109652459178e+02
1.424770371014366788e+02 1.865371231715533895e+02 1.379321002412571318e+02
1.430099763089830276e+02 1.869827968440957306e+02 1.386598491599469583e+02
1.433863374557151928e+02 1.871653915538264243e+02 1.390340150840052900e+02
1.434693212197613548e+02 1.871748679606164103e+02 1.390629876763241839e+02
1.434735812558412533e+02 1.870672803147210459e+02 1.390165619770044998e+02
1.433280010432741278e+02 1.868139059749179580e+02 1.387391162598622145e+02
1.434470538372927138e+02 1.866979069312525894e+02 1.384112564932947862e+02
1.436038492468864831e+02 1.868494751026973120e+02 1.383942598187311148e+02
1.436329957182290400e+02 1.867833141341911301e+02 1.381702819013671331e+02
1.434210154534982280e+02 1.864254167662848545e+02 1.378342172183703269e+02
1.433440848529635616e+02 1.862447455932534979e+02 1.375803864461300918e+02
1.432597861288008971e+02 1.862996696298550319e+02 1.376599687017757390e+02
1.433035601730096289e+02 1.865314721032841305e+02 1.378996826707818002e+02
1.433179051924623479e+02 1.865755504357842938e+02 1.379705383729270238e+02
1.429416853224369106e+02 1.862412788802190846e+02 1.376085983177204355e+02
1.427672303245017247e+02 1.859472385837553645e+02 1.372265752352800519e+02
1.430438175139646546e+02 1.860116716294637911e+02 1.374134191136516847e+02
1.434550957421374164e+02 1.862752830967854152e+02 1.378075702579930066e+02
1.436575235280053846e+02 1.863824903823164902e+02 1.379055619552696328e+02
1.434378817187941593e+02 1.859821882675128677e+02 1.374761785737572950e+02
1.430876567628072848e+02 1.853821752265860994e+02 1.368458562455171830e+02
1.428598861092394827e+02 1.853937707839770610e+02 1.368587776304636066e+02
1.428076680649438117e+02 1.856378425960138259e+02 1.371640331239539989e+02
1.426714229824599443e+02 1.857369427720663282e+02 1.372999304483905405e+02
1.424311765089439064e+02 1.855276902345193264e+02 1.371146080114760082e+02
1.422191853767741065e+02 1.852417135777782562e+02 1.369141363646243121e+02
1.422739898715468598e+02 1.854263731009150433e+02 1.370583798821969594e+02
1.423739485752787459e+02 1.857287487230759098e+02 1.373703840552935276e+02
1.423310004564324345e+02 1.857334434567149799e+02 1.373256754113325542e+02
1.423863591905931401e+02 1.857800865048142782e+02 1.374066595666065211e+02
1.424053880762459414e+02 1.857889217327044662e+02 1.373460301245408459e+02
1.421311699884805080e+02 1.856684235693016660e+02 1.369510530548371037e+02
1.419906105327218597e+02 1.856519050620530891e+02 1.367581125431980809e+02
1.420685518050816256e+02 1.859111478189049933e+02 1.369680062596448522e+02
1.420170727466365292e+02 1.859728422699906503e+02 1.369405007715881766e+02
1.418035384381316817e+02 1.856931795952965842e+02 1.366223999652241901e+02
1.417928231432980510e+02 1.856669455976004599e+02 1.365014671042622183e+02
1.422249885891890813e+02 1.858032015475233152e+02 1.365729639853072115e+02
1.424966093590384446e+02 1.858955421765306824e+02 1.366192810102371311e+02
1.425672911821600053e+02 1.858502684257427973e+02 1.365302114803625386e+02
1.425013910321893604e+02 1.855867547653719782e+02 1.361722163055054580e+02
1.421963963572344483e+02 1.854565954487165413e+02 1.361636636310287258e+02
1.421506770414484038e+02 1.855807994088113162e+02 1.364886109239496648e+02
1.421246929948488287e+02 1.858914234171575117e+02 1.369494229389902102e+02
1.421206177052315809e+02 1.861231606859527403e+02 1.371702601664891574e+02
1.420792344975982928e+02 1.861449825034232504e+02 1.371886261383642420e+02
1.425359060183877205e+02 1.858788715251363897e+02 1.368362602968984447e+02
1.429560303418896297e+02 1.858670151492099478e+02 1.367193809906757451e+02
1.432628290117150982e+02 1.860917972570584027e+02 1.368558868916950928e+02
1.433742637310091368e+02 1.861151187811080376e+02 1.368463018105153424e+02
1.432819557043187331e+02 1.858989436849311971e+02 1.366053054837097136e+02
1.430866243561042381e+02 1.857028624834271682e+02 1.364167336825403822e+02
1.430546849529440010e+02 1.857273685583255372e+02 1.364653872068508349e+02
1.431211719446195332e+02 1.858038101241061497e+02 1.365701927883675069e+02
1.432254341541872122e+02 1.859490860483818437e+02 1.367403768827838064e+02
1.433288378360755644e+02 1.861148470951335696e+02 1.369096155100089049e+02
1.432012758373361692e+02 1.861111521658805827e+02 1.370387424199613235e+02
1.430509356864961319e+02 1.860453824251776780e+02 1.370229411636853740e+02
1.430092699254493596e+02 1.861873111782477395e+02 1.372358994979243221e+02
1.429910452302810313e+02 1.863129170379708341e+02 1.374025299397943911e+02
1.427731422113064923e+02 1.860955356560672840e+02 1.372508313590819284e+02
1.428603968788715122e+02 1.860479797430937481e+02 1.371010671825077623e+02
1.431183355430459301e+02 1.862295420461214235e+02 1.373393575170075280e+02
1.432220435132256853e+02 1.863121671846812717e+02 1.374016170749201251e+02
1.432528092329761478e+02 1.863633854245908310e+02 1.374393596904953370e+02
1.432058075593905642e+02 1.863033645591079903e+02 1.373433023973570357e+02
1.430072594492382052e+02 1.861576322023951775e+02 1.371209328609619718e+02
1.430294616270729762e+02 1.862839227107739930e+02 1.372134691038709775e+02
1.430884174835358351e+02 1.864091047403768755e+02 1.373705579343171905e+02
1.429545415027494641e+02 1.863007020365580786e+02 1.371738246864743758e+02
1.427493751222586980e+02 1.860548370970896883e+02 1.369088004520854724e+02
1.429804712121541570e+02 1.862543415418722361e+02 1.373059292747071254e+02
1.433685039883501133e+02 1.864991197374426690e+02 1.377276511117390214e+02
1.434912299767436821e+02 1.865416005564128739e+02 1.378594188093633761e+02
1.435787889326001334e+02 1.862995066182703283e+02 1.379037036232041658e+02
1.435112695342215545e+02 1.861743245886674458e+02 1.377531569910235021e+02
1.432317481362342164e+02 1.861224543024191007e+02 1.375114325458062581e+02
1.430241148470951202e+02 1.863794801017192242e+02 1.374948488339238111e+02
1.431118802842921980e+02 1.866519702666869591e+02 1.377425829728965994e+02
1.429160599013236492e+02 1.865462735551739968e+02 1.376097502662522629e+02
1.426241170205829292e+02 1.863003542785107243e+02 1.372828794366319585e+02
1.425354061161946504e+02 1.861340281249320867e+02 1.370557173596470193e+02
1.425598361190201899e+02 1.859918276858875572e+02 1.370230933078310898e+02
1.426988197961268554e+02 1.861438740246473458e+02 1.371836814536286511e+02
1.428430524462605149e+02 1.863141993957704017e+02 1.373685800604229712e+02
1.427878132539285900e+02 1.862759568780021198e+02 1.373026038383794400e+02
1.426646634354148091e+02 1.859702449520745802e+02 1.369182877263144178e+02
1.427669586385272567e+02 1.860368297507009459e+02 1.368960312112847362e+02
1.428743398030819947e+02 1.861361907452889568e+02 1.370084440000869392e+02
1.431979612684474716e+02 1.864607902801625698e+02 1.373928361842248194e+02
1.434739616162055142e+02 1.868098524201786574e+02 1.377494729292095030e+02
1.433345649764176528e+02 1.866112065030754934e+02 1.376273555173987688e+02
1.430182138277293689e+02 1.860748223173726785e+02 1.371131300397748305e+02
1.431283879241018155e+02 1.861265947966702186e+02 1.372915081831815485e+02
1.434833293486057073e+02 1.865250385794083741e+02 1.378224369145167145e+02
1.436107935403942690e+02 1.866725531961137960e+02 1.380651828989980174e+02
1.434930774413701613e+02 1.865490990893086121e+02 1.378757634375882901e+02
1.429180160403399213e+02 1.859359147123388993e+02 1.372208046251820406e+02
1.426921037188376147e+02 1.856792910082809840e+02 1.368215349170814363e+02
1.429338716338107815e+02 1.859930557064922141e+02 1.371880175617813791e+02
1.433104718642004798e+02 1.866127605468495290e+02 1.379039861766176216e+02
1.430493925101610557e+02 1.866129344258731919e+02 1.377757721315394690e+02
1.424593883805342500e+02 1.861808667869329952e+02 1.372624051815949144e+02
1.422172944423917045e+02 1.860510769632028598e+02 1.371181181942663443e+02
1.421584689951965856e+02 1.861378317285748381e+02 1.371524484340020535e+02
1.422475928622660888e+02 1.865396118150796667e+02 1.375919820035210535e+02
1.423563650590101872e+02 1.866975700406442229e+02 1.379649199069747283e+02
1.423639396639787833e+02 1.865765828424873405e+02 1.380399161033710698e+02
1.420620856788889057e+02 1.859927188158838476e+02 1.376081962224781989e+02
1.421573931187376445e+02 1.860825055967310675e+02 1.377348670912212754e+02
1.423432154578451900e+02 1.863465734964898104e+02 1.381578386837358039e+02
1.424297094046816881e+02 1.863949444673868072e+02 1.380237453541698471e+02
1.423321524049642335e+02 1.862443761003281963e+02 1.375666282683822601e+02
1.423054837097089660e+02 1.860933621682714261e+02 1.372979417070573049e+02
1.423519528787845729e+02 1.861023169379903948e+02 1.372374535416983576e+02
1.424906866047947176e+02 1.863273163946184354e+02 1.374202438653306899e+02
1.425495229194287958e+02 1.862992349322958603e+02 1.373225673237844831e+02
1.423267947575474466e+02 1.858663196331152676e+02 1.366865939272751120e+02
1.423059944793409954e+02 1.857652524506074769e+02 1.365458388576148252e+02
1.423966289204286113e+02 1.858348040600752142e+02 1.365910908735247347e+02
1.424063226759981831e+02 1.858570497076658796e+02 1.365994805364167917e+02
1.422707079049751258e+02 1.858512682301288805e+02 1.367218805016409817e+02
1.420382425177682535e+02 1.857838575061400945e+02 1.367334543241539677e+02
1.417369753743832632e+02 1.855810819622247720e+02 1.366433197852593935e+02
1.417371492534069546e+02 1.855875372209785041e+02 1.367520811145645325e+02
1.418063422373883498e+02 1.858117433545610595e+02 1.370123454106805241e+02
1.420629442065682895e+02 1.858442369971092489e+02 1.370473385641939501e+02
1.423431937229672428e+02 1.857237605685843960e+02 1.369730704862092239e+02
1.425734312851833465e+02 1.856609685061618507e+02 1.369962398661131431e+02
1.426745419374470316e+02 1.856920928513986269e+02 1.370247560259949182e+02
1.427526353539524848e+02 1.856340063900541111e+02 1.369846551761611977e+02
1.426588602229998344e+02 1.857121215414375399e+02 1.369552370188441444e+02
1.425025864504770823e+02 1.856262905083787871e+02 1.368523658414657973e+02
1.422006672607533346e+02 1.854307418113847348e+02 1.365690299723966916e+02
1.422088939120606881e+02 1.854438479427938091e+02 1.367219891760307746e+02
1.423399552261514032e+02 1.857244017474841939e+02 1.369544436957986591e+02
1.425003803603642893e+02 1.858066899954356757e+02 1.370002608185355086e+02
1.425888956508509295e+02 1.857353561259753576e+02 1.369202003955747671e+02
1.427222717294442305e+02 1.857737073181334040e+02 1.369027798908909119e+02
1.429091047403768755e+02 1.858901410593579442e+02 1.371278880219087455e+02
1.430161816166402104e+02 1.859437501358429756e+02 1.371858658088634968e+02
1.427189788954335086e+02 1.859384902953769938e+02 1.370355039231454839e+02
1.424429024756026081e+02 1.858510726162272704e+02 1.366853767741094146e+02
1.421956791062618208e+02 1.857601230194092352e+02 1.364654741463626806e+02
1.421312351931143780e+02 1.859222543415418727e+02 1.366425916668477782e+02
1.421757808254906763e+02 1.861252146319198459e+02 1.368054837097089660e+02
1.422879653980742773e+02 1.859908930861353156e+02 1.369330348410093734e+02
1.424106696515898989e+02 1.858189158642874190e+02 1.368709491621204677e+02
1.425236258123410664e+02 1.857977678280336420e+02 1.369232215436110209e+02
1.426658045165076487e+02 1.858857397465713177e+02 1.371669238627225127e+02
1.427198700254297989e+02 1.858967919320133149e+02 1.371991892890521285e+02
1.427187724140928822e+02 1.858304462170444822e+02 1.370634875785172540e+02
1.426227477232715444e+02 1.856101523614944995e+02 1.367819122345628102e+02
1.426874741898324146e+02 1.856127822817274762e+02 1.368008433132648065e+02
1.428349779390988772e+02 1.858298919776565583e+02 1.370126823012888906e+02
1.429811884631267844e+02 1.860078136886261291e+02 1.371770849181681911e+02
1.428284900780282101e+02 1.859307092090677997e+02 1.371820730726597048e+02
1.426453085265926291e+02 1.857066117498750373e+02 1.369796996239866189e+02
1.426696841922232579e+02 1.857661870503597186e+02 1.370313525614553782e+02
1.429274272424960373e+02 1.860329066052294138e+02 1.374388923906192304e+02
1.429546284422613098e+02 1.861161185854941493e+02 1.374157121432763233e+02
1.426370818752852756e+02 1.857546675650416148e+02 1.370086178791106022e+02
1.421152057206198833e+02 1.852347366819535353e+02 1.364159729618118320e+02
1.420804842530809253e+02 1.851843226325284206e+02 1.362940076941467851e+02
1.422991045230280918e+02 1.855302006129235508e+02 1.365958942815535977e+02
1.427037427459844707e+02 1.861658914560194660e+02 1.372862809450325017e+02
1.422560368623530280e+02 1.863203503662327023e+02 1.373946184442174285e+02
1.416650437957790984e+02 1.859987067747614731e+02 1.370643135038796743e+02
1.415811797691756055e+02 1.859729074746245203e+02 1.370093785998391525e+02
1.416203568866960723e+02 1.862144471733791136e+02 1.372539394466299996e+02
1.417457671325175568e+02 1.866182920732900072e+02 1.376346584363928685e+02
1.419325023364993683e+02 1.865938294681475327e+02 1.375277554391531964e+02
1.420865265491534331e+02 1.863180356017300880e+02 1.371123258492903574e+02
1.422429198635049659e+02 1.863053098306853030e+02 1.370905801038927052e+02
1.425926666521767459e+02 1.867106761720532973e+02 1.374579973483448896e+02
1.430297224456084564e+02 1.871261492316720592e+02 1.379516072942250560e+02
1.431359842639483588e+02 1.872079593123084749e+02 1.381383968354017782e+02
1.428251320393835897e+02 1.868150035862548748e+02 1.379052467995392135e+02
1.424375665630637400e+02 1.862786954726249178e+02 1.373771653372166384e+02
1.424852420178660566e+02 1.863317937794779198e+02 1.374536829750701088e+02
1.427240539894368396e+02 1.866263339781347099e+02 1.377526136190745376e+02
1.428391401682279422e+02 1.866805190288856409e+02 1.378476385055097921e+02
1.425964485209415500e+02 1.861960594666260818e+02 1.372875524353930814e+02
1.422402030037601435e+02 1.857672303245017247e+02 1.367790323632332843e+02
1.422960290377969557e+02 1.858043317611771670e+02 1.368408572235866814e+02
1.427415396987545932e+02 1.865558912386706822e+02 1.377144145710621785e+02
1.430059118868047676e+02 1.865908409224282138e+02 1.378564193962050979e+02
1.428594731465582868e+02 1.859631811167380420e+02 1.373902388663087777e+02
1.427565802343019925e+02 1.856848877393553323e+02 1.371701514920993645e+02
1.430463822295637897e+02 1.858755569562476921e+02 1.373657327914103803e+02
1.433295550870481918e+02 1.862187180768979999e+02 1.377915081831815485e+02
1.430697906931252703e+02 1.863126888217522605e+02 1.377280097372253351e+02
1.423108304896867935e+02 1.858984437827381555e+02 1.370915907757178047e+02
1.416023930100632526e+02 1.852727183811862801e+02 1.362974092025473283e+02
1.413714490643135093e+02 1.852378447695016064e+02 1.362652741854854526e+02
1.416291486448303658e+02 1.857440283422808704e+02 1.367276945814949158e+02
1.417271620769849392e+02 1.860012280206046569e+02 1.368405312004173027e+02
1.414711360820708990e+02 1.857057966919515763e+02 1.364204068769153935e+02
1.412813036579799473e+02 1.853939663978786712e+02 1.359728640048686259e+02
1.412976482862048613e+02 1.854383490186702659e+02 1.359767762829011701e+02
1.414564867743267484e+02 1.857446151839857293e+02 1.363908039731356894e+02
1.416214979677889119e+02 1.858578756330283284e+02 1.366536873220456982e+02
1.416292464517811709e+02 1.857465821904409893e+02 1.366325284183529334e+02
1.413985415896889606e+02 1.852544936860179519e+02 1.363290117150992273e+02
1.414844052250646484e+02 1.852985828859571029e+02 1.363955313090916945e+02
1.418578756330283284e+02 1.857758699384903025e+02 1.369625942750331546e+02
1.417231085222456386e+02 1.857997130996109547e+02 1.368774696255080414e+02
1.413140255167467103e+02 1.853856962768153949e+02 1.362303679714838438e+02
1.411435697363559427e+02 1.852439740050859598e+02 1.358698406833445631e+02
1.410880153882935986e+02 1.852100675954704627e+02 1.356936794974896259e+02
1.409711904192658096e+02 1.851619465756699867e+02 1.356138255558695107e+02
1.412135343085048476e+02 1.852714903605816232e+02 1.360751266056641100e+02
1.413558108196222349e+02 1.853292181964398253e+02 1.362622856397661337e+02
1.414711469495098868e+02 1.852296289856332407e+02 1.363445412854006804e+02
1.415682149144732591e+02 1.852100675954704627e+02 1.363474320241691942e+02
1.416739768306200915e+02 1.853454215479580114e+02 1.365533047881936284e+02
1.417023625812340981e+02 1.855237996913647294e+02 1.366881697059270948e+02
1.416703797083179381e+02 1.855793431719880857e+02 1.367234345454150173e+02
1.413856636744984598e+02 1.852550044556499813e+02 1.363186767806298860e+02
1.409683648851311659e+02 1.848598535069225477e+02 1.357742506900823685e+02
1.409855897759134109e+02 1.849472820535112589e+02 1.358664391749440199e+02
1.411678149927188031e+02 1.851639353170031939e+02 1.362765545871459949e+02
1.411448086243995874e+02 1.851459062357364758e+02 1.363532895737790511e+02
1.409879480101719196e+02 1.849475428720467676e+02 1.362678715034014942e+02
1.410027277271838102e+02 1.848811754222000161e+02 1.363553978569410390e+02
1.411755743441500499e+02 1.850143341520137312e+02 1.365160077376165475e+02
1.414451629029103117e+02 1.853193288269686434e+02 1.368372166315286051e+02
1.417078941076745764e+02 1.855132039383598794e+02 1.371021647938446790e+02
1.415209306874741912e+02 1.852817274881001595e+02 1.367898345975787322e+02
1.412008194048990504e+02 1.848509096046425668e+02 1.363240344280466729e+02
1.410493273055271857e+02 1.846473733399986941e+02 1.360734964898172166e+02
1.410934925775391662e+02 1.846741507096437545e+02 1.361643048099284954e+02
1.409371101306266212e+02 1.845791910278423700e+02 1.360573692103718884e+02
1.407720554674085633e+02 1.842299441413636600e+02 1.356686191832032762e+02
1.403128192310200291e+02 1.835165837118824470e+02 1.350284183529309416e+02
1.401829207329000724e+02 1.832779890890912782e+02 1.348678084722554331e+02
1.403265339390119379e+02 1.834573561694451200e+02 1.349398052554934964e+02
1.405178552022430267e+02 1.838241648373144415e+02 1.352340411658588550e+02
1.405787345954052512e+02 1.838576582842487426e+02 1.352296289856332407e+02
1.404589102132191556e+02 1.836771283879241139e+02 1.349469668977808681e+02
1.402962029168206186e+02 1.833696668043209002e+02 1.345807124692994989e+02
1.401119563563650559e+02 1.833227629376860932e+02 1.344955117477015278e+02
1.402298245995348793e+02 1.835773326957769029e+02 1.347392684040079018e+02
1.400595100958508112e+02 1.836548284031385094e+02 1.347240757243148153e+02
1.397787932795757229e+02 1.834867417244452099e+02 1.343969766784759372e+02
1.393666456562846463e+02 1.830846573496489782e+02 1.339549001282357779e+02
1.388127866287030940e+02 1.827188376187267806e+02 1.334582472994414104e+02
1.386231932882696753e+02 1.826400269512486716e+02 1.333073855115303559e+02
1.386164228737855524e+02 1.828115694755373966e+02 1.334701036753678522e+02
1.387050468386620139e+02 1.830247560259949182e+02 1.335998934990980160e+02
1.386194874915777291e+02 1.829315242669912323e+02 1.335683887934969221e+02
1.386519267969310363e+02 1.829191027842378787e+02 1.336063922276076426e+02
1.387982133930318014e+02 1.830433176117716130e+02 1.337984959464452572e+02
1.389195157469190747e+02 1.832247060357755970e+02 1.340419483144602282e+02
1.389271229542046058e+02 1.832102088721771906e+02 1.342352583190245525e+02
1.389194505422852046e+02 1.832253798169923300e+02 1.341634245473711644e+02
1.388652980938512087e+02 1.832200873742093847e+02 1.336834423699710896e+02
1.389002151752917769e+02 1.833105805385902727e+02 1.334073768175791770e+02
1.387343563215892459e+02 1.831972548849138320e+02 1.329593775130952622e+02
1.385356017300962890e+02 1.830254080723336756e+02 1.325969158208176566e+02
1.385389489013019215e+02 1.830475776478515115e+02 1.325854832750113985e+02
1.384653437370949121e+02 1.831997761307570158e+02 1.330635745180290712e+02
1.383709382946814799e+02 1.831936577626116502e+02 1.334037579603990480e+02
1.383352387576343858e+02 1.832889326001434540e+02 1.336987980612488798e+02
1.383850985676715482e+02 1.834445108565715543e+02 1.340060205611945605e+02
1.383453998130800358e+02 1.834650394488035090e+02 1.340213001803994928e+02
1.387503205894498990e+02 1.833267404203525359e+02 1.341613053967701887e+02
1.388310221913103817e+02 1.828591145210719731e+02 1.337456910604446989e+02
1.388510400139103353e+02 1.825300593362168229e+02 1.334891108261427064e+02
1.390157795213979739e+02 1.825996435480014668e+02 1.335822556456345467e+02
1.393108956943206636e+02 1.829775261361907326e+02 1.340808537460062269e+02
1.389844160925036363e+02 1.829341541872242374e+02 1.339227216414179793e+02
1.385099002369101697e+02 1.826128040166054518e+02 1.335138559846986368e+02
1.382074485426764454e+02 1.825237670890477943e+02 1.333118411615118646e+02
1.382877697841726672e+02 1.827972027212067303e+02 1.335625203764480773e+02
1.383315872981373218e+02 1.830584124845138945e+02 1.338562455171814349e+02
1.383689712882262199e+02 1.830571301267143269e+02 1.339025734095503140e+02
1.382950618357277790e+02 1.829497706970375361e+02 1.337620682909865479e+02
1.382294442391705900e+02 1.827693060053467775e+02 1.335586298332934803e+02
1.380817666108804929e+02 1.825344280466865143e+02 1.333379338825012610e+02
1.380613358255993433e+02 1.824990001956138883e+02 1.333157425721054494e+02
1.381230954813188703e+02 1.824641265839292430e+02 1.333875872111977969e+02
1.380062270425351585e+02 1.823080266904301254e+02 1.331580668999543491e+02
1.379977287052533086e+02 1.823062226955595690e+02 1.331629137777391350e+02
1.380638679388815149e+02 1.823831641635332232e+02 1.332563085483274961e+02
1.380451216066421694e+02 1.823282075246147542e+02 1.331856158577669476e+02
1.380709100393401343e+02 1.822796626746940944e+02 1.331276598056902003e+02
1.381032080679866851e+02 1.822230433176117685e+02 1.330316785846247569e+02
1.382337260101284642e+02 1.823227629376860932e+02 1.331023821426242648e+02
1.383450629224716977e+02 1.823766328327066333e+02 1.331344736899302177e+02
1.383870873090047553e+02 1.824190701819209153e+02 1.331773457367036997e+02
1.382410506640005110e+02 1.822337586124453992e+02 1.330810384924688776e+02
1.382216414179834487e+02 1.820652915733878103e+02 1.329782107848464534e+02
1.381822795540003028e+02 1.820427742398226485e+02 1.330589341215849117e+02
1.381887456801929943e+02 1.820358516811928098e+02 1.330964159186246150e+02
1.381465039448803509e+02 1.820363407159468920e+02 1.331148144928166346e+02
1.382675889499880384e+02 1.820736160316459689e+02 1.331060770718772517e+02
1.383416288117542194e+02 1.820805820600317304e+02 1.331174770153665463e+02
1.384238301201938839e+02 1.821638483774913482e+02 1.331781607946271322e+02
1.385999369688539105e+02 1.823656241170205874e+02 1.334224282205655356e+02
1.387475928622660888e+02 1.825837010150187893e+02 1.337136429828946405e+02
1.385646069247321179e+02 1.826878762850746512e+02 1.335338738072985620e+02
1.381096415918624700e+02 1.826143797952574630e+02 1.331497424416961906e+02
1.377878241213675494e+02 1.825815492621009071e+02 1.329195592166749975e+02
1.376675215718663878e+02 1.825209741572301141e+02 1.327698928470516648e+02
1.375242452563628888e+02 1.824913929883283572e+02 1.327283357603947138e+02
1.375823425851463924e+02 1.825554674085504985e+02 1.328919776565454640e+02
1.375978069508139754e+02 1.825132691429937495e+02 1.329939903062444273e+02
1.375175074441957008e+02 1.823240996326805714e+02 1.329262970288421855e+02
1.374570953509096114e+02 1.822178269469016811e+02 1.328918581147166833e+02
1.375748114499337191e+02 1.822927905409811160e+02 1.330584124845138945e+02
1.377997457019278897e+02 1.824679519224499415e+02 1.332729574648438415e+02
1.379826881697059378e+02 1.826243343693625150e+02 1.335050642265643717e+02
1.380601947445065036e+02 1.826405268534417132e+02 1.335208002782064511e+02
1.380390249733747794e+02 1.823588428350974766e+02 1.332490708339672665e+02
1.379842965506748556e+02 1.823012236736290674e+02 1.331843443674063678e+02
1.381380382099154644e+02 1.823760025212458515e+02 1.332046338759807895e+02
1.382150231476450131e+02 1.824803082005694534e+02 1.330624008346193250e+02
1.380906235736486281e+02 1.822810319720054792e+02 1.328328044513030193e+02
1.379757221413201762e+02 1.821068595274837492e+02 1.325997739572692353e+02
1.379510856571540387e+02 1.821267360733769465e+02 1.325326675215718524e+02
1.381349083874894177e+02 1.822582429524658210e+02 1.327315090525766834e+02
1.383022886826490492e+02 1.824705057706100888e+02 1.330009998043861117e+02
1.385053902497337504e+02 1.826682388228390153e+02 1.332277054489339037e+02
1.385160620748114582e+02 1.826212262818144154e+02 1.332099697885196292e+02
1.385465887109043877e+02 1.826496228998674098e+02 1.331544697776521957e+02
1.383942706861701026e+02 1.826405377208807010e+02 1.332457127953226461e+02
1.383630594014214523e+02 1.827673172640135704e+02 1.334123541046317030e+02
1.382764241778782548e+02 1.829058771110000237e+02 1.336209654632789352e+02
1.381999391423417194e+02 1.828945097698276356e+02 1.336477645678019428e+02
1.379653437370949121e+02 1.826869090830055029e+02 1.334555087048186124e+02
1.379053880762459414e+02 1.825836140755069721e+02 1.332582972896607316e+02
1.379901432328457531e+02 1.826992110239301041e+02 1.333995848638309951e+02
1.380973831206937632e+02 1.828353148297072437e+02 1.335484687778478019e+02
1.380874176791497234e+02 1.828548870873090095e+02 1.335827555478275883e+02
1.379425981873111766e+02 1.826867243365428521e+02 1.333811210850051054e+02
1.378046469169075579e+02 1.826379078006476959e+02 1.333896520246038904e+02
1.378541698363363821e+02 1.829235584342193874e+02 1.337308135364820032e+02
1.380155404377404409e+02 1.833343041578821442e+02 1.341861918320328755e+02
1.379026277467451962e+02 1.832689691147384110e+02 1.340826468734377954e+02
1.374113869025625547e+02 1.827008737420939326e+02 1.334824599534873641e+02
1.374617683496707059e+02 1.827276728466169686e+02 1.335647264665608986e+02
1.377363885326783759e+02 1.831880284292203669e+02 1.337714251559477532e+02
1.378569301658371273e+02 1.834902084374796232e+02 1.339430763546262710e+02
1.377722402138711857e+02 1.833639287965397955e+02 1.334668434436740654e+02
1.373810667478102232e+02 1.828235453932926191e+02 1.328052011562955101e+02
1.372231737268795371e+02 1.826937338346845081e+02 1.325599991306048935e+02
1.373510726162272704e+02 1.828900106500902041e+02 1.325915690408398291e+02
1.376185202895085808e+02 1.834046056206394439e+02 1.331039470538372882e+02
1.376461453193940372e+02 1.834944793409985095e+02 1.331439826990371387e+02
1.375685192027646906e+02 1.832693603425416882e+02 1.328743289356430353e+02
1.375844291334304046e+02 1.830701167162946490e+02 1.327363341954834937e+02
1.379232541459279844e+02 1.833330870047164751e+02 1.330789193418679019e+02
1.382054706687821977e+02 1.836167706318329067e+02 1.334690821361037933e+02
1.382958551587732927e+02 1.837646873437805652e+02 1.336098698080810152e+02
1.381355169640722522e+02 1.834410115412202060e+02 1.332282053511269453e+02
1.382958116890173699e+02 1.831192701427981433e+02 1.329162663826642472e+02
1.386032406703036486e+02 1.832059379686583043e+02 1.331355604338281751e+02
1.390988393575169937e+02 1.837440283422808704e+02 1.338219587472016485e+02
1.393674063770131966e+02 1.840245930144102147e+02 1.341945706274859162e+02
1.392610902214784119e+02 1.838479427938012236e+02 1.340355691277793539e+02
1.389713642982894726e+02 1.834440218218174721e+02 1.337554282857701651e+02
1.389945010758764568e+02 1.834682670781803608e+02 1.337994740159533933e+02
1.392533417374861529e+02 1.839117455280488684e+02 1.344944467386815745e+02
1.395991545132474130e+02 1.843220674215914414e+02 1.350629333391293017e+02
1.392493642548197101e+02 1.838622117411810848e+02 1.345300702036558107e+02
1.385621834858397392e+02 1.832514942728596452e+02 1.338999978265121911e+02
1.386582733812949755e+02 1.834218739811775833e+02 1.340642048294898814e+02
1.390620965463278935e+02 1.840189636810189313e+02 1.348010932643613273e+02
1.392408333152209252e+02 1.843105479362733377e+02 1.351348975200504299e+02
1.392155991219109410e+02 1.842589493359994890e+02 1.350243756656306289e+02
1.391411028277076127e+02 1.839385881023277989e+02 1.347180551631202547e+02
1.393372818361625036e+02 1.840054228520506854e+02 1.348122541241930890e+02
1.397633832511030505e+02 1.843448238388141363e+02 1.352253363472364072e+02
1.399075072268469171e+02 1.845311352126757924e+02 1.355238648959985994e+02
1.398449325132039291e+02 1.843748614401530119e+02 1.352814558021256630e+02
1.395959377513095205e+02 1.842360407746310500e+02 1.349552152839661687e+02
1.394085396335499638e+02 1.841712056336803585e+02 1.348280879827859735e+02
1.393492468864787384e+02 1.842093068747419125e+02 1.348031146080114695e+02
1.394190049772870452e+02 1.843714055945575865e+02 1.349812536677606545e+02
1.394054967506357343e+02 1.844270142798148129e+02 1.350032819665717625e+02
1.390553913364776406e+02 1.842782607750657462e+02 1.347782173053098234e+02
1.389041383207633373e+02 1.844041817905192602e+02 1.348607446369188665e+02
1.388562237823034593e+02 1.845527614162446355e+02 1.350238648959985994e+02
1.387975613466930440e+02 1.845678019517920347e+02 1.349524006172705413e+02
1.387519724401747396e+02 1.845539677019713452e+02 1.349105501097611466e+02
1.387328783498880682e+02 1.845715620856788917e+02 1.346300506422656440e+02
1.386644134843182883e+02 1.845144862961594470e+02 1.341630550544458629e+02
1.387615901236714535e+02 1.846085765828424883e+02 1.342977569605946542e+02
1.388741876589363073e+02 1.848405964050511727e+02 1.345584559542698173e+02
1.389909908930861491e+02 1.849980655958616751e+02 1.346628159707883299e+02
1.389705709752439873e+02 1.848667325957964636e+02 1.347554065508922179e+02
1.388777956486774201e+02 1.845527614162446355e+02 1.347992131974178847e+02
1.388875437414419025e+02 1.845485122476037247e+02 1.348683844465213326e+02
1.390020104762111828e+02 1.846455476102501621e+02 1.350968506161837865e+02
1.389984459562259644e+02 1.846011867243365430e+02 1.351118259470973157e+02
1.387454085070312431e+02 1.842749027364211258e+02 1.346981894846660452e+02
1.386136082070899249e+02 1.841285835380034257e+02 1.345269186463517883e+02
1.387145449803299471e+02 1.842664043991393044e+02 1.346625877545697563e+02
1.388343802299550021e+02 1.843304136147275472e+02 1.347890956117281291e+02
1.387737181855723918e+02 1.842299767436805951e+02 1.347082418657219307e+02
1.386512964854702261e+02 1.841616966245734659e+02 1.344950335803864334e+02
1.385463496272468547e+02 1.840772674911430329e+02 1.341933534743202472e+02
1.383729487708926627e+02 1.839399791345171593e+02 1.339846443087222099e+02
1.382641331043926129e+02 1.838652546240952859e+02 1.338275989480319197e+02
1.383603751439935650e+02 1.839708209263405081e+02 1.339321002412571318e+02
1.384051815949053434e+02 1.840250603142863213e+02 1.341155643461061970e+02
1.383498011258666907e+02 1.838260231693799085e+02 1.340618574626703605e+02
1.381997978656349915e+02 1.835254406746506106e+02 1.338446716946684205e+02
1.381640983285878974e+02 1.834115173118302948e+02 1.337392901388858775e+02
1.382322045686713352e+02 1.834541937447021098e+02 1.338116781499271895e+02
1.380185724532156826e+02 1.834763089830250635e+02 1.337131104783846638e+02
1.376989284705166483e+02 1.833738290334499652e+02 1.335608359234063016e+02
1.374038122975939586e+02 1.832589058662435662e+02 1.334174944032689325e+02
1.373951726836053808e+02 1.833464648221000175e+02 1.334721467538959701e+02
1.375099328392271048e+02 1.835160403399334825e+02 1.336081853550392395e+02
1.376534373709491490e+02 1.833913799474015889e+02 1.334826120976330799e+02
1.374761133691234249e+02 1.829756460692473183e+02 1.329512051989828194e+02
1.375141602729900683e+02 1.827764567801951898e+02 1.326833119607033495e+02
1.375654219826555789e+02 1.826436892781846950e+02 1.326475472190223570e+02
1.376593275228759694e+02 1.826687061227151219e+02 1.326535786476559053e+02
1.373438457693060002e+02 1.825947532004607865e+02 1.327178052120237339e+02
1.371150644439131554e+02 1.825500880262557359e+02 1.327462996370275334e+02
1.368236866699993470e+02 1.825698885000760754e+02 1.327530591840726686e+02
1.366599578343367511e+02 1.824286117933447713e+02 1.326487535047490667e+02
1.364239496620226362e+02 1.822192940511638994e+02 1.324966636962333553e+02
1.365645851898541707e+02 1.822578299897845966e+02 1.325399052359321104e+02
1.366855397856940897e+02 1.823710252341932971e+02 1.326410593579517183e+02
1.367342476471994530e+02 1.823465517616118632e+02 1.325887435067052138e+02
1.368076354626268767e+02 1.823487795866026318e+02 1.325992414527592302e+02
1.369436631963311584e+02 1.824467495490012823e+02 1.327769892847051665e+02
1.373395748657871422e+02 1.825020539459671056e+02 1.329563672324979962e+02
1.376475580864613448e+02 1.824351539916103491e+02 1.328747962355191419e+02
1.377654263296311683e+02 1.823366080549457706e+02 1.327768371405594507e+02
1.379523028103197078e+02 1.823911843334999787e+02 1.329138320763328807e+02
1.381492751418200839e+02 1.826331152600578207e+02 1.331494707557216941e+02
1.379579430111499789e+02 1.826741507096437545e+02 1.332376056858440734e+02
1.374252537547001793e+02 1.823921732704470742e+02 1.328955313090916945e+02
1.372361059792649201e+02 1.823491490795279049e+02 1.328640918081244990e+02
1.373001586646090857e+02 1.825536416788019665e+02 1.331365276358973233e+02
1.373854137234019390e+02 1.828700688995631367e+02 1.335597274446303970e+02
1.373041035449585934e+02 1.829578778065161089e+02 1.334945880153883024e+02
1.369816992327588139e+02 1.827658392923123643e+02 1.331965485013801640e+02
1.367151970266687044e+02 1.824411528179269339e+02 1.328294898824143218e+02
1.367285313742963240e+02 1.825216479384468187e+02 1.328806320502510516e+02
1.370192571018713750e+02 1.829862092199352332e+02 1.333930426655654458e+02
1.372966702166967252e+02 1.832207828903040649e+02 1.337082962029168129e+02
1.371709122128279148e+02 1.828614836227694695e+02 1.334679301875719943e+02
1.370387424199613235e+02 1.825308743941402838e+02 1.331534047686322140e+02
1.372077636984068363e+02 1.826205416331587230e+02 1.334024756025994805e+02
1.375548044947727533e+02 1.831108370101501919e+02 1.340301680106066158e+02
1.376555239192331896e+02 1.832804342628616041e+02 1.339314047251624800e+02
1.375488491382120912e+02 1.830639331435154133e+02 1.334404573018322537e+02
1.370494794496729014e+02 1.825519246234432273e+02 1.327808254906648813e+02
1.370463713621248019e+02 1.824115173118302948e+02 1.326021647938446790e+02
1.371460366450042443e+02 1.825918407268143255e+02 1.327636223347605835e+02
1.377942793801212815e+02 1.830172466256601922e+02 1.334520419917842275e+02
1.379539220587276418e+02 1.828913799474015889e+02 1.334122454302419101e+02
1.379283401073703033e+02 1.823555173987698197e+02 1.329929144297854862e+02
1.380579777869547229e+02 1.822509182985937457e+02 1.329582799017583454e+02
1.383778065161164079e+02 1.826314525418939638e+02 1.333613749483796767e+02
1.381195852985285626e+02 1.830406550892216728e+02 1.337472451042187345e+02
1.376936142928557558e+02 1.830816362016127243e+02 1.336877893455628339e+02
1.371529483361950952e+02 1.826926362233476198e+02 1.333139603121128403e+02
1.369434349801125848e+02 1.825792562324762685e+02 1.331755526092721027e+02
1.369695711708578756e+02 1.826906148796974492e+02 1.332780434262861604e+02
1.370788758721119791e+02 1.827405833641244044e+02 1.332698928470516648e+02
1.371436349409898128e+02 1.828344889043447949e+02 1.333448673085700591e+02
1.370202895085744217e+02 1.826798452476689363e+02 1.331274967941054967e+02
1.369017257493099180e+02 1.824870568801756292e+02 1.328637657849551204e+02
1.369271664239605286e+02 1.824781129778956199e+02 1.328522136973200816e+02
1.370288204481731782e+02 1.826309852420178572e+02 1.328868264904692467e+02
1.371256167271620825e+02 1.828534308504857790e+02 1.331075876458953644e+02
1.368783716229433480e+02 1.827299658762416072e+02 1.327966810841357130e+02
1.363184920341672353e+02 1.821396465908843822e+02 1.320920798104718585e+02
1.361166728248821016e+02 1.818850985676715482e+02 1.317369427720663282e+02
1.361406463952704939e+02 1.818061792258036462e+02 1.317177726097067989e+02
1.361295290051946267e+02 1.818474428916081536e+02 1.317261079354039452e+02
1.360013475624334376e+02 1.817272381490577970e+02 1.315388293594731408e+02
1.355826577408767832e+02 1.810905909713316930e+02 1.309746462648612351e+02
1.355382316503292941e+02 1.810189745484579191e+02 1.308629072572757366e+02
1.354515203547132103e+02 1.809789715055750037e+02 1.308796539807428871e+02
1.352788258818926863e+02 1.809864157012758312e+02 1.309768197526570930e+02
1.351615662153056974e+02 1.810480123454106831e+02 1.310982959855680292e+02
1.350850594448912148e+02 1.809975004890347634e+02 1.310834510639222685e+02
1.349864374361538069e+02 1.808838596796279035e+02 1.309859157990827896e+02
1.351094133756438964e+02 1.808845986654785065e+02 1.308137538307722423e+02
1.354420330804842649e+02 1.811034362842052587e+02 1.310088460953291758e+02
1.358934990980025646e+02 1.816358647221195781e+02 1.315389597687409093e+02
1.360487948010171806e+02 1.817044599969571266e+02 1.316181181942663443e+02
1.356896042078723781e+02 1.812325957964746124e+02 1.309909256884522506e+02
1.356224434349801129e+02 1.811560238214262313e+02 1.303512247603729577e+02
1.357169358169053908e+02 1.813009193853376644e+02 1.301396900606403051e+02
1.357094590188875998e+02 1.812974961420591740e+02 1.299577256623703931e+02
1.354988480514682010e+02 1.810188115368732156e+02 1.295539568345323858e+02
1.355041513616901057e+02 1.810345910582712179e+02 1.294373274794062070e+02
1.349927188158838476e+02 1.809226020995891986e+02 1.297673389988915176e+02
1.346357125779738624e+02 1.809236671086091803e+02 1.300361885718011763e+02
1.346618596361581410e+02 1.811403855767349853e+02 1.305798430741811273e+02
1.347704036166836943e+02 1.815994261992218810e+02 1.312077310960899013e+02
1.346982546892999153e+02 1.815579234497598407e+02 1.312119585298528648e+02
1.344378491164772242e+02 1.812530048468777863e+02 1.307754569758090781e+02
1.344572583624942865e+02 1.812171205633680415e+02 1.306465039448803509e+02
1.347153057010584973e+02 1.815560651176943736e+02 1.310068573539959687e+02
1.348419874372405332e+02 1.818544089199939151e+02 1.312982894651046593e+02
1.346193896846269240e+02 1.814810580538590159e+02 1.307998326414397070e+02
1.348038318589841253e+02 1.807804777326175270e+02 1.301373970310156665e+02
1.351537633941185561e+02 1.807465278532461070e+02 1.301635223543219695e+02
1.355138885870155718e+02 1.809049533786867698e+02 1.302944858614618795e+02
1.356307896281162471e+02 1.808719272316286037e+02 1.301929839813949457e+02
1.354693755569562370e+02 1.805048686126627331e+02 1.298158512464952423e+02
1.347816731509052488e+02 1.796861483622769526e+02 1.291240409485100713e+02
1.346603055923841055e+02 1.795978721554478454e+02 1.290854072029385691e+02
1.348406507422460834e+02 1.800487948010171806e+02 1.296481883979221550e+02
1.348558216870612227e+02 1.801850507509400359e+02 1.297588189267317205e+02
1.344938164272207644e+02 1.797066769545089073e+02 1.292401377991262450e+02
1.341754874046382326e+02 1.792906496555021931e+02 1.287255645634549808e+02
1.342164359147123491e+02 1.794784172661870514e+02 1.287799669629854975e+02
1.342623291095220566e+02 1.797957573518224592e+02 1.290686170097154957e+02
1.341440153013540737e+02 1.796839205372861841e+02 1.288506379186680988e+02
1.336328435740833243e+02 1.790885913625594981e+02 1.280702579930013769e+02
1.335511965050316121e+02 1.787513638635919051e+02 1.278601360603360177e+02
1.339012149796778886e+02 1.790495011845508486e+02 1.284234714947075702e+02
1.344699189289052015e+02 1.796686300506422640e+02 1.294772109804603417e+02
1.346437218805016300e+02 1.798594514116803111e+02 1.296822795540003028e+02
1.345242778586798238e+02 1.796586320067812892e+02 1.294787541567954179e+02
1.340480558151666060e+02 1.790277119693973020e+02 1.285974048555717388e+02
1.341822686865613150e+02 1.793501271490360693e+02 1.286732052424525534e+02
1.346536981894846576e+02 1.801172814014649362e+02 1.294134734508465669e+02
1.347731856810623867e+02 1.803134278076028636e+02 1.295280488600056401e+02
1.341909191679888806e+02 1.796135538698950143e+02 1.287309439457497433e+02
1.336615553478667096e+02 1.788246756069464709e+02 1.280051076963202945e+02
1.338094503249364209e+02 1.789958377708709065e+02 1.281975700406442229e+02
1.342931274315894825e+02 1.798249038231650445e+02 1.292895520441652764e+02
1.344298072116324931e+02 1.799815579560520860e+02 1.294910017605251085e+02
1.340925905801038880e+02 1.794912625790606171e+02 1.289559325349388246e+02
1.339244604316546656e+02 1.791873220456867273e+02 1.283676671955487052e+02
1.341459171031754636e+02 1.793293051359516710e+02 1.285385359386206972e+02
1.348901953965528548e+02 1.802511791171292543e+02 1.294559651372557596e+02
1.351302679910452298e+02 1.806009802429959450e+02 1.298392705774957108e+02
1.346882675128779283e+02 1.800928187963224616e+02 1.292581668803929631e+02
1.337016670651394179e+02 1.792445499793518593e+02 1.283495729096481170e+02
1.336776934947510256e+02 1.793341628811754163e+02 1.284188854354582929e+02
1.338425851463844083e+02 1.800005216370710173e+02 1.290967528092329815e+02
1.338268273598643816e+02 1.803696450694429245e+02 1.294508139711795422e+02
1.333536916690212877e+02 1.798592992675346238e+02 1.288957812601882154e+02
1.329549653328696479e+02 1.790530222347801441e+02 1.279317307483318444e+02
1.331426134017257539e+02 1.791703688408789503e+02 1.279387945836684111e+02
1.335106283553217850e+02 1.796737812167184813e+02 1.285445347649372820e+02
1.337979851768132278e+02 1.800932426264426454e+02 1.289290138885870078e+02
1.336876915386120004e+02 1.799352626660001420e+02 1.286706079245365117e+02
1.331778456388967413e+02 1.788353365645851909e+02 1.277140668130148384e+02
1.331594144623877867e+02 1.786961464061379274e+02 1.275474363711447694e+02
1.334630181051533384e+02 1.790590862657306275e+02 1.280447412462779084e+02
1.337109587254667531e+02 1.794323719272316282e+02 1.284980655958616751e+02
1.335122367362907312e+02 1.791442978547675580e+02 1.282465169858071192e+02
1.326864417831293963e+02 1.781515029668108525e+02 1.274158968897389599e+02
1.322962572540155293e+02 1.777257819122345666e+02 1.269817209676367611e+02
1.325122693386076662e+02 1.781370492729683406e+02 1.274289378165141642e+02
1.327530157143167742e+02 1.787762394314156040e+02 1.282137951270403562e+02
1.327970940468169374e+02 1.788105370688343498e+02 1.282449629420330837e+02
1.325284835575648117e+02 1.783650698776326351e+02 1.277988654393705588e+02
1.325007498532895625e+02 1.782945619335347374e+02 1.276551326914299409e+02
1.327903236323328144e+02 1.785476428524853816e+02 1.280244300028255395e+02
1.331282466473950876e+02 1.789671368645265090e+02 1.285144536938425119e+02
1.331212697515703383e+02 1.789488360972853229e+02 1.284380990675737451e+02
1.328782412136755795e+02 1.785053685148558031e+02 1.281000673781216790e+02
1.327301723575822052e+02 1.781765958834141088e+02 1.278297398335108284e+02
1.328799256667173836e+02 1.783513660370797140e+02 1.280658240778978154e+02
1.334710491425590533e+02 1.791463191984177001e+02 1.290576952335412670e+02
1.334970440565976162e+02 1.791715533917277128e+02 1.290851463844030604e+02
1.329253298267730088e+02 1.784842748157969083e+02 1.280566084896433381e+02
1.328085809298180777e+02 1.783358147319002853e+02 1.277048838270773103e+02
1.330600317329218285e+02 1.787060249081701500e+02 1.280402421265404485e+02
1.334656371579473557e+02 1.793870981764437431e+02 1.287630463604946840e+02
1.335359820904605499e+02 1.795418396400704069e+02 1.288450411875937220e+02
1.328101132387141661e+02 1.788649829381207894e+02 1.281348757851724542e+02
1.323467365080745139e+02 1.784470429698537259e+02 1.277016453302614707e+02
1.324885891890717176e+02 1.787755439153209238e+02 1.280001412767067279e+02
1.329922623834467288e+02 1.796886261383642420e+02 1.290279727879327822e+02
1.330267991045230360e+02 1.797548523115042656e+02 1.291218457258362378e+02
1.327221956573713726e+02 1.790141711404290561e+02 1.282713056141189725e+02
1.325342976374187742e+02 1.786065335043143705e+02 1.278275120085200740e+02
1.326817796518072612e+02 1.787001999608772280e+02 1.278967049925014692e+02
1.332942359103653587e+02 1.794618226868656166e+02 1.287769784172661787e+02
1.335677041448412297e+02 1.797719576604577298e+02 1.291788889130387474e+02
1.332893346953856906e+02 1.795410354495859622e+02 1.289817861722706311e+02
1.327951161729226897e+02 1.789137777391379984e+02 1.285165402421265526e+02
1.327975287443761090e+02 1.790242995935577710e+02 1.286801386685213799e+02
1.332395618248603455e+02 1.796951357343128564e+02 1.295256145536742736e+02
1.334842639483579205e+02 1.802053728618313926e+02 1.300521528396618010e+02
1.333630594014214523e+02 1.802475819948271010e+02 1.298812732291508212e+02
1.331254971853333018e+02 1.800918950640092078e+02 1.295132908778717251e+02
1.328681344954248118e+02 1.797698167749788070e+02 1.290118237736095068e+02
1.329272316285943987e+02 1.799271990262774636e+02 1.290512508422265228e+02
1.332260862005259980e+02 1.802380729857201800e+02 1.293642982894650970e+02
1.336394183746658371e+02 1.802564389575952646e+02 1.294455215283966254e+02
1.339527483753178672e+02 1.799720706818231122e+02 1.292173161772696517e+02
1.340807776739333690e+02 1.797179356212914740e+02 1.289307092090677997e+02
1.342105131604685937e+02 1.797920298202525657e+02 1.289697885196374614e+02
1.345440891999391511e+02 1.800425134212871399e+02 1.292707296398530730e+02
1.345634658436392783e+02 1.802746527853246050e+02 1.296518507248581784e+02
1.345204742550370440e+02 1.802025799300136839e+02 1.298081027625029833e+02
1.342114260253428597e+02 1.799217435719098432e+02 1.295302006129235508e+02
1.340726488295768206e+02 1.797341498402486479e+02 1.294045947532004561e+02
1.341002195222673947e+02 1.797464517811732492e+02 1.294780043035058270e+02
1.343509313395205425e+02 1.800643026364406865e+02 1.298777087091656028e+02
1.345916233780347397e+02 1.803562672520593821e+02 1.301437870851355285e+02
1.344535634332413281e+02 1.800919167988871834e+02 1.298289791127822923e+02
1.342565476319850575e+02 1.798112869221239407e+02 1.295150405355473993e+02
1.344775478710687082e+02 1.801399400117368259e+02 1.298536916690212877e+02
1.347596448520941692e+02 1.804893716446782150e+02 1.301733899889152042e+02
