2.148888442852437493e+02 7.738830904150196943e+01 1.012663558135704847e+02
2.149631265096618336e+02 7.746014149648659952e+01 1.013438014657444057e+02
2.149763497749231362e+02 7.747481952678963069e+01 1.013592617753623131e+02
2.154415760869565304e+02 7.789148962450592251e+01 1.018110726833552917e+02
2.153698499945103322e+02 7.847008467830478651e+01 1.021293471398770265e+02
2.152164923693456444e+02 7.868488554018445313e+01 1.019771492094861713e+02
2.151194279754062393e+02 7.907382246376810997e+01 1.018093228480456673e+02
2.152726586517347300e+02 7.935063954765041672e+01 1.017620567083882293e+02
2.153241038098375100e+02 7.961312856829161433e+01 1.015063337176108860e+02
2.151739885265700423e+02 7.963235617039964609e+01 1.012272933135704847e+02
2.150425621706192487e+02 7.958503856499780227e+01 1.010581254117259533e+02
2.149568957235397590e+02 7.952490598924022436e+01 1.009870615118577035e+02
2.148235342555994691e+02 7.959574687088273492e+01 1.006960158651734787e+02
2.144931070212999487e+02 7.953341499231444800e+01 1.002717905961791871e+02
2.143009510869565304e+02 7.951527503293807797e+01 1.000469779314887973e+02
2.143614816644708014e+02 7.961045234958278627e+01 1.001074673364075522e+02
2.144154863855950737e+02 7.983832207949055260e+01 1.002871170948616566e+02
2.141603603974527914e+02 7.995530028546332346e+01 1.005169836956521721e+02
2.136962182971014386e+02 8.006343667654809337e+01 1.007006992479139171e+02
2.132086524209486242e+02 7.991111179732104119e+01 1.006432977876592076e+02
2.128836359519104064e+02 7.969630064229248489e+01 1.004576711407553802e+02
2.126291687252964380e+02 7.944763875164690603e+01 1.003069931653491409e+02
2.121546648550724683e+02 7.934612428634167713e+01 1.000636391084760675e+02
2.118545372200263444e+02 7.930818373956961409e+01 9.994957043258673934e+01
2.117943257301273547e+02 7.934354070597277087e+01 9.993854647013614567e+01
2.117462498627580203e+02 7.929375617588932812e+01 9.986471714426878066e+01
2.117541961736934581e+02 7.930103686319718292e+01 9.985400540733421337e+01
2.117751873353096244e+02 7.952634016798418770e+01 1.000409221288976767e+02
2.118099026954325836e+02 7.979663825757575069e+01 1.004073856774264328e+02
2.118794981060605949e+02 7.988931090799297863e+01 1.005889499615722400e+02
2.119996603260869676e+02 7.998256683684672907e+01 1.006978377525252455e+02
2.120574975296442801e+02 7.996851668862538531e+01 1.007432202459376356e+02
2.120464598429951764e+02 7.998026117149758818e+01 1.007317708333333286e+02
2.123359889657444057e+02 7.981075702678963069e+01 1.006286574989020579e+02
2.125503643774703448e+02 7.958503170289854722e+01 1.004326519268774689e+02
2.127250356829161149e+02 7.942191617259551606e+01 1.003036067193675933e+02
2.127952967171717091e+02 7.934072381422924991e+01 1.002500823451910463e+02
2.128412521958717605e+02 7.922114487263944227e+01 1.001535326086956559e+02
2.128485466073781254e+02 7.907181873078612000e+01 1.002275472112428645e+02
2.129328543588054572e+02 7.898569252305665600e+01 1.004012200812472599e+02
2.130903772782169483e+02 7.904792147013614567e+01 1.005549139492753596e+02
2.131960433135704989e+02 7.894992726174791642e+01 1.005956370772946826e+02
2.132048027832674677e+02 7.886869029973649958e+01 1.005753492808519951e+02
2.131384085419411463e+02 7.892582756916995379e+01 1.004221151734738697e+02
2.131777043533157610e+02 7.905116724308300036e+01 1.003842260924461982e+02
2.131831906016688549e+02 7.913935551163811510e+01 1.003672389657444057e+02
2.131117630105401872e+02 7.915334733201581230e+01 1.003319814997804116e+02
2.131363464811155097e+02 7.918289210035133863e+01 1.003425045289855007e+02
2.132464763120333657e+02 7.927695089481774460e+01 1.004087306488801090e+02
2.132407739075538018e+02 7.936223306433903701e+01 1.004865056818181870e+02
2.130773941864295011e+02 7.952987414909969743e+01 1.005644179567413232e+02
2.132023392896354892e+02 7.969022082235397875e+01 1.007129206466842390e+02
2.133633961901624900e+02 7.986572244180939606e+01 1.008831384497145365e+02
2.134516016139657495e+02 7.985557339701361457e+01 1.007576512406675420e+02
2.134445782553798949e+02 7.980566191809398902e+01 1.005516956247255109e+02
2.135793876262626156e+02 7.976572793148879725e+01 1.004757836517347442e+02
2.137743913317962097e+02 7.975490296991655725e+01 1.003925086462450622e+02
2.138103830423803231e+02 7.973577829929732275e+01 1.003552611714975882e+02
2.138372104194115195e+02 7.965660682916117707e+01 1.003358105511638172e+02
2.138562699000878240e+02 7.960602286451471343e+01 1.003230230292050891e+02
2.138580265974967176e+02 7.940962958388230675e+01 1.001934391469038275e+02
2.139250624451032081e+02 7.946460186100131295e+01 1.002480134222661405e+02
2.139455012077294782e+02 7.949779726613965636e+01 1.002617685002195884e+02
2.138889746651295525e+02 7.953231019433465576e+01 1.003627202733860315e+02
2.137630585748792384e+02 7.962360699385155272e+01 1.004745621980676304e+02
2.136917750878348841e+02 7.966395613746156812e+01 1.005485219038208129e+02
2.136909344806763329e+02 7.973303345959595845e+01 1.006079785628019323e+02
2.137806873078612284e+02 7.977750329380764072e+01 1.006806310386473484e+02
2.137931385869565304e+02 7.978617355621432239e+01 1.006722489844093076e+02
2.138409536945542300e+02 7.979548542490118734e+01 1.006767711078173022e+02
2.139014190821256136e+02 7.981612318840579690e+01 1.006610809178744006e+02
2.140174606115502911e+02 7.979411300505050519e+01 1.006268630599472971e+02
2.141081707015810309e+02 7.982733242753623415e+01 1.006153415953008334e+02
2.141585316480017696e+02 7.985314764492753170e+01 1.005714104358805514e+02
2.141467940272288217e+02 7.985812609793588024e+01 1.005287316095739953e+02
2.141970657663592306e+02 7.990607844751866651e+01 1.005267004281949994e+02
2.143161026021080318e+02 7.996912055335968716e+01 1.005120292599912233e+02
2.143147233201580946e+02 7.993212011418533791e+01 1.004663139547650417e+02
2.143244023111550405e+02 7.982969985177865624e+01 1.003885011802810681e+02
2.143771855786121989e+02 7.980124272617479164e+01 1.003933801328502398e+02
2.145304677206851238e+02 7.990652448397013075e+01 1.004935427646025516e+02
2.146417572463768124e+02 7.988044164470794328e+01 1.005206343324549891e+02
2.145632582619674906e+02 7.978755970026350042e+01 1.004094648935002141e+02
2.145310166886253853e+02 7.974260265700483785e+01 1.004824879227053174e+02
2.145739734299516783e+02 7.978295866271409409e+01 1.006107199714536620e+02
2.146662480786121989e+02 7.976595438076415689e+01 1.006111316974088652e+02
2.146459568511199052e+02 7.968601778656126555e+01 1.005309412055335940e+02
2.146152729743083114e+02 7.962345259661836394e+01 1.004883104139218233e+02
2.146846385046113426e+02 7.960401570048308884e+01 1.005661026021080318e+02
2.147170996651295525e+02 7.955308176877470316e+01 1.006158837011418541e+02
2.147625885210803744e+02 7.949013573232323893e+01 1.006449378293807655e+02
2.147957667709705731e+02 7.943957578502416084e+01 1.006829195487483588e+02
2.148475687582345302e+02 7.943485466073781254e+01 1.007026412220026401e+02
2.146585144927536248e+02 7.945482680061483904e+01 1.007875150966183639e+02
2.144859155412823952e+02 7.954119661286780740e+01 1.008896883234519066e+02
2.143902098429951764e+02 7.961392800285463522e+01 1.009489219642072868e+02
2.142412954270970715e+02 7.962870896464646364e+01 1.010042922430830004e+02
2.141728974527887601e+02 7.956204023935002567e+01 1.009767374835309681e+02
2.143125102931488755e+02 7.950659104633290042e+01 1.009212745663153328e+02
2.144568511198945941e+02 7.947833635265700991e+01 1.008485122968818644e+02
2.145703399483970202e+02 7.939734642621870364e+01 1.007726552206851096e+02
2.145768074769433440e+02 7.930259112867808824e+01 1.006914594312692088e+02
2.144781750933245519e+02 7.924990049956082316e+01 1.006298892457180472e+02
2.143518095355731248e+02 7.933300052151953707e+01 1.006331281565656610e+02
2.143134332454984587e+02 7.944434151295564561e+01 1.006503348704435723e+02
2.142796511308739582e+02 7.948440931049626101e+01 1.006423268006148390e+02
2.142711730072463752e+02 7.952638820267895881e+01 1.006405735342555943e+02
2.141982288921826978e+02 7.950090236605181815e+01 1.005797753348704475e+02
2.141581302151954276e+02 7.952657691040843702e+01 1.004389616271409693e+02
2.141265474033816361e+02 7.955649223210365051e+01 1.003009956906016669e+02
2.141665637351778742e+02 7.961876921387791128e+01 1.002704353315766355e+02
2.141800820707070727e+02 7.963446969696970257e+01 1.002142553249890256e+02
2.141653079710144993e+02 7.963871733640755224e+01 1.001775979907773433e+02
2.141033260595081344e+02 7.965643184563020895e+01 1.001725646409749686e+02
2.141415136418533223e+02 7.968649470245937039e+01 1.002553695926657866e+02
2.143013799681598641e+02 7.975228164800175534e+01 1.003747152228809796e+02
2.143838280906894909e+02 7.976482556543697910e+01 1.003913901240667599e+02
2.143248963823012616e+02 7.975198657773385946e+01 1.003696990283267496e+02
2.144742636967501141e+02 7.963354674462011928e+01 1.003166138285024118e+02
2.147021334266578947e+02 7.951718612758014615e+01 1.002998154095300833e+02
2.149562609793588024e+02 7.922716979578392227e+01 1.001973951471234017e+02
2.149549811978480420e+02 7.922918382191480191e+01 1.002215463054457558e+02
2.148391386693017182e+02 7.927162247474747403e+01 1.001956933465085626e+02
2.145011082290294269e+02 7.941344491106718806e+01 1.003391695487483588e+02
2.142618062417654698e+02 7.951719298967940119e+01 1.004464241600790473e+02
2.141256862099253340e+02 7.957341073781290675e+01 1.004919095849802346e+02
2.139636617534036134e+02 7.954729015700483785e+01 1.004881800340360058e+02
2.136375850900307398e+02 7.945105950812472884e+01 1.003755283816425106e+02
2.133530584376372303e+02 7.929072999011857803e+01 1.001999787274923079e+02
2.132170241820377612e+02 7.912278011089152585e+01 1.000757472826087024e+02
2.131205705149319272e+02 7.901935455094422878e+01 9.996429306653492119e+01
2.129357741820377612e+02 7.891894145256917170e+01 9.980940862428634830e+01
2.127400225076855520e+02 7.887886336187966663e+01 9.974317221124286448e+01
2.126923103315766355e+02 7.884626152832674961e+01 9.977455259112868191e+01
2.127496740502854493e+02 7.883796181927975510e+01 9.986313199934123475e+01
2.129438851833552917e+02 7.886763353645146424e+01 9.999071901075977564e+01
2.131022590030742094e+02 7.889474912165130149e+01 1.000832509881422965e+02
2.132162727821695114e+02 7.893343763724197970e+01 1.001535394707949109e+02
2.134173494455423850e+02 7.906887832125603666e+01 1.004129988746157238e+02
2.136609162274923222e+02 7.913391386693017182e+01 1.005916707839262187e+02
2.139418848814229364e+02 7.915624313790074496e+01 1.007068099472990781e+02
2.140837656455863112e+02 7.918872831576635463e+01 1.007697834321475625e+02
2.140533974253403642e+02 7.918442234848484418e+01 1.007480134222661405e+02
2.139975502305665316e+02 7.913403738471673421e+01 1.007170001646903756e+02
2.140603109903381664e+02 7.916923309178743295e+01 1.007102204106280254e+02
2.141402372913921965e+02 7.919262255709266185e+01 1.007144097222222285e+02
2.141311347167325323e+02 7.919320926657883319e+01 1.007101861001317502e+02
2.141015899483970202e+02 7.916933259222660979e+01 1.007114521574440005e+02
2.141754741710583971e+02 7.926949179292928704e+01 1.006862133563899846e+02
2.144113382465963866e+02 7.938565340909090651e+01 1.007319766963109373e+02
2.145320048309178844e+02 7.943487181598594304e+01 1.007023701690821298e+02
2.143636226394378639e+02 7.937765563241106292e+01 1.005953282828282767e+02
2.141076594751866367e+02 7.938772919411506734e+01 1.005854537220026401e+02
2.141677097057531967e+02 7.946735013175231188e+01 1.005828461242863483e+02
2.142965970849802488e+02 7.953378554567413516e+01 1.006556083937198025e+02
2.142937355895915630e+02 7.953550107048748430e+01 1.006372316919191974e+02
2.141589742534036134e+02 7.946735699385155272e+01 1.004976119894598128e+02
2.140944876756697397e+02 7.944533994839702018e+01 1.005046902448397077e+02
2.140617623243302603e+02 7.957858132960035391e+01 1.006448143115942031e+02
2.140175944224857290e+02 7.961294329161177075e+01 1.007511665568730734e+02
2.139666124560825722e+02 7.958691191809398902e+01 1.008094360726833543e+02
2.138949241051822696e+02 7.954925271739129755e+01 1.008256855237154213e+02
2.138120745498463009e+02 7.955290678524373504e+01 1.007802687198067702e+02
2.137458415678524375e+02 7.953039223759331833e+01 1.007835831137461611e+02
2.136440972222222285e+02 7.946907251866491606e+01 1.007335721343873587e+02
2.135866065546772177e+02 7.943526295564339534e+01 1.006992204655248173e+02
2.136217542270531453e+02 7.945728343214756251e+01 1.006897507685551147e+02
2.136309700263504681e+02 7.947069197408870878e+01 1.006578969038208129e+02
2.136216547266139685e+02 7.946458813680281708e+01 1.004493405522617451e+02
2.136393520805884805e+02 7.947723498572683809e+01 1.003727114898989896e+02
2.137275506422924991e+02 7.960336037000439546e+01 1.004353899044795781e+02
2.138424153216951993e+02 7.969669864404919224e+01 1.005221199769433440e+02
2.138699563570487499e+02 7.968543450812472884e+01 1.004973443675889371e+02
2.138508213932806257e+02 7.958916954874835881e+01 1.004668320432586768e+02
2.138570590415019694e+02 7.957838919082125528e+01 1.004982879062362713e+02
2.139402722880983845e+02 7.959641935660957301e+01 1.005526323012736043e+02
2.140663496376811565e+02 7.959491655687307343e+01 1.005375288208168598e+02
2.141181070212999487e+02 7.954982913372859343e+01 1.004989672540623644e+02
2.141162062198067702e+02 7.955267690491875499e+01 1.004884270696091306e+02
2.141561848100570842e+02 7.957517086627140657e+01 1.005406339207290358e+02
2.141939743906455931e+02 7.936641208278436466e+01 1.004368446695213066e+02
2.143124691205533736e+02 7.947195116930171821e+01 1.005338541666666714e+02
2.143730683190601667e+02 7.955984093653930245e+01 1.006186834376372445e+02
2.143138140920070214e+02 7.959102231554676621e+01 1.006401480841018952e+02
2.142384545180061366e+02 7.959964797430829719e+01 1.006186285408432184e+02
2.141552927371541557e+02 7.957548652283706758e+01 1.005741415513834056e+02
2.141892841458058854e+02 7.958145998023715606e+01 1.005838960254721144e+02
2.142706892292490011e+02 7.956368714317083857e+01 1.005552673473869163e+02
2.144382445377689805e+02 7.947865544027229134e+01 1.004731657608695627e+02
2.145232831027668112e+02 7.944608448616601493e+01 1.004264726064997859e+02
2.147157409694773946e+02 7.944584774374176561e+01 1.003740701855511617e+02
2.148476030687307912e+02 7.944478411835748943e+01 1.003633104139218233e+02
2.148320569828721887e+02 7.937390892621870364e+01 1.002993179073342134e+02
2.148299846288976767e+02 7.931120306324110913e+01 1.003433382740447968e+02
2.148585824275362199e+02 7.933644529534474543e+01 1.004694808135704847e+02
2.148492396794027286e+02 7.934545866271409409e+01 1.005598924022837082e+02
2.148055864350021977e+02 7.928754597606500454e+01 1.005541522562582344e+02
2.147739555884936351e+02 7.921822848045674448e+01 1.004961297760210783e+02
2.148268966842336454e+02 7.922640124066754197e+01 1.005837176108915259e+02
2.149056289800175534e+02 7.928418354743082830e+01 1.006989768610013130e+02
2.148840716952130094e+02 7.929748572683355690e+01 1.007354454874835312e+02
2.148660895641194486e+02 7.923741834101888060e+01 1.007493309453227965e+02
2.148817042709705731e+02 7.923206933465085910e+01 1.007578159310496204e+02
2.148637427261747916e+02 7.933764616271409409e+01 1.007471419356609630e+02
2.148433451361440518e+02 7.939310907992972943e+01 1.007080657114624529e+02
2.147713617149758534e+02 7.939733613306982818e+01 1.006248627580149275e+02
2.146339653326745633e+02 7.943729756807202591e+01 1.005775245663153328e+02
2.146255352437417514e+02 7.948502689942907296e+01 1.006063145037329889e+02
2.147164168862538531e+02 7.947675806982871904e+01 1.004812939174352238e+02
2.147517738526570099e+02 7.950006518994290161e+01 1.004274984903381664e+02
2.147619194664031568e+02 7.952247337505490066e+01 1.004722290843214694e+02
2.147950736989459699e+02 7.958986948287220287e+01 1.005002847771190204e+02
2.148322731389986870e+02 7.958210158651735355e+01 1.005024463383838338e+02
2.149191198671497602e+02 7.949559796332894734e+01 1.004423480731225311e+02
2.149897411616161662e+02 7.946995772946860370e+01 1.004084733201581088e+02
2.150228576526130837e+02 7.954209211682038472e+01 1.005203804347826093e+02
2.148490955753184153e+02 7.958539882520861397e+01 1.005402873847167342e+02
2.147201018335529170e+02 7.952530742204655212e+01 1.004701773166447083e+02
2.146955458113746147e+02 7.944523015480895367e+01 1.004659331082564790e+02
2.146972407498901987e+02 7.941817975955204645e+01 1.004744215250329376e+02
2.147348278985507193e+02 7.941201416337285934e+01 1.005406304896794012e+02
2.147437863691260418e+02 7.937342514822134376e+01 1.005558334705753225e+02
2.147944698342116681e+02 7.937724047540623928e+01 1.005667716567852494e+02
2.149001976284584998e+02 7.944338768115942173e+01 1.006817701471234017e+02
2.149456487428634262e+02 7.947110713109354663e+01 1.007362998188405783e+02
2.148670296717171766e+02 7.943162261198945373e+01 1.006857947683355263e+02
2.148287048473869163e+02 7.937296538757136943e+01 1.006298137626262559e+02
2.148562904863856033e+02 7.939860219038207845e+01 1.006924784530083485e+02
2.148889403546332915e+02 7.941291652942467749e+01 1.007887468434343390e+02
2.148865008783486985e+02 7.937535682916117707e+01 1.008747804128238954e+02
2.148512125329380638e+02 7.925984368137901015e+01 1.008818929787000371e+02
2.148432730841018952e+02 7.926527846398769839e+01 1.008488176602986357e+02
2.148528079710144993e+02 7.926634552042160919e+01 1.008694828722002654e+02
2.147885066699604693e+02 7.929985658212559940e+01 1.006917098978919682e+02
2.147904966787439491e+02 7.931470616490996406e+01 1.005750816589811194e+02
2.147359498517786562e+02 7.932508852108037445e+01 1.005140707345191089e+02
2.146713054457619592e+02 7.933094532279315558e+01 1.004545523166447083e+02
2.146297828831796153e+02 7.935317166227491725e+01 1.003811209925340364e+02
2.145945460035133863e+02 7.927199302810716119e+01 1.004263490887132235e+02
2.145870114185331659e+02 7.922535133948177588e+01 1.005546428963548493e+02
2.145065121321914887e+02 7.910810551163811510e+01 1.006701663372859059e+02
2.146824186155028542e+02 7.919359011308739582e+01 1.008147541996047494e+02
2.148582393225735530e+02 7.917072559837505707e+01 1.007546833827404527e+02
2.150289271794027286e+02 7.915333017676768179e+01 1.007366223375054943e+02
2.150480998847167200e+02 7.916689654699165146e+01 1.007938110726833543e+02
2.150149902558190718e+02 7.917692207400088478e+01 1.008207242259552032e+02
2.150068964097496576e+02 7.916810084541063475e+01 1.007981719367588909e+02
2.150369078008344275e+02 7.917861015041721373e+01 1.008299674736495319e+02
2.148683917984189691e+02 7.936042490118576609e+01 1.007716293368467291e+02
2.144446057037768867e+02 7.952400705423802663e+01 1.006719813625384319e+02
2.141645565711462496e+02 7.956172801383398507e+01 1.005927103919631094e+02
2.141310214920948738e+02 7.963383495278876012e+01 1.005770510814668484e+02
2.140967041337285934e+02 7.968154712889767666e+01 1.005858482927097128e+02
2.140657594971453648e+02 7.966777146464646364e+01 1.006473773056653442e+02
2.140414676657883319e+02 7.961815162494509934e+01 1.006853864734299577e+02
2.140977540349143737e+02 7.962763847716293242e+01 1.007355655742204590e+02
2.141158699769433440e+02 7.959850200373298890e+01 1.007371026844532338e+02
2.141018026734738555e+02 7.957776473978920251e+01 1.007263497749231504e+02
2.140489336297760303e+02 7.956376948836188490e+01 1.006232776130873958e+02
2.140689297870004282e+02 7.961182476943346842e+01 1.005725392512077292e+02
2.142226236550285421e+02 7.970573602876592645e+01 1.006460357652613027e+02
2.142578330862977509e+02 7.969939544905577122e+01 1.006141270037329889e+02
2.142846055665349070e+02 7.960191589811155666e+01 1.006070007136583229e+02
2.143644804018445313e+02 7.958010128458498400e+01 1.007074275362318900e+02
2.144646121541501884e+02 7.956440766359244776e+01 1.007760279424681613e+02
2.145709266578831773e+02 7.957318428853754710e+01 1.008564860562143224e+02
2.146153861989459699e+02 7.946218983311374018e+01 1.007997776679841877e+02
2.146056900527009361e+02 7.941696173693456728e+01 1.007201567303469432e+02
2.146476861001317502e+02 7.943690985946420824e+01 1.007156483311374586e+02
2.147830753184014156e+02 7.952648084101888060e+01 1.008117520311813848e+02
2.148971062527448339e+02 7.951479125494071809e+01 1.007773008618796666e+02
2.148728933355291986e+02 7.938530687307861911e+01 1.006478164800175676e+02
2.148740701855511759e+02 7.935868535902503140e+01 1.006228624560825580e+02
2.149515810276679701e+02 7.949588960254720860e+01 1.007943154369784793e+02
2.149964797430830004e+02 7.952013339920948454e+01 1.009429553689064534e+02
2.149540651075977280e+02 7.950562692138778687e+01 1.009472373188405783e+02
2.149908459595959584e+02 7.947795207509881266e+01 1.009637063570487499e+02
2.151167517566973970e+02 7.953053634167764585e+01 1.010658624286341620e+02
2.151768088493631979e+02 7.952920509442247976e+01 1.010444595410628068e+02
2.151736488526570099e+02 7.950856046881861516e+01 1.009770428469477395e+02
2.152019344257795410e+02 7.950709884167764585e+01 1.009749979413702192e+02
2.152624203996486472e+02 7.955971398770311964e+01 1.009997117918313592e+02
2.153095458662714066e+02 7.960565917325428131e+01 1.010324199879227081e+02
2.152626983146684267e+02 7.958443470026350042e+01 1.009591464920948596e+02
2.153156428414580716e+02 7.962842418752744322e+01 1.009666639218269637e+02
2.154205814942907296e+02 7.973343832345190663e+01 1.010340806159420310e+02
2.155316926054018438e+02 7.978598141743522376e+01 1.010960865447957815e+02
2.154423823836187921e+02 7.969227259003073982e+01 1.010345815491875214e+02
2.154360795454545325e+02 7.961990832235397875e+01 1.009996637571365881e+02
2.157398715415019694e+02 7.966820377689943200e+01 1.011355058739569586e+02
2.159891132795344788e+02 7.971123257026789588e+01 1.012597750603864739e+02
2.159899367314448853e+02 7.965745429841896907e+01 1.012448774429073381e+02
2.160013895750988127e+02 7.964446434453228107e+01 1.011430095794905526e+02
2.161521052920509476e+02 7.976458196091348896e+01 1.012038043478260931e+02
2.162527722880983845e+02 7.985659584980237469e+01 1.012256464097496718e+02
2.162035847606499885e+02 7.985094148001756764e+01 1.011608681927975368e+02
2.161081844257795410e+02 7.979359834760650472e+01 1.010897871376811565e+02
2.161315910463328862e+02 7.983857940821256705e+01 1.011001283212560367e+02
2.161397843928414488e+02 7.982408665458936525e+01 1.011411019158981048e+02
2.161353411835748659e+02 7.981418121431708812e+01 1.011457647123407924e+02
2.159900019213878011e+02 7.961764382960035391e+01 1.010855292050944172e+02
2.161479708772507706e+02 7.979765384826525576e+01 1.012547451416337339e+02
2.161977657004831030e+02 7.984570569828721887e+01 1.014272754721124272e+02
2.162179917380325094e+02 7.981566685880544298e+01 1.016083491161616195e+02
2.161971172321036363e+02 7.975722922156346328e+01 1.016690924187527401e+02
2.162965078776899475e+02 7.985901473978920251e+01 1.017912103370663175e+02
2.163750926383399076e+02 7.988725227821694830e+01 1.018510958772507706e+02
2.163597421223100525e+02 7.988226353205972430e+01 1.018419967336407552e+02
2.163192488746157096e+02 7.994948465634607260e+01 1.015347393774703590e+02
2.163544342885375613e+02 8.012493824110671881e+01 1.013479976394378639e+02
2.164628897672375842e+02 8.029297732762407236e+01 1.012132465963987755e+02
2.165190869290733531e+02 8.028810180610452107e+01 1.011095911561264842e+02
2.165061553030303116e+02 8.030121184672815104e+01 1.010674475735617079e+02
2.167273207619674906e+02 8.012410106499780227e+01 1.011192975955204219e+02
2.168952123133508962e+02 7.997473718159859857e+01 1.011364631368028171e+02
2.169361824769433440e+02 7.988037988581466209e+01 1.011148646794027286e+02
2.168904259991216463e+02 7.975996376811593791e+01 1.010565093873517810e+02
2.168720424352217719e+02 7.973715415019762531e+01 1.010530851998243236e+02
2.169116195926658008e+02 7.969822889218269779e+01 1.011388442852437350e+02
2.168939805665349070e+02 7.964496184672815104e+01 1.011832798089591563e+02
2.168115461682037903e+02 7.957536643610012561e+01 1.011727121761089165e+02
2.167172334760649903e+02 7.958483613306982818e+01 1.012100488581466777e+02
2.166568126921387716e+02 7.956087368247693803e+01 1.012552975406236300e+02
2.162546765206411976e+02 7.985731980127360430e+01 1.013029033541941146e+02
2.160155735342555943e+02 8.007143102217830233e+01 1.013530927481335056e+02
2.159611673803249801e+02 8.024394762845849982e+01 1.014090703227931556e+02
2.159813179347825951e+02 8.036014012406675988e+01 1.015002298803249943e+02
2.159675491326306656e+02 8.043294356609574436e+01 1.015339605292050891e+02
2.159940780083443030e+02 8.044973512296881779e+01 1.015678455753184011e+02
2.160872138504611257e+02 8.048949069499340681e+01 1.016149298693456302e+02
2.161815059563021464e+02 8.053411492643829206e+01 1.016151837670180100e+02
2.161334060715854264e+02 8.044895970575318245e+01 1.015159200702678959e+02
2.159837368247694371e+02 8.031420180061483904e+01 1.013951471234079946e+02
2.160584685166886345e+02 8.018243920180061934e+01 1.014549125768555058e+02
2.163712464317083857e+02 8.008474006368028597e+01 1.016228864734299577e+02
2.164635691150636774e+02 7.996577184892402101e+01 1.016336462450592819e+02
2.163904431543697910e+02 7.976800271739129755e+01 1.015767491490996974e+02
2.163643706082564790e+02 7.977025005489679188e+01 1.015595836078173022e+02
2.163941658432147506e+02 7.986004748572683809e+01 1.013841128678085255e+02
2.164099246541501884e+02 7.997364610781730221e+01 1.011856438021519580e+02
2.163185283541941146e+02 7.998463232872200024e+01 1.009302639163372817e+02
2.162804368412384690e+02 8.002426781400966149e+01 1.008621644433465150e+02
2.162801589262187179e+02 8.009739377470356203e+01 1.008874547101449224e+02
2.161444574824330118e+02 8.010506217061923451e+01 1.010211524209486100e+02
2.160183801328502398e+02 8.003671566205534305e+01 1.009928531236275830e+02
2.160811786341677703e+02 8.010162768994290161e+01 1.010936264822134376e+02
2.161023653656126555e+02 8.019781716622749457e+01 1.012180054622310053e+02
2.160560393335529170e+02 8.025438145037330173e+01 1.012599603370663175e+02
2.160018905083443030e+02 8.017093146135265158e+01 1.012800319773825208e+02
2.160459692028985614e+02 8.016030550065876525e+01 1.013317070158102808e+02
2.160938803798858032e+02 8.018954490557752024e+01 1.014291968599033851e+02
2.161186456960913347e+02 8.020296717171717660e+01 1.014560139437856776e+02
2.160090030742204590e+02 8.009888285024155152e+01 1.013720767457180472e+02
2.158720424352217719e+02 8.014398056653492119e+01 1.013399964317083857e+02
2.159036595575318529e+02 8.032433369016249003e+01 1.015035099637681100e+02
2.158796284859464265e+02 8.042487716842336454e+01 1.015457804951690832e+02
2.157287926822573638e+02 8.037123613855951021e+01 1.014876036176987242e+02
2.155590723814229364e+02 8.040648674242424931e+01 1.015242403656126413e+02
2.155631381752305629e+02 8.050502991875274006e+01 1.015779877580149275e+02
2.157158816425120733e+02 8.061693703337725481e+01 1.016355676328502398e+02
2.156081055116381151e+02 8.053969038208168740e+01 1.014952514273166457e+02
2.157009222661396564e+02 8.064391880764164000e+01 1.015591101229688178e+02
2.158091135540184382e+02 8.071228933355291701e+01 1.016781984244620105e+02
2.158465154259991152e+02 8.094038208168642257e+01 1.016481527228809796e+02
2.157321482487922708e+02 8.100268651185770352e+01 1.014811875548967919e+02
2.156874039306104578e+02 8.102691315327184896e+01 1.014468667654808911e+02
2.157165884387351866e+02 8.115255819060166687e+01 1.014062019653052289e+02
2.157371129776020950e+02 8.117719998902063594e+01 1.013993947628458443e+02
2.157953241655687293e+02 8.105072463768115654e+01 1.012789649209486100e+02
2.158941178085199795e+02 8.097560523715415570e+01 1.012494716183574894e+02
2.160903704161177075e+02 8.099635965634607260e+01 1.012893781565656610e+02
2.163451567303469574e+02 8.106438707729468263e+01 1.013758371761089165e+02
2.163830355182257392e+02 8.105421058410189517e+01 1.013463987703118079e+02
2.162721817358366252e+02 8.096316082015810878e+01 1.013498675614844160e+02
2.163252875219587281e+02 8.098677330368906269e+01 1.014661732817303488e+02
2.165352368796662290e+02 8.103337038866929731e+01 1.015477807971014528e+02
2.166338726943346558e+02 8.099469559727711498e+01 1.015885485287659264e+02
2.165565162494510218e+02 8.092241710584102066e+01 1.015183904259991152e+02
2.166008900142731761e+02 8.079260334321475057e+01 1.016569327788757136e+02
2.167335240996925734e+02 8.082319115063680215e+01 1.018071750109793641e+02
2.168435063954765099e+02 8.079007809068950507e+01 1.019068161231884062e+02
2.168425971673254367e+02 8.069981746815986412e+01 1.019152667984189691e+02
2.167828797485726966e+02 8.066866010649978591e+01 1.019061299132630722e+02
2.167665616765480934e+02 8.071573410737812537e+01 1.017949501811594217e+02
2.168075421332894166e+02 8.076626660628019749e+01 1.017366291996047494e+02
2.168536005434782510e+02 8.075640576965305684e+01 1.016337594696969688e+02
2.168618282004831030e+02 8.073652626811593791e+01 1.015386713603425619e+02
2.168427069609134890e+02 8.072670317303469290e+01 1.014751248902064162e+02
2.168119647562582486e+02 8.066664608036890627e+01 1.017293725296442659e+02
2.167939791941150531e+02 8.057131093544137457e+01 1.018756450373298179e+02
2.167865372474747403e+02 8.049294919301712525e+01 1.019965517951251712e+02
2.167900060386473342e+02 8.045053112648221827e+01 1.020529273715415002e+02
2.167646951855511759e+02 8.040824343983311451e+01 1.021428517512077292e+02
2.164870718050065932e+02 8.061277860122969230e+01 1.020018527667984216e+02
2.162867225241545839e+02 8.073894172705314531e+01 1.018995766084760675e+02
2.161773269378568330e+02 8.083371417984189122e+01 1.018408987977602038e+02
2.160758433519982304e+02 8.087042641084759964e+01 1.017839845465524746e+02
2.160185757026789588e+02 8.082669082125603666e+01 1.017085735068071983e+02
2.158680898660518324e+02 8.088373545234958328e+01 1.016948012736056199e+02
2.157289367863416771e+02 8.099281881313130782e+01 1.017046518170838851e+02
2.156970245937637287e+02 8.105543889986824979e+01 1.017510087285902500e+02
2.156858119235836568e+02 8.111379419191919737e+01 1.017776817083882293e+02
2.155652688570487499e+02 8.113241449824330687e+01 1.017802927371541557e+02
2.156351215963987613e+02 8.110765261308739582e+01 1.016517347386912604e+02
2.157221570322793127e+02 8.103780673583662519e+01 1.015399202624066817e+02
2.158350008234519066e+02 8.101692879885814591e+01 1.014624368686868650e+02
2.158790074659639799e+02 8.098367506587615594e+01 1.014050010979358802e+02
2.159151192632850211e+02 8.099696352108037445e+01 1.013762797815107604e+02
2.158381196475625927e+02 8.102914676657883319e+01 1.015013758509003026e+02
2.158146169576196769e+02 8.103530893170838567e+01 1.016250171552481305e+02
2.158243474143610001e+02 8.104079861111111427e+01 1.017228363801054059e+02
2.158125720520421567e+02 8.105770682367149504e+01 1.017623757960035107e+02
2.157971872255160406e+02 8.106749903930609946e+01 1.018142258179622246e+02
2.156916996047430928e+02 8.098216540404040131e+01 1.017393362977602038e+02
2.156753609464207386e+02 8.092857240887131809e+01 1.016935866820377754e+02
2.157672959211681984e+02 8.098929855621432239e+01 1.017657862593324580e+02
2.158204943456302090e+02 8.105860232762407236e+01 1.018112785463329004e+02
2.157631031785243749e+02 8.103647548858147331e+01 1.017950256642512130e+02
2.157263326196750199e+02 8.090358750548968203e+01 1.017729194115063649e+02
2.158230298913043441e+02 8.087088617149758818e+01 1.018317173089591563e+02
2.159955053249890113e+02 8.064842720685112454e+01 1.019309398331137402e+02
2.159928908651734787e+02 8.062774483970136430e+01 1.019427906785243749e+02
2.158656366655687293e+02 8.055164759003073982e+01 1.018427447024593704e+02
2.157362071805006565e+02 8.070260348045674448e+01 1.016332619675010989e+02
2.156400417215634491e+02 8.091082015810276573e+01 1.014552042160737813e+02
2.154543361605182383e+02 8.093696818730785481e+01 1.012801554951690832e+02
2.152414669795784050e+02 8.089323602876592645e+01 1.010727828557312193e+02
2.152780625548967919e+02 8.092414978590250030e+01 1.010209671442687807e+02
2.154230621431708528e+02 8.090233860342556227e+01 1.012718969587176048e+02
2.154939544905577407e+02 8.079429485068071415e+01 1.014685235507246404e+02
2.154816816260430414e+02 8.069621143500219773e+01 1.015136041117698795e+02
2.155623867753623131e+02 8.067546044685990125e+01 1.015875569554238069e+02
2.157073177426438235e+02 8.075247035573121934e+01 1.017151611220904641e+02
2.157411650472112399e+02 8.082141043588055140e+01 1.017502779150197654e+02
2.157403381642511988e+02 8.082622419850680728e+01 1.017373325647782139e+02
2.157373085474308425e+02 8.083319952239789075e+01 1.017431207454984587e+02
2.156928352821695114e+02 8.092021780303029743e+01 1.018396361714975882e+02
2.156415822628458443e+02 8.091716416886254137e+01 1.018159070322793127e+02
2.155808972880983845e+02 8.090902915019762531e+01 1.017477286451471201e+02
2.155569931653491551e+02 8.090038633618796382e+01 1.017294239953886716e+02
2.155782793972331888e+02 8.097830547321036931e+01 1.017930425175669740e+02
2.155219827349582715e+02 8.102722537878787534e+01 1.018483304512516412e+02
2.153446489350021977e+02 8.099513477162933839e+01 1.018020764712340736e+02
2.152963294631093447e+02 8.095918766469037564e+01 1.016663681653491409e+02
2.154348169191919169e+02 8.095194471892841648e+01 1.016665705972771150e+02
2.155255098539745404e+02 8.094197751976284394e+01 1.016092343269653071e+02
2.155325606609573867e+02 8.090750576416337481e+01 1.015554869345630209e+02
2.155258907004831030e+02 8.087056708388230675e+01 1.015075071365832287e+02
2.155446619729907809e+02 8.093032567523056287e+01 1.015259490283267496e+02
2.155237634497145507e+02 8.092400225076855236e+01 1.015263779095300833e+02
2.154568854303908552e+02 8.090664800175669313e+01 1.014210103754940775e+02
2.153968729413702192e+02 8.090950606609574436e+01 1.013980394982433069e+02
2.154035360397452905e+02 8.098586750658760991e+01 1.014276769049187550e+02
2.154221323287220002e+02 8.095793190052701505e+01 1.016256690546772035e+02
2.153918087121212182e+02 8.086563666556872931e+01 1.016821853041282395e+02
2.154001255764163432e+02 8.079893706082565075e+01 1.017092288372859059e+02
2.154490694993412490e+02 8.081463411286780740e+01 1.017968955862977651e+02
2.154580314009661777e+02 8.081908075318401075e+01 1.018222441809398333e+02
2.155917428359683754e+02 8.069313035243742149e+01 1.018059981609574010e+02
2.157210522342995205e+02 8.057755887681159379e+01 1.017199131258234530e+02
2.157962471179183126e+02 8.056795193785683296e+01 1.017658137077294640e+02
2.158253115393061137e+02 8.057745937637241695e+01 1.017729399978041300e+02
2.158356046881862085e+02 8.052065491875274006e+01 1.017573493083003910e+02
2.157339358256477908e+02 8.055913757136583797e+01 1.016517964975845416e+02
2.156873147233201564e+02 8.071693840579709445e+01 1.016235726833552917e+02
2.155810345300834570e+02 8.082754858366271833e+01 1.016519543258673650e+02
2.154649998627580203e+02 8.083098306433903701e+01 1.015644591293368535e+02
2.154965517951251570e+02 8.067877484079929218e+01 1.016376983146684267e+02
2.156114782334211668e+02 8.061394858915240036e+01 1.017431756422924849e+02
2.157386397946859802e+02 8.060747076745718687e+01 1.018944712066315361e+02
2.157295337889767097e+02 8.057318771958718173e+01 1.019429725241545839e+02
2.155742341897233132e+02 8.043273084101888060e+01 1.018153820816864226e+02
2.154667496980676447e+02 8.042909735946420824e+01 1.018536554402722913e+02
2.152330060111989383e+02 8.069918272397892167e+01 1.017786115228370676e+02
2.151774710419411463e+02 8.080706178634167713e+01 1.016976113032498859e+02
2.150690258563899988e+02 8.074853151075977564e+01 1.014682353425559995e+02
2.150100701306543556e+02 8.076315807531840107e+01 1.013642711078173022e+02
2.150748792270531453e+02 8.085811237373737015e+01 1.013795838823012758e+02
2.151919123298199281e+02 8.084147864514712012e+01 1.014691068291611771e+02
2.152188186209925220e+02 8.070083305884936919e+01 1.014212917215634633e+02
2.151721048803249801e+02 8.045357446750109887e+01 1.012780351064997859e+02
2.153115598924022720e+02 8.058506258234518782e+01 1.014335817413263072e+02
2.153229029424681471e+02 8.063205423803249516e+01 1.014593626482213438e+02
2.153464708223539787e+02 8.050993288866929731e+01 1.014417030357927132e+02
2.154577054512516554e+02 8.040879926987264525e+01 1.014656517621870933e+02
2.156066301602986357e+02 8.039177783267457755e+01 1.014954641523934953e+02
2.157263737922705218e+02 8.039620388669301576e+01 1.015333635265700423e+02
2.157863313844971458e+02 8.024686058959156298e+01 1.014385739185331516e+02
2.158564620388669368e+02 8.011779136473430185e+01 1.012959520476504167e+02
2.159553448891084884e+02 8.014196654040404155e+01 1.012726277722881036e+02
2.160476847277118964e+02 8.015276405357927558e+01 1.012941164361001256e+02
2.159926815711462496e+02 8.003314050834431725e+01 1.011655447134387344e+02
2.160384277558190718e+02 8.007652613087395821e+01 1.011909379117259533e+02
2.161430679073341992e+02 8.019005270092226567e+01 1.013030714756258277e+02
2.161546511308739582e+02 8.025282032279315558e+01 1.013367369345630209e+02
2.160710844861660007e+02 8.007110507246376585e+01 1.011760608805445827e+02
2.159775266249451136e+02 8.001760128458498400e+01 1.011166488252086140e+02
2.160547595520421567e+02 8.010946420729028716e+01 1.011813172485726824e+02
2.160153779644268752e+02 8.025319087615282854e+01 1.012532594971453648e+02
2.157424311045234901e+02 8.021942934782609314e+01 1.011542531291172651e+02
2.154698273495827721e+02 8.023970685111989098e+01 1.011265508344312707e+02
2.154279136473429901e+02 8.036703996486605206e+01 1.012158885046113284e+02
2.153883399209486242e+02 8.046367890865172967e+01 1.013047183794466406e+02
2.151228453008344275e+02 8.037672924901185922e+01 1.012088891633728593e+02
2.149137571365832287e+02 8.029230484189723427e+01 1.011189750768555058e+02
2.149104324494949481e+02 8.032453955314009875e+01 1.011566308465085626e+02
2.149634764767237698e+02 8.036880695542380693e+01 1.012175457015810309e+02
2.149534749670619362e+02 8.030597414361001540e+01 1.011729317632850211e+02
2.149243144762845930e+02 8.030284159530083343e+01 1.010432483805445827e+02
2.149072724527887601e+02 8.028940217391304657e+01 1.009819664031620619e+02
2.148799647288098242e+02 8.030689023386034364e+01 1.009655556927975368e+02
2.148044816370224055e+02 8.024189242973210412e+01 1.008813920454545467e+02
2.147045557476943429e+02 8.024047883728590591e+01 1.008368089866051776e+02
2.147104502909530197e+02 8.023014451581028084e+01 1.009209863581466777e+02
2.148082352053140198e+02 8.022487442358365684e+01 1.010105161671058340e+02
2.147350371925779484e+02 8.010771780303029743e+01 1.009195933519982447e+02
2.145769790294246775e+02 7.994276323012735475e+01 1.007923803249890256e+02
2.146594786176987384e+02 7.995550271739129755e+01 1.008077685825647762e+02
2.148543965469916657e+02 8.004000260759771379e+01 1.009776124011857661e+02
2.149012715469916657e+02 8.000439517457181182e+01 1.009755263230127298e+02
2.148362771739130324e+02 7.980145888230127582e+01 1.008615159749670624e+02
2.148565992808520093e+02 7.977900952459376072e+01 1.008318545509442288e+02
2.148849123023715322e+02 7.984667668533157325e+01 1.009380249505928901e+02
2.148419281126482190e+02 7.992868563350900502e+01 1.009599768061045211e+02
2.147504666227492294e+02 7.991228864734299009e+01 1.008497886473429901e+02
2.147564435111989383e+02 7.992112703118138484e+01 1.008033116490996974e+02
2.147602176657883319e+02 7.999689833113745863e+01 1.008299640425999115e+02
2.146681660353535221e+02 7.999917997913921397e+01 1.008158452733860315e+02
2.145212622145366765e+02 8.003336009552042185e+01 1.007258694279754110e+02
2.144651302426438235e+02 8.009561305994729707e+01 1.006702795619235786e+02
2.145166783322353865e+02 8.017775925010978710e+01 1.006811079545454533e+02
2.144846940876152814e+02 8.019488704984628669e+01 1.006477787384716720e+02
2.143147233201580946e+02 8.012590579710145278e+01 1.005085570377689947e+02
2.142291495114185409e+02 7.999145325537988072e+01 1.006932950428194999e+02
2.143390563241106861e+02 8.000354770531400561e+01 1.009840799297321041e+02
2.144149374176548122e+02 7.999923830698287475e+01 1.011825181159420310e+02
2.143075078227931556e+02 7.987828351449275033e+01 1.011568984683794525e+02
2.142311978480456673e+02 7.978541529424681755e+01 1.010837381971892910e+02
2.144023317413262930e+02 7.975413784584979737e+01 1.010982927097057598e+02
2.145318675889328119e+02 7.978426932367149504e+01 1.012276775911286819e+02
2.143766091622749173e+02 7.951282183245498913e+01 1.010712800559947340e+02
2.143754631916995947e+02 7.952787041611769325e+01 1.010912007301273547e+02
2.144059446365832287e+02 7.957819018994290161e+01 1.011299578667105834e+02
2.144126180281071470e+02 7.967951937856828692e+01 1.011242863416776459e+02
2.142685173748353122e+02 7.978887722332015642e+01 1.009950695816864226e+02
2.141268184563021464e+02 7.979318319060166687e+01 1.008142018006148390e+02
2.141341574714536762e+02 7.983363869675011415e+01 1.007742884003074266e+02
2.142040856938954789e+02 7.985015920070267725e+01 1.007707029534475254e+02
2.141833038263065419e+02 7.981920770202020776e+01 1.007465517951251712e+02
2.141802982268335427e+02 7.978838315217390686e+01 1.007719758728590307e+02
2.142226202239789075e+02 7.978714454325867678e+01 1.007880709266578805e+02
2.142152880709266469e+02 7.975967899099693170e+01 1.007875391139657495e+02
2.141369228974527914e+02 7.970632616930171821e+01 1.007605093050065932e+02
2.139401213219148019e+02 7.974597194773825493e+01 1.008067426987263957e+02
2.138214104358805514e+02 7.982821077624066675e+01 1.008750377415458956e+02
2.137477011967501141e+02 7.991843708827404669e+01 1.009893843324549891e+02
2.136499059892402386e+02 7.992188529314887546e+01 1.009997220849802346e+02
2.136333340195432697e+02 7.988800024703557767e+01 1.009677721508563906e+02
2.136519303085199795e+02 7.988207139328062567e+01 1.009813453831796153e+02
2.135949680226174792e+02 7.987366532169521349e+01 1.010133090415019694e+02
2.135020757850241466e+02 7.987458484299516215e+01 1.010412171991655725e+02
2.134903793368467291e+02 7.984665266798418770e+01 1.010593297101449224e+02
2.135440992808520093e+02 7.991140686758893708e+01 1.010804409584980306e+02
2.134743014382960098e+02 7.997316232981994233e+01 1.009807998462889742e+02
2.133026700428194999e+02 8.004056529973649958e+01 1.008651014218269637e+02
2.131211263449714579e+02 8.003117794795784334e+01 1.007768411012296923e+02
2.130949577294686037e+02 8.010025527009223367e+01 1.007998531510759790e+02
2.130190697738252084e+02 8.009910243741765612e+01 1.007739350021958700e+02
2.130820810002195742e+02 8.004132013065436979e+01 1.006785483915239325e+02
2.130429258618796666e+02 7.992398509552042185e+01 1.005783411561264842e+02
2.130471288976723656e+02 7.985942989679402615e+01 1.005151240667544954e+02
2.130723368192797409e+02 7.978284543807642137e+01 1.004031105895915630e+02
2.132159159530083343e+02 7.986736934563020895e+01 1.004478205972771150e+02
2.133046497584541044e+02 7.987296195652173481e+01 1.004936182476943287e+02
2.132453028930610515e+02 7.982365434233641110e+01 1.004859224033816361e+02
2.131694115063680215e+02 7.979514575098814078e+01 1.004671991655687293e+02
2.131305239898989896e+02 7.982554485068071415e+01 1.004645298089591563e+02
2.130510300010979279e+02 7.998014451581028084e+01 1.005778745333772548e+02
2.129274264382960098e+02 8.004519378568291188e+01 1.006607652613087396e+02
2.128188131313131350e+02 8.006540266798418770e+01 1.006658500768555058e+02
2.126963932806324067e+02 8.005345575318401075e+01 1.006791076526130837e+02
2.127267340524813335e+02 8.012385059837505707e+01 1.007190210529205103e+02
2.127642354249011873e+02 8.017305871212121815e+01 1.007517738526570099e+02
2.129492959486165944e+02 8.003781702898550066e+01 1.007301891194554173e+02
2.131517107213438749e+02 7.986799036561264131e+01 1.006542222496706245e+02
2.133123764822134376e+02 7.977278903162054746e+01 1.006691438844971458e+02
2.134615928304787076e+02 7.978484574000877672e+01 1.007041817632850211e+02
2.135321832454984587e+02 7.978313021519542758e+01 1.007410861330698282e+02
2.134798940491875214e+02 7.983287357268335427e+01 1.007057120114185267e+02
2.133541392182696654e+02 7.984755160298638543e+01 1.006772754721124272e+02
2.133548185660957301e+02 7.989080341458058854e+01 1.006852835419411463e+02
2.134056118247694371e+02 7.993181818181818699e+01 1.006823397013614425e+02
2.134864473539745404e+02 8.001550834431269266e+01 1.007166227492314476e+02
2.134683657224418027e+02 8.005814256697408382e+01 1.006681488801054059e+02
2.134008666831357175e+02 8.007311223649539045e+01 1.006038544411506308e+02
2.134273612483530940e+02 8.015074316534914090e+01 1.005853473594642082e+02
2.134324906675450109e+02 8.016707153052261958e+01 1.005822010869565162e+02
2.134600179787000513e+02 8.018322834321475057e+01 1.005736268939393909e+02
2.135470293972331888e+02 8.007895874505928191e+01 1.005841739404918798e+02
2.135825236056214180e+02 8.002374972551602639e+01 1.006107474198506821e+02
2.135193785682916143e+02 7.978317824989021290e+01 1.005774799626701821e+02
2.135396046058410207e+02 7.979358462340799463e+01 1.006097009497145365e+02
2.136219841073781254e+02 7.978928894927535964e+01 1.006099205368906411e+02
2.136865049956082601e+02 7.979625741106718806e+01 1.006425120772946826e+02
2.137022500823451878e+02 7.983103109903382233e+01 1.006665191315327235e+02
2.137112771739130324e+02 7.987200126262625588e+01 1.007035230017566931e+02
2.137330128732982075e+02 7.978684604194114627e+01 1.006410607433025888e+02
2.139096707564778228e+02 7.972982885924461982e+01 1.006299372804128183e+02
2.139569300340360201e+02 7.976457166776459928e+01 1.005269646190162547e+02
2.139665129556433953e+02 7.983715552261747916e+01 1.005066219257795410e+02
2.138893966842336454e+02 7.983528216952130663e+01 1.004651748462889742e+02
2.138494970081247288e+02 7.984483764273166173e+01 1.004010313735177817e+02
2.138721144872639570e+02 7.983532677316644310e+01 1.004016901350461097e+02
2.137269810880544583e+02 7.981085652722880752e+01 1.004376063625384319e+02
2.135046216238471573e+02 7.977752044905577122e+01 1.004212402558190576e+02
2.133480353809837595e+02 7.971850639547650985e+01 1.004040781455862970e+02
2.132813392072903014e+02 7.969768335529205672e+01 1.004070940382081716e+02
2.131979200977162918e+02 7.968583594093105660e+01 1.003700558574879267e+02
2.131779513888888857e+02 7.959238101119895248e+01 1.004647322408871304e+02
2.133326162439613540e+02 7.955787837615282854e+01 1.005835151789635518e+02
2.133451052646025516e+02 7.952933890535793182e+01 1.006155886308739582e+02
2.131936312856829261e+02 7.945907100900306830e+01 1.006200695816864226e+02
2.128593063790074780e+02 7.939356884057970376e+01 1.005517127799736556e+02
2.127282437143170739e+02 7.937936086407553660e+01 1.004750940107597756e+02
2.127993419246815847e+02 7.948872900197628155e+01 1.004016077898550776e+02
2.128201512406675420e+02 7.957195597277119248e+01 1.004225955204216092e+02
2.125053421442687807e+02 7.958007726723759845e+01 1.003493872145366765e+02
2.121842130544576150e+02 7.951961187966622902e+01 1.002600186649099641e+02
2.120355834156785306e+02 7.959288880654369791e+01 1.003141160243741723e+02
2.120054931104523632e+02 7.971204916007904728e+01 1.003852279589371932e+02
2.119003005599473113e+02 7.967486687527448908e+01 1.004176067742643852e+02
2.117038489514712296e+02 7.960791680390865110e+01 1.003323005873956930e+02
2.116453289690382178e+02 7.957781277448397361e+01 1.002808211187966663e+02
2.116352108036890627e+02 7.951501427316644310e+01 1.002890041721563392e+02
2.114344051932367279e+02 7.929517319938516096e+01 1.000924873737373701e+02
2.113048075867369278e+02 7.899490146025472370e+01 9.989186703996486472e+01
2.114429382136583229e+02 7.871624190272288502e+01 9.969026199494949481e+01
2.114658541941150531e+02 7.859787412165130149e+01 9.954020503952568788e+01
2.111571249176548122e+02 7.860395737263944227e+01 9.937977945212999487e+01
2.109043903711023233e+02 7.861223649538867164e+01 9.922874121651295809e+01
2.108598622090469803e+02 7.864637543917434925e+01 9.917273276240668167e+01
2.108931811319718861e+02 7.870159818291611487e+01 9.914046374066754197e+01
2.108429574275362199e+02 7.875624794137021922e+01 9.924204339591567248e+01
2.107161424022837082e+02 7.876902173913043725e+01 9.932150993631971403e+01
2.107684144433465008e+02 7.881110356280193230e+01 9.949897411616161946e+01
2.108623222716293242e+02 7.887310949165568275e+01 9.961630228919631236e+01
2.109619668148880010e+02 7.893346165458936525e+01 9.972430486934563021e+01
2.110431420180061366e+02 7.898610424901185922e+01 9.981035216293368251e+01
2.111421724033816361e+02 7.891333511747913576e+01 9.991798075867369278e+01
2.112139190821256136e+02 7.884770943126920884e+01 9.995115557751427104e+01
2.112468777448397077e+02 7.880874643170838567e+01 9.997395833333332860e+01
2.111905639273166457e+02 7.874557737703118221e+01 9.997902599363197851e+01
2.110678798858146763e+02 7.866458745059289015e+01 1.000199138120333799e+02
2.110677117643829490e+02 7.867724459266578663e+01 1.000656119620114168e+02
2.110974383783486985e+02 7.865224596508564048e+01 1.000507829655248173e+02
2.110394570707070727e+02 7.857801520641194770e+01 1.000097167325428131e+02
2.109350536616161662e+02 7.856352588383838054e+01 1.000044569334650788e+02
2.109579387626262701e+02 7.865351545344752537e+01 1.000971501701800577e+02
2.109070391414141454e+02 7.884009936319718292e+01 1.001233462340799321e+02
2.106354166666666572e+02 7.899168999780413003e+01 1.000552673473869163e+02
2.100744228974527914e+02 7.901408445871760478e+01 9.987464660188844334e+01
2.101706638394817617e+02 7.915970506697408382e+01 1.000239658816425106e+02
2.101025575043917399e+02 7.920986701251646878e+01 9.995208539196310937e+01
2.099252786012296781e+02 7.925973045674132322e+01 9.986249039306105146e+01
2.097831061978480420e+02 7.927012310606060908e+01 9.982770984299516215e+01
2.097385231389986870e+02 7.933074975296442233e+01 9.981244853425559427e+01
2.096002998737373844e+02 7.928587848594642651e+01 9.973931914251207331e+01
2.093141983695652186e+02 7.920268239459815618e+01 9.955679416447080143e+01
2.090330787494510218e+02 7.920085707619675475e+01 9.945789072793148478e+01
2.090221199769433440e+02 7.928406689174352096e+01 9.949955739459815618e+01
2.090044294850680728e+02 7.929687843104962042e+01 9.950136898880104752e+01
2.088743858421168227e+02 7.925188364624506221e+01 9.940772878238911403e+01
2.088392244455423850e+02 7.925200030193236955e+01 9.939633083552919857e+01
2.088828673967940404e+02 7.943407924352217719e+01 9.954370127909530197e+01
2.087164855072463752e+02 7.951683272946860370e+01 9.956664470794905242e+01
2.083998785408432184e+02 7.937284186978480705e+01 9.934795989789196824e+01
2.081109567138778971e+02 7.921096494839702018e+01 9.914815615393061421e+01
2.080806948561703962e+02 7.931998998133508394e+01 9.918312541172595331e+01
2.082659783981115424e+02 7.934460433135704704e+01 9.942205684563020895e+01
2.081847894707948967e+02 7.921823534255599952e+01 9.935667819499340681e+01
2.079754165294246775e+02 7.905523646794027570e+01 9.925399031071584943e+01
2.079993378074220516e+02 7.908409845740008848e+01 9.930772054787000513e+01
2.081307126976284678e+02 7.921775156455862543e+01 9.947392745388668800e+01
2.081259366765480934e+02 7.914961778107158352e+01 9.941404191370223487e+01
2.080985363142292499e+02 7.904446297211242722e+01 9.937417311703995892e+01
2.081320919795784050e+02 7.904569814997803689e+01 9.943576045783926531e+01
2.082091670783926247e+02 7.911160175120772919e+01 9.948853000109794209e+01
2.080976888449714579e+02 7.915585199824330687e+01 9.948069691480017696e+01
2.079206912878787818e+02 7.913041762736055773e+01 9.943531442138778687e+01
2.078095973320158123e+02 7.914627936978480705e+01 9.943954490557752024e+01
2.076678229303908552e+02 7.911962354523495833e+01 9.942392333662714066e+01
2.073692392676767611e+02 7.909100172924901528e+01 9.931647658651735355e+01
2.072813426383399076e+02 7.906927632301272979e+01 9.930165445212999487e+01
2.074804155687307912e+02 7.916196612867808824e+01 9.939997117918314018e+01
2.075813398935002283e+02 7.916249107927096418e+01 9.944671236824768812e+01
2.075157176383399076e+02 7.907871857158542639e+01 9.941607309508124501e+01
2.074189963493631979e+02 7.901883303140097325e+01 9.937847565327184896e+01
2.075863389328063136e+02 7.910715854194114627e+01 9.951390261308739582e+01
2.077110918972331888e+02 7.931983558410189517e+01 9.956457921607378125e+01
2.076429100790513758e+02 7.936685468818620848e+01 9.946796085858585457e+01
2.073882026789635518e+02 7.934630270092226567e+01 9.937182284804566734e+01
2.072051733366271549e+02 7.943561635375493779e+01 9.939395654918752143e+01
2.071976318895476368e+02 7.951440697738252084e+01 9.944713095630214639e+01
2.071604221563460726e+02 7.952503293807642137e+01 9.947786972990776633e+01
2.071121095465524888e+02 7.949151501427316191e+01 9.948479015700483785e+01
2.071512784090909065e+02 7.952330712011418257e+01 9.952823410737812537e+01
2.072663077788757278e+02 7.957521203886693684e+01 9.960736097386912036e+01
2.072515988691260418e+02 7.959880050505050519e+01 9.959587725076855236e+01
2.072902119016249571e+02 7.951556324110671881e+01 9.952641908212559940e+01
2.074101064997804258e+02 7.947259963768115654e+01 9.950848155467720346e+01
2.076547197518664802e+02 7.942854496047431212e+01 9.953825620333772406e+01
2.077022226339481676e+02 7.938583868577075009e+01 9.952365022507684955e+01
2.076527812088274061e+02 7.932025074110671881e+01 9.955890769104084370e+01
2.077698486220904783e+02 7.936311141304348382e+01 9.968168437088273492e+01
2.080303407718489268e+02 7.947034543807642137e+01 9.983766674901185922e+01
2.080352094312692088e+02 7.944401899429072955e+01 9.985065327184892681e+01
2.078782766523935095e+02 7.931830190491875499e+01 9.975454614075538018e+01
2.078223539745278856e+02 7.931148440931049493e+01 9.972939311594203105e+01
2.078858970136143967e+02 7.940930363416777027e+01 9.979076773166447367e+01
2.078638147782169483e+02 7.941923309178743295e+01 9.976763559508124501e+01
2.077564778216951993e+02 7.931182065217390686e+01 9.952331055116381719e+01
2.080173576800614796e+02 7.948381573891084884e+01 9.972879954435660466e+01
2.081619009387351866e+02 7.958941658432146937e+01 9.976914182586736501e+01
2.082447882356170510e+02 7.954942426987264525e+01 9.965503197738252084e+01
2.083643877635046238e+02 7.951450990887131809e+01 9.958381024923144764e+01
2.084918306708388229e+02 7.959231239020641624e+01 9.964532210693894854e+01
2.086199357707509989e+02 7.969145943126920884e+01 9.975806296662274519e+01
2.085823897946859802e+02 7.970325194883618281e+01 9.979573932257356716e+01
2.085880750439174278e+02 7.965049269872639570e+01 9.979308025911286961e+01
2.086785998572683241e+02 7.969320240447957815e+01 9.988723512296881779e+01
2.088464227876592076e+02 7.979029081576635463e+01 9.997816823122529684e+01
2.088157046003513528e+02 7.974099692577954102e+01 9.994971453667105266e+01
2.087503739844093218e+02 7.963232529095300549e+01 9.987247817852437493e+01
2.088427618577075009e+02 7.963467555994729707e+01 9.985194334650856263e+01
2.090299633563899988e+02 7.966065889877030770e+01 9.992502813460693289e+01
2.090731739953886574e+02 7.963810317852437493e+01 9.990055102657004227e+01
2.090089275911286677e+02 7.952136171497583916e+01 9.980135595081247857e+01
2.091101195377689805e+02 7.957657759661836394e+01 9.986540335419411463e+01
2.093094566589811052e+02 7.975912316095740096e+01 1.001284070322793127e+02
2.092103851010101039e+02 7.984124533377250543e+01 1.002233201581027657e+02
2.089576402613087396e+02 7.979685441370223487e+01 1.002132122859025003e+02
2.088402331741326350e+02 7.980208676438296322e+01 1.001942008399209527e+02
2.088589564119455417e+02 7.985492149758454161e+01 1.002891414141414117e+02
2.087255743577075009e+02 7.978772439064559308e+01 1.001982975131752340e+02
2.085332743192797409e+02 7.971586105621432239e+01 1.001098690711462496e+02
2.085952630928853750e+02 7.976263655577514555e+01 1.001492197793148904e+02
2.085754316260430414e+02 7.978590593434343248e+01 1.001881141578831773e+02
2.083523722277118964e+02 7.974220122419851009e+01 1.001404294301712810e+02
2.081858393719806770e+02 7.960844861660079630e+01 9.995545811374616108e+01
2.082487648221343761e+02 7.964534612428634830e+01 9.993277887571365170e+01
2.083158933080808026e+02 7.968523893829600979e+01 9.997551946091348896e+01
2.082909358530961867e+02 7.964862963877909863e+01 9.993695446310935893e+01
2.082621459156785306e+02 7.961074055775142710e+01 9.991869098594642651e+01
2.083427652887571355e+02 7.963509071695213493e+01 1.000308142566974112e+02
2.084399909420289987e+02 7.965839097496706245e+01 1.001207729468599013e+02
2.084338047595520322e+02 7.964112936429512501e+01 1.001310832509881408e+02
2.083329936594202820e+02 7.960492492863416203e+01 1.001338418148880152e+02
2.083291440217391255e+02 7.969096192907333887e+01 1.002384956906016669e+02
2.083589289635485216e+02 7.974940985946420824e+01 1.003136185221783023e+02
2.083177529369784793e+02 7.976977313899868705e+01 1.002655598100570984e+02
2.081669068401405411e+02 7.972307312252964095e+01 1.001552618577075151e+02
2.081882136583223541e+02 7.975706796223100525e+01 1.001667284255599526e+02
2.082969264657444057e+02 7.983710405687307343e+01 1.002480614569609116e+02
2.082436628513394794e+02 7.978786849472990639e+01 1.002351332619675048e+02
2.081357734958278343e+02 7.970284365393061421e+01 1.001813515590689434e+02
2.082535682916117707e+02 7.971198397013614567e+01 1.002571777558190576e+02
2.084693984683794383e+02 7.983314462560386460e+01 1.003956720740008848e+02
2.084854557806324067e+02 7.980617657553798949e+01 1.004033850735617079e+02
2.082055438899868136e+02 7.974883687417654698e+01 1.000985706247255109e+02
2.080632033651734787e+02 7.980605991985068215e+01 9.995378719257794842e+01
2.082005379885814591e+02 7.994713438735178102e+01 1.000445967830478651e+02
2.083584348924022720e+02 8.003682888669301576e+01 1.001037000439174420e+02
2.084003760430390741e+02 8.002356444883618281e+01 1.000868741765480934e+02
2.083916611769872702e+02 7.998416913702239128e+01 1.000861193456302090e+02
2.085052357817303346e+02 8.001472606499780227e+01 1.002103713768115938e+02
2.086042867534036134e+02 8.006016345520421851e+01 1.003271608750549007e+02
2.086355127360562278e+02 8.006719367588932812e+01 1.004004172156346044e+02
2.086980024429073239e+02 8.007788139547650985e+01 1.004547821969697026e+02
2.087628801602986357e+02 8.007654671717172334e+01 1.004786382850241608e+02
2.088769351119894679e+02 8.007444691480017696e+01 1.005342693236714950e+02
2.089287096508563764e+02 7.978246459156785875e+01 1.004111220904699167e+02
2.091097009497145507e+02 7.992596138010540585e+01 1.005483469202898590e+02
2.093804519378568330e+02 8.007441603535353636e+01 1.007217796168203847e+02
2.095862119839701450e+02 8.019898372310056800e+01 1.006898914415898076e+02
2.095609182861221029e+02 8.023807024044795355e+01 1.005351099308300462e+02
2.095806639767237698e+02 8.023317413263065134e+01 1.004575716403162033e+02
2.095882363032498859e+02 8.026673322902942687e+01 1.004450654644268752e+02
2.095835803689064676e+02 8.027009908871322352e+01 1.004446708937198025e+02
2.096134613801054059e+02 8.025733901515151558e+01 1.004104598978919682e+02
2.096777077843653956e+02 8.024670619235836000e+01 1.004774168313570470e+02
2.097513792819499372e+02 8.028282142072903582e+01 1.005291021629336825e+02
2.099183616051822696e+02 8.031849747474747403e+01 1.006181173144488383e+02
2.100124615722441774e+02 8.034508810935440692e+01 1.006381477821695256e+02
2.101015247584541044e+02 8.041805281071584943e+01 1.006110081796223170e+02
2.101067056433904270e+02 8.049313103864734842e+01 1.005681131971892910e+02
2.099443518061045211e+02 8.053069760101010388e+01 1.005868158487044326e+02
2.097534379117259675e+02 8.053249203996486472e+01 1.004744798528765983e+02
2.098583045125164688e+02 8.049457207949055260e+01 1.004857062472551661e+02
2.099312211791831260e+02 8.049967748133508394e+01 1.004988471673254224e+02
2.098784893774703448e+02 8.040684357158542639e+01 1.004211236001317502e+02
2.096299750219587281e+02 8.020263092885375045e+01 1.002714989569609116e+02
2.094994510320597385e+02 8.016335227272726627e+01 1.002019653052261816e+02
2.095470328282828234e+02 8.024094889108475570e+01 1.002995031840140570e+02
2.095046593653930529e+02 8.034864267676768179e+01 1.004552522507685524e+02
2.092940752635046238e+02 8.033292846947738042e+01 1.004396478370663175e+02
2.090652688570487499e+02 8.025556859354414030e+01 1.003542730292050891e+02
2.089130812198067702e+02 8.025549997255160406e+01 1.003335975241545839e+02
2.088666831357048750e+02 8.029747200263504681e+01 1.003667174462011360e+02
2.087750706796223028e+02 8.027737634497145791e+01 1.002788516963109373e+02
2.086386521464646364e+02 8.015453790623627128e+01 1.001359622035573125e+02
2.085825441919191974e+02 8.012471865393061421e+01 1.001041323561703962e+02
2.085897939997804258e+02 8.013207825537988072e+01 1.000889705478700051e+02
2.084050422705313963e+02 7.995867643829600979e+01 9.992963603425559427e+01
2.083005736714975740e+02 7.976008042380324525e+01 9.983071887351778173e+01
2.082876043039086653e+02 7.975072738252086424e+01 9.989535984848484418e+01
2.083326265371102295e+02 7.975853645147122961e+01 9.998661890645585970e+01
2.082533109628897705e+02 7.969117465415020263e+01 9.994232748682476597e+01
2.079890961242863341e+02 7.954293615502854209e+01 9.980362044356608919e+01
2.078076244784804487e+02 7.949192674022836513e+01 9.980074865502854209e+01
2.076524003623188435e+02 7.948631011198945373e+01 9.984057971014492239e+01
2.069790500109793641e+02 7.941027119016249003e+01 9.963857323232323893e+01
2.063962656455863112e+02 7.913702239789196824e+01 9.937906236275802030e+01
2.062385300010979279e+02 7.907497872749230794e+01 9.932561690272288502e+01
2.058857220300834570e+02 7.920374601998243236e+01 9.935312705862978078e+01
2.055343139273166457e+02 7.918487524703557767e+01 9.932333868577075009e+01
2.054080066974088652e+02 7.906110699385155272e+01 9.922446612867808824e+01
2.055059219916556970e+02 7.908178936100131295e+01 9.925494757356170794e+01
2.057326800614844160e+02 7.916748325647782281e+01 9.934068264163373385e+01
2.060366058684672907e+02 7.933383083552919857e+01 9.952121417984189122e+01
2.061561573616600924e+02 7.928631079819938066e+01 9.948316383948177588e+01
2.061376640041721657e+02 7.922149827075098472e+01 9.942386843983311451e+01
2.061424297321036363e+02 7.922283981115502627e+01 9.941356499780413003e+01
2.061980195981554687e+02 7.926325071365832287e+01 9.948099198506807284e+01
2.062505180884936351e+02 7.924990049956082316e+01 9.947704284694773946e+01
2.062558979743083114e+02 7.920406167654809337e+01 9.944009044246816131e+01
2.063345788043478137e+02 7.923290994180939606e+01 9.945242849692577636e+01
2.063196880489679472e+02 7.923713013285023976e+01 9.951254048638558913e+01
2.062065629117259675e+02 7.920595218489239642e+01 9.946546991655687009e+01
2.062244661286780740e+02 7.918266908212559940e+01 9.949696009003073982e+01
2.064233400581906039e+02 7.928318168093983331e+01 9.965916296113306316e+01
2.067583168642951250e+02 7.928610150417215152e+01 9.988065436978480705e+01
2.067925861879666343e+02 7.928792682257356716e+01 9.988235617039964609e+01
2.068378039909969175e+02 7.928237195322793696e+01 9.978386102876592645e+01
2.069910552536231876e+02 7.936387996815986412e+01 9.971611838493632263e+01
2.070165342281510732e+02 7.933620512187087570e+01 9.961556118247693803e+01
2.069128238910847699e+02 7.916687939174352096e+01 9.945215744400526603e+01
2.068257335584101781e+02 7.909291625494071809e+01 9.934565423254281313e+01
2.068422643555116451e+02 7.907931557422045898e+01 9.933098306433903701e+01
2.069278827678963637e+02 7.912065286012297349e+01 9.942806804457619307e+01
2.069603027558190718e+02 7.908630462231005254e+01 9.944847249670618794e+01
2.069876242039964893e+02 7.903833511747913576e+01 9.946242657553798949e+01
2.071262523331137402e+02 7.908539539415897934e+01 9.953067701471233875e+01
2.072505077953447596e+02 7.916023001756697397e+01 9.958764959376372872e+01
2.072545358476064905e+02 7.919797156346069755e+01 9.958775938735178102e+01
2.072433746431708528e+02 7.918792888120333373e+01 9.955232007575757791e+01
2.072963054457619592e+02 7.924555335968379666e+01 9.950733558410189517e+01
2.073522041062801975e+02 7.924995196530522890e+01 9.946331521739129755e+01
2.074430754556433953e+02 7.922228741216513015e+01 9.939838260320597385e+01
2.074976325757575637e+02 7.911406867588932812e+01 9.925986769872639570e+01
2.075659619290733531e+02 7.902984670070267725e+01 9.913497406126482758e+01
2.076111797321036363e+02 7.894342885375493779e+01 9.906118247694334400e+01
2.077199783157663546e+02 7.888141606280193230e+01 9.903054320377690090e+01
2.077191823122529684e+02 7.886205808080808310e+01 9.901093132411067188e+01
2.075647473375054801e+02 7.874010142182696370e+01 9.901109258344312991e+01
2.074274470245937607e+02 7.869597469257794842e+01 9.898141743522178615e+01
2.073202027064119477e+02 7.860126742973210412e+01 9.892027956192357863e+01
2.073177426438296038e+02 7.854662110232762018e+01 9.888558135704874985e+01
2.074381862099253340e+02 7.859544493851558400e+01 9.892579325867369278e+01
2.072084740063680215e+02 7.858610219038207845e+01 9.885506903271848955e+01
2.064805390865173536e+02 7.837143857048748430e+01 9.850962752525252597e+01
2.057465929677206873e+02 7.810578955314009875e+01 9.819265686758893708e+01
2.050676225570926761e+02 7.779770874505928191e+01 9.780425518774703164e+01
2.048017059178743864e+02 7.772965387571365170e+01 9.770117616381203618e+01
2.042760725461133120e+02 7.786930788866929731e+01 9.779885471563460442e+01
2.040092878513394794e+02 7.795023948726394281e+01 9.781493261418533791e+01
2.039395551987263957e+02 7.803013490887131809e+01 9.791729454874835881e+01
2.040252868357488012e+02 7.818723237812912430e+01 9.806245196530522890e+01
2.043183808190601667e+02 7.839880462231005254e+01 9.831630160298638543e+01
2.043447827459376356e+02 7.864571324659640084e+01 9.854878609464206818e+01
2.044386528326745633e+02 7.882452239789196824e+01 9.877590442468159893e+01
2.045882843379446570e+02 7.896425189393939092e+01 9.889427220575318245e+01
2.048768459046991666e+02 7.913836736934563021e+01 9.908705259112868191e+01
2.049954469971453648e+02 7.918863567742643284e+01 9.911771588164251057e+01
2.055194574824330118e+02 7.904317975955204645e+01 9.898599788647342734e+01
2.060108627031181356e+02 7.901228315766358890e+01 9.902020202020202078e+01
2.063064441974088652e+02 7.907551397123407355e+01 9.904442866161616621e+01
2.065370210254721144e+02 7.905379885814667773e+01 9.901565931049626101e+01
2.069488293258673650e+02 7.915824687088273492e+01 9.914258069828721887e+01
2.075539601174791358e+02 7.925199343983311451e+01 9.917019035463329146e+01
2.079391709211681984e+02 7.930912727821694830e+01 9.922809961023276060e+01
2.080883701141853237e+02 7.928562115722441206e+01 9.915112401185770352e+01
2.081759510869565304e+02 7.927501921387791128e+01 9.914816644707948967e+01
2.083003369290733531e+02 7.936421621102327606e+01 9.920853576526130269e+01
2.085560187472551661e+02 7.943493700592885887e+01 9.924990736166007821e+01
2.085903875713658238e+02 7.942614322573561481e+01 9.920304951690820872e+01
2.084474843544136888e+02 7.930964536671058340e+01 9.911243549626701110e+01
2.083281558794466264e+02 7.931690203667105266e+01 9.906885773495827152e+01
2.084006642512077292e+02 7.943890673034694316e+01 9.920733832894158866e+01
2.083659626152832800e+02 7.936382850241545839e+01 9.922520723539744836e+01
2.082260855841018952e+02 7.919246129776020382e+01 9.914365804787000513e+01
2.083335940931049493e+02 7.902349582784366078e+01 9.920370827843653672e+01
2.086113581466842390e+02 7.924157334211682269e+01 9.939801548089592131e+01
2.088602430555555429e+02 7.930682161286780740e+01 9.942984532828282340e+01
2.091939881148441032e+02 7.936701594751866651e+01 9.949202967171717660e+01
2.095951601613965636e+02 7.944485273935002567e+01 9.957062815656566102e+01
2.098736481664470830e+02 7.951161067193676502e+01 9.962104743083004621e+01
2.100131169027228850e+02 7.949872021848923964e+01 9.960633852108037445e+01
2.100853370663153328e+02 7.949526515151515582e+01 9.962465003293807797e+01
2.103051198122529684e+02 7.952913304238032310e+01 9.962253307531840107e+01
2.107131951306543556e+02 7.957111536561264131e+01 9.966740434233641110e+01
2.109926644158981048e+02 7.962252278216952561e+01 9.968225735617039618e+01
2.111806344696969688e+02 7.973430294795784334e+01 9.981108983860342221e+01
2.112809720849802488e+02 7.988753362428634830e+01 9.996097867259551606e+01
2.113315834980237184e+02 7.999647974308300036e+01 9.981540953008344275e+01
2.113767910079051262e+02 8.003918944883618281e+01 9.962092391304348382e+01
2.114322299077733760e+02 8.007656730346947427e+01 9.947152915019762531e+01
2.114792833223539787e+02 8.014052893061045779e+01 9.947443181818181301e+01
2.115948513669301576e+02 8.017729948945981278e+01 9.948104345081247857e+01
2.116970863526570099e+02 8.007393911945541731e+01 9.947047924901185922e+01
2.116332242259552174e+02 7.997241092995169254e+01 9.942187843104962042e+01
2.116328914141414259e+02 7.997366326306543272e+01 9.953430363416777027e+01
2.117952624066754481e+02 8.010025527009223367e+01 9.969149374176548406e+01
2.120156490173473856e+02 8.019724074989021290e+01 9.977280618686869218e+01
2.120223532883179587e+02 8.022434604194114627e+01 9.987844134277558794e+01
2.119808067083882293e+02 8.027710529205094758e+01 9.999189586078172454e+01
2.118829428798858032e+02 8.032409351668862030e+01 1.000540767731664431e+02
2.118755867094861571e+02 8.034087821146245290e+01 1.001138387955643339e+02
2.118872900197628439e+02 8.038671360342556227e+01 1.001510485287659264e+02
2.119683417050944172e+02 8.042130887681159379e+01 1.001052886198945941e+02
2.119717212889767097e+02 8.042536780851997946e+01 9.996144872639438006e+01
2.119626152832674677e+02 8.037626948836188490e+01 9.986348539745279140e+01
2.120546600516029798e+02 8.037470149868248370e+01 9.980643733530962436e+01
2.122410895641194486e+02 8.048717130544575582e+01 9.982569238581466209e+01
2.124320343379446570e+02 8.040409873188406209e+01 9.985177522507684955e+01
2.123502724253403642e+02 8.016734944554238496e+01 9.973963479907773433e+01
2.120862462944664060e+02 7.986406524483970770e+01 9.949216005160297982e+01
2.120203015206411976e+02 7.977497461023276060e+01 9.944681529973649958e+01
2.119810811923583742e+02 7.975856389986824979e+01 9.943767155248133349e+01
2.118080464975845416e+02 7.984468324549845875e+01 9.952346151734738555e+01
2.117369139767237698e+02 7.992918313570487499e+01 9.961513230127360430e+01
2.119260334321475625e+02 8.014045344751866651e+01 9.984145119675011415e+01
2.119591396299956045e+02 8.023226490447957815e+01 9.997040719696970257e+01
2.118218770586297808e+02 8.018760636253843188e+01 9.993107364404919224e+01
2.118609670070268010e+02 8.023790898111550973e+01 9.992671964207289648e+01
2.122778395366710527e+02 8.050893445322793696e+01 1.000931873078612142e+02
2.124259270696091448e+02 8.063789731554676621e+01 1.001761603809837453e+02
2.123426349088713323e+02 8.060584444993412490e+01 1.001329634661835684e+02
2.123441617259552174e+02 8.060109244620113600e+01 1.001015041721563392e+02
2.126694389547650417e+02 8.073296826965305684e+01 1.001721083113746147e+02
2.129567619126042928e+02 8.082808382740448394e+01 1.002801452020202078e+02
2.129748332509881550e+02 8.073063858695651618e+01 1.002343098100570984e+02
2.128014142786561251e+02 8.059158500768555200e+01 1.000674166941150673e+02
2.128234965140535735e+02 8.058533363526569815e+01 1.000620436703996461e+02
2.129753822189284165e+02 8.069258824659640084e+01 1.002309062088274061e+02
2.129768747255160406e+02 8.071028903162054746e+01 1.002904040404040416e+02
2.129327582894158866e+02 8.069565217391304657e+01 1.003345067523056713e+02
2.130171346618357404e+02 8.076107542819499940e+01 1.004357776130873958e+02
2.130655810825647904e+02 8.078961489898989612e+01 1.004580245388669368e+02
2.130755894543258648e+02 8.078600200373298890e+01 1.002539697244180985e+02
2.130954415074659778e+02 8.078871939503733302e+01 1.001244819115063649e+02
2.131505544576196769e+02 8.081302838164251057e+01 9.999878540843214125e+01
2.131274943730786049e+02 8.092729262736055773e+01 1.000761795948616566e+02
2.129043869400526887e+02 8.067869249560826006e+01 9.994190203667105266e+01
2.127945899209486242e+02 8.049231444883618281e+01 9.985047485726833827e+01
2.128574090085639057e+02 8.046408034145805743e+01 9.992707990228370818e+01
2.129717007026789588e+02 8.050890700483091678e+01 1.000236467940272291e+02
2.130909708498023747e+02 8.050880407334211952e+01 1.000523303689064534e+02
2.131937410792709784e+02 8.047663798309179128e+01 1.000874059892402244e+02
2.132760656840140427e+02 8.071197367698727021e+01 1.001764142786561251e+02
2.134023866381203334e+02 8.094517182696530710e+01 1.003178044027228850e+02
2.135208470575318529e+02 8.111304622310056800e+01 1.003893898221343903e+02
2.136446427591128554e+02 8.120568799407114113e+01 1.004034399703557341e+02
2.137698074494949481e+02 8.120297060276679701e+01 1.003861131697408808e+02
2.138083552920509476e+02 8.119724418093983331e+01 1.004227876592007078e+02
2.139708909749670624e+02 8.124872364953886006e+01 1.004864130434782652e+02
2.140769515810276573e+02 8.124639053579271319e+01 1.005642841458058854e+02
2.140010396080369048e+02 8.120025321146245290e+01 1.005703811209925362e+02
2.137868906455863112e+02 8.120219861660079630e+01 1.005550134497145365e+02
2.134813179347825951e+02 8.117518596288977051e+01 1.004864164745278856e+02
2.131722181049626670e+02 8.109131395476504167e+01 1.003790555006587653e+02
2.129386871431708528e+02 8.099907361660079630e+01 1.002514753513394794e+02
2.128681893664910092e+02 8.101868206521739069e+01 1.002517326800614796e+02
2.128120471014492807e+02 8.099061264822134376e+01 1.002646368577075151e+02
2.128511988087395821e+02 8.080236124835309397e+01 1.001846007630654327e+02
2.130018630599473113e+02 8.062733654479578149e+01 1.001778827678963495e+02
2.131624361824769380e+02 8.060364171607378125e+01 1.002513140920070214e+02
2.131449755709266469e+02 8.054900225076855236e+01 1.002609587725076921e+02
2.132156311758893139e+02 8.055713040733421337e+01 1.003340641469038275e+02
2.132698040184453134e+02 8.073485534694773946e+01 1.003640824000878382e+02
2.133011226394378639e+02 8.091521190162494293e+01 1.004686402064119477e+02
2.133088527942468033e+02 8.100291296113306316e+01 1.004499238306982818e+02
2.133084891029863854e+02 8.108104482323231821e+01 1.004868899593763700e+02
2.133968900966183639e+02 8.118019186429512501e+01 1.005983338823012758e+02
2.138294596783048007e+02 8.131981842885375045e+01 1.008148434068950365e+02
2.139755023056653442e+02 8.133060907992972943e+01 1.009053098924022862e+02
2.140289409036012387e+02 8.130127017457181182e+01 1.009489425505050519e+02
2.139976051273605719e+02 8.121480429292928704e+01 1.008645078502415515e+02
2.140893891359244492e+02 8.125311196201141684e+01 1.008925292325428131e+02
2.142181873078612284e+02 8.121981362538427618e+01 1.008367506587615310e+02
2.142288990447957815e+02 8.118013696750109887e+01 1.007458964646464636e+02
2.141986303249890113e+02 8.119469148001756764e+01 1.006858050614844160e+02
2.141705814942907296e+02 8.119239610781730221e+01 1.006319067028985472e+02
2.140829421936758763e+02 8.110886720465525457e+01 1.005122694334650788e+02
2.138975351339481676e+02 8.105206960913483272e+01 1.004833868577075151e+02
2.138132239514712296e+02 8.109260746047431212e+01 1.004652812088274061e+02
2.137592123682476881e+02 8.107591883509003594e+01 1.004582544191919169e+02
2.137236152283706758e+02 8.106353617698727021e+01 1.004114377470355777e+02
2.137877518390426133e+02 8.114090977711902042e+01 1.004876036176987242e+02
2.139665266798419054e+02 8.121446805006587510e+01 1.006763696750109744e+02
2.140831617808520093e+02 8.117500411725954734e+01 1.007290843214756251e+02
2.141765995553359687e+02 8.111896478370663033e+01 1.007249499066754481e+02
2.143613958882301347e+02 8.119512036122090137e+01 1.008555905522617451e+02
2.146317488746157096e+02 8.129778422815107319e+01 1.009746411122090421e+02
2.148447896080369048e+02 8.131836366381203618e+01 1.009285552536231876e+02
2.148833546058410207e+02 8.123667723429952048e+01 1.008315251701800577e+02
2.148946324659639799e+02 8.126194691480017696e+01 1.007734272068511245e+02
2.149279719751866367e+02 8.132168491985068215e+01 1.008065196805006565e+02
2.149794480127360430e+02 8.134553414580588537e+01 1.008385553908651673e+02
2.149846529150197512e+02 8.134176342226614054e+01 1.007149518280632350e+02
2.150068758234519066e+02 8.140899483970136430e+01 1.006665980456741352e+02
2.149543052810715835e+02 8.146766578831795869e+01 1.004364638230127298e+02
2.152544191919191974e+02 8.162948095081247857e+01 1.006203680830039531e+02
2.154605943950373330e+02 8.158994496596399415e+01 1.006291412768994320e+02
2.155422602382520836e+02 8.156759510869565588e+01 1.006498579545454533e+02
2.156444917929293013e+02 8.155197697079491093e+01 1.007362723704435723e+02
2.156957276570048236e+02 8.157638888888888573e+01 1.007553798858146621e+02
2.156445261034255623e+02 8.150576759442247976e+01 1.007475330753184011e+02
2.156464406291172509e+02 8.149657924352217719e+01 1.007849795509442288e+02
2.157800216842336454e+02 8.152600049407114113e+01 1.009485411176987242e+02
2.160099980786121989e+02 8.156278134606938579e+01 1.010169974198506821e+02
2.160286492643829490e+02 8.148919219367589051e+01 1.010316685880544583e+02
2.158682820048309168e+02 8.144815684014054114e+01 1.010254583882301205e+02
2.157933753293807513e+02 8.148047732762407236e+01 1.011076937856829119e+02
2.159280749066754481e+02 8.165055102657004227e+01 1.011418704710144993e+02
2.158562664690382178e+02 8.169233091787440060e+01 1.010631999341238441e+02
2.156782224418093961e+02 8.163980154808959355e+01 1.009468736275801461e+02
2.155196187417654698e+02 8.157667709705752657e+01 1.008746500329380780e+02
2.154030248133508962e+02 8.162965936539306711e+01 1.008973978919631094e+02
2.153225941480017696e+02 8.169246815985945886e+01 1.008227794246815989e+02
2.152201052646025516e+02 8.164583676438296322e+01 1.007142450318401359e+02
2.152090023880105321e+02 8.166806996596399415e+01 1.007281956796223170e+02
2.152715366985067931e+02 8.174975639547650985e+01 1.007975371925779484e+02
2.152344401899429158e+02 8.173547636693017182e+01 1.007789683519982447e+02
2.150479695048309168e+02 8.164455355182256824e+01 1.006610569005270150e+02
2.149723800505050519e+02 8.159869071146245290e+01 1.006014904479578433e+02
2.151131182751427389e+02 8.175484807312253110e+01 1.007294445816864226e+02
2.153298062143170739e+02 8.187285902503293755e+01 1.009013710474308283e+02
2.153609841622749173e+02 8.188198904808959355e+01 1.008559611056214322e+02
2.153611282663592306e+02 8.167616038098374531e+01 1.008347160463329004e+02
2.153924091458058854e+02 8.156604084321475057e+01 1.008359134826526144e+02
2.155799777667984074e+02 8.160636940052701505e+01 1.009593763724198539e+02
2.157450387022397820e+02 8.172472688844970889e+01 1.010682229907773433e+02
2.157610651350461239e+02 8.171429992863416203e+01 1.010607192852437350e+02
2.157955094422485729e+02 8.170746870882740609e+01 1.009568991545893653e+02
2.158560606060605949e+02 8.176417709705752657e+01 1.009478549077733902e+02
2.159181454490557712e+02 8.183240351888449027e+01 1.009280749066754481e+02
2.160911664196310937e+02 8.195093942138778687e+01 1.010294143884497089e+02
2.162667675395256879e+02 8.199440395805885373e+01 1.010282684178744006e+02
2.164000981280193230e+02 8.198211393829600979e+01 1.009471721288976767e+02
2.164228562801932298e+02 8.199741298858147331e+01 1.009507575757575779e+02
2.164330808080808026e+02 8.201011473429952048e+01 1.009862758014931927e+02
2.165296476998243236e+02 8.209112524703557767e+01 1.010613162878787818e+02
2.167926376537110116e+02 8.222834664580588537e+01 1.012153292435221772e+02
2.169568751372419797e+02 8.233159379117259391e+01 1.012785840744400474e+02
2.170038290513834056e+02 8.231333717610891654e+01 1.012693579819938492e+02
2.170582180500658751e+02 8.230145202020202078e+01 1.012445720794905526e+02
2.172814524319279883e+02 8.235561800065876525e+01 1.013444808135704847e+02
2.175228542215634491e+02 8.243015412274922937e+01 1.014336537933684639e+02
2.175711531071585512e+02 8.239538043478260931e+01 1.013351655138339851e+02
2.176411705368906553e+02 8.236466910957399534e+01 1.012393946256038646e+02
2.178775149593763842e+02 8.245397933135704704e+01 1.012671106444883549e+02
2.180090579710144993e+02 8.252035298638558913e+01 1.013726600241545839e+02
2.179536876921387716e+02 8.255371651295564561e+01 1.014096192907334171e+02
2.178142395421607489e+02 8.252340318950373899e+01 1.013771924407114682e+02
2.177733894653052289e+02 8.259188694005270293e+01 1.013801225570926619e+02
2.177529266853315733e+02 8.264088232872200024e+01 1.014782231280193230e+02
2.177252140974967176e+02 8.267162796442687522e+01 1.014817262296881921e+02
2.177543883124725426e+02 8.269839358256477624e+01 1.015063371486605206e+02
2.178508522727272805e+02 8.276401240667544812e+01 1.014388655577514271e+02
2.178700455643390512e+02 8.278970410628019749e+01 1.013629158432147506e+02
2.177760382356170510e+02 8.272185509991216179e+01 1.010965051328502398e+02
2.178028999231444800e+02 8.279902969916557254e+01 1.011927632301273547e+02
2.177490255819060110e+02 8.286926328502416084e+01 1.012625576416337339e+02
2.176885087285902500e+02 8.294207702020202078e+01 1.014278587505489639e+02
2.176765686758893139e+02 8.299632877689943200e+01 1.015366985068071983e+02
2.175630867094861571e+02 8.302808314119455702e+01 1.015973491710584113e+02
2.175014925065876241e+02 8.309594244071146818e+01 1.016600344477382549e+02
2.176154102162933555e+02 8.306752648770311964e+01 1.017571331521739069e+02
2.176916378458498116e+02 8.305873956960913063e+01 1.018354811703996461e+02
2.176988327569169996e+02 8.301485301383398507e+01 1.018438906730346929e+02
2.176120615118577177e+02 8.299240022507684955e+01 1.018894893225735672e+02
2.175240996925779484e+02 8.299545729029424024e+01 1.019000054896794012e+02
2.174739102986385717e+02 8.303580643390425564e+01 1.019469696969697026e+02
2.174653875713658238e+02 8.304155687307861911e+01 1.019938309727711925e+02
2.174453879830917913e+02 8.302034269323671367e+01 1.019785799571805001e+02
2.174391571969696884e+02 8.295940038976723940e+01 1.019365770476504167e+02
2.173828948451910321e+02 8.288532402832674961e+01 1.018725673858146621e+02
2.173601847277118964e+02 8.283833580368906269e+01 1.018648303689064534e+02
2.173757067962231133e+02 8.287288647342995773e+01 1.017101449275362341e+02
2.174296634826526144e+02 8.287847908432146937e+01 1.015980731225296410e+02
2.174587930939833029e+02 8.294555610452349015e+01 1.014992314448836197e+02
2.172368728041282395e+02 8.293111824769432872e+01 1.014591293368467291e+02
2.167813666556873216e+02 8.293434343434343248e+01 1.015930226174791358e+02
2.166162782718489268e+02 8.291637159639877552e+01 1.016423611111111143e+02
2.165311299132630722e+02 8.289117053689064107e+01 1.016388717336407552e+02
2.164979310770750942e+02 8.289524662384717146e+01 1.016760780357927132e+02
2.164798563076416258e+02 8.292479482323231821e+01 1.016998003129117194e+02
2.165333875439174278e+02 8.293895133399209385e+01 1.017518836462450622e+02
2.165359642621870933e+02 8.304286067193676502e+01 1.016720945871761046e+02
2.164897411616161662e+02 8.316742149758454161e+01 1.015972290843214694e+02
2.164566624121651159e+02 8.327701951581028084e+01 1.015894852053140056e+02
2.164364947024593846e+02 8.336768843324550460e+01 1.016102842281510732e+02
2.164569574824330118e+02 8.341246363087395821e+01 1.016347133014931927e+02
2.163992918313570613e+02 8.340919384057970376e+01 1.015273866381203334e+02
2.163298302316644595e+02 8.340052357817303630e+01 1.014125116655687293e+02
2.163926150087834799e+02 8.345208196091348896e+01 1.014114583333333286e+02
2.165582695158102808e+02 8.351241010649978591e+01 1.014160181982872189e+02
2.165280900032938121e+02 8.342696324659640084e+01 1.013495587670180100e+02
2.165666515700483217e+02 8.330051877470356203e+01 1.013000247035573125e+02
2.167477114898989896e+02 8.324565972222222854e+01 1.013556797595520464e+02
2.168074597880983845e+02 8.317803373407993206e+01 1.013816253568291614e+02
2.167429148825208642e+02 8.301173075867369278e+01 1.012430658487044326e+02
2.166686703996486472e+02 8.293072024593763558e+01 1.011853727492314476e+02
2.166517759112867907e+02 8.291165733421168227e+01 1.012013957509881408e+02
2.167197690217391255e+02 8.294477725625823439e+01 1.012557264218269637e+02
2.167860671936758763e+02 8.297793835090030257e+01 1.012968269653052289e+02
2.168852725625823439e+02 8.301185084541063475e+01 1.013851833552920567e+02
2.169679848759332401e+02 8.304956151185770352e+01 1.014266613142292499e+02
2.168821537384716862e+02 8.302995649429072955e+01 1.014758419795783908e+02
2.167882973759332401e+02 8.299873737373737015e+01 1.015715167984189691e+02
2.167803339097496576e+02 8.298593612758014615e+01 1.016876200867369278e+02
2.169030248133508962e+02 8.310090716952130663e+01 1.018584623407992922e+02
2.169977869729907809e+02 8.319628691809398902e+01 1.019566692742643852e+02
2.168926493192797409e+02 8.317174462011418257e+01 1.019582578502415515e+02
2.168368295729029285e+02 8.322927302920508907e+01 1.019561134442248544e+02
2.168420584925340222e+02 8.329446297211242722e+01 1.020119023111550263e+02
2.168492431104523632e+02 8.334692372090469803e+01 1.020399408487044326e+02
2.167968063790074780e+02 8.330536341677645851e+01 1.019892333662714066e+02
2.168746191534914374e+02 8.323873586407553660e+01 1.020054107652613027e+02
2.169923007246376869e+02 8.321453667105841134e+01 1.020405412823891140e+02
2.170308897397891883e+02 8.291941493741765612e+01 1.019130331851119848e+02
2.169865296991655725e+02 8.288316589811155666e+01 1.018789113965744377e+02
2.168999402997364996e+02 8.287389177097057313e+01 1.018250679347826093e+02
2.167588349527887601e+02 8.305245731774265039e+01 1.017497083607817245e+02
2.165948719532279370e+02 8.326114748023715606e+01 1.016225262132191460e+02
2.164012063570487499e+02 8.325621706192357863e+01 1.014347963328941660e+02
2.164058211187966663e+02 8.328697642182696370e+01 1.013926390261308796e+02
2.166771347990777201e+02 8.344606046881861516e+01 1.015596487977602038e+02
2.169248051163812079e+02 8.359817605401845242e+01 1.017565944773825208e+02
2.168690539909969175e+02 8.359037727821694830e+01 1.017909358530961725e+02
2.167704181763284907e+02 8.355418656675449540e+01 1.017470595904699167e+02
2.168149051657883319e+02 8.357163688515591105e+01 1.018250199000878382e+02
2.169871369949495090e+02 8.375506766029863570e+01 1.019815855566534850e+02
2.170525671113306885e+02 8.375263161506367737e+01 1.019874252031181356e+02
2.170643013010540301e+02 8.374931035902503140e+01 1.020326670234958328e+02
2.171202102547211155e+02 8.377144406016688549e+01 1.020516304347826093e+02
2.171643541392182613e+02 8.382146190162494293e+01 1.021087505489679472e+02
2.171099548473869163e+02 8.376368645696091164e+01 1.020831103151076036e+02
2.171355710638998744e+02 8.374865845959595845e+01 1.021266846453667085e+02
2.173366374341238441e+02 8.379439435111989098e+01 1.022821798144488383e+02
2.175212484903381664e+02 8.383591691370223487e+01 1.024550017841458072e+02
2.174835206686429387e+02 8.376374135375493779e+01 1.024822237318840621e+02
2.174531867588932812e+02 8.372503568291611487e+01 1.024532210693895422e+02
2.175566672156346044e+02 8.375835117479138603e+01 1.023527736605182241e+02
2.177212683904259904e+02 8.387585776240668167e+01 1.023856980127360572e+02
2.177423453282828234e+02 8.388572889218269779e+01 1.023946496212121247e+02
2.176538894378568330e+02 8.380650938735178102e+01 1.022259346179183126e+02
2.176169164470794897e+02 8.374392704216073469e+01 1.020972771190162547e+02
2.176200661506368021e+02 8.391203474967062448e+01 1.020115146025472086e+02
2.176279815821256136e+02 8.405076237922705218e+01 1.019414011034255623e+02
2.174390851449275317e+02 8.406040019762845361e+01 1.018034008563899846e+02
2.173127264492753739e+02 8.399800999121650591e+01 1.016531208827404527e+02
2.173382157169521349e+02 8.402507067962231702e+01 1.016148132136583229e+02
2.175187712725076778e+02 8.399326484958278627e+01 1.017168869400527029e+02
2.176101058135704989e+02 8.397862112977601612e+01 1.017981341952129952e+02
2.176249039306104578e+02 8.384563021519542758e+01 1.017969573451910463e+02
2.175861399319279883e+02 8.378533981115502627e+01 1.017634771629336825e+02
2.175321557971014386e+02 8.373699632191480191e+01 1.017445377689942916e+02
2.174578667105841134e+02 8.374665815766358890e+01 1.018352272727272663e+02
2.174464481774264470e+02 8.374424269872639570e+01 1.018983791721563392e+02
2.174126420454545325e+02 8.377923597386912036e+01 1.019737353151076036e+02
2.173078303414580716e+02 8.376634208937197457e+01 1.020315485013175163e+02
2.173110658212560509e+02 8.385134634387351582e+01 1.021099445542380266e+02
2.174255324989020721e+02 8.391096426218709325e+01 1.022176795125164688e+02
2.174419843818621132e+02 8.396295495718050006e+01 1.023083038263065419e+02
2.171827891688625414e+02 8.387932655357927558e+01 1.022510258838383805e+02
2.169316603535353636e+02 8.384611742424242209e+01 1.022314174352217861e+02
2.168982007575757507e+02 8.387690766359244776e+01 1.022688501866491038e+02
2.169543944883618849e+02 8.383255791611769325e+01 1.023297375933245519e+02
2.169732343818621132e+02 8.373105031291171940e+01 1.023762248847167342e+02
2.168973738746157096e+02 8.361506024923144764e+01 1.023958642127799692e+02
2.170287075922266240e+02 8.368937678414580716e+01 1.025564373353096244e+02
2.171499059892402386e+02 8.382283089042600466e+01 1.027223697573561765e+02
2.170351064997804258e+02 8.390134359903382233e+01 1.027202871102327606e+02
2.168509620663153328e+02 8.393421305445761504e+01 1.026578351449275317e+02
2.168440656565656468e+02 8.402498490338163606e+01 1.027477766798418912e+02
2.168985370004391768e+02 8.422353288317961528e+01 1.028633756038647391e+02
2.168507390480895936e+02 8.418248723649539045e+01 1.028336181104523490e+02
2.167604990118577177e+02 8.402014026130873958e+01 1.025105676328502398e+02
