2.409447714910274101e+02 4.726202531645569849e+01 5.814509175944283470e+01
2.409616237100299827e+02 4.728762137156219580e+01 5.817158253266229195e+01
2.409679324894514707e+02 4.729474353108636819e+01 5.816961516953891476e+01
2.412510548523206637e+02 4.752328300543948103e+01 5.842613491942453408e+01
2.415833155406435822e+02 4.778359005642824542e+01 5.847754562554013802e+01
2.417649687357022970e+02 4.787712876823750463e+01 5.808623862538762950e+01
2.421640180977072987e+02 4.817608154135529475e+01 5.757740328402216790e+01
2.423176554318540070e+02 4.826404351583549612e+01 5.733039499771236791e+01
2.423884398352905407e+02 4.840990798637588455e+01 5.715398810431599941e+01
2.425023638859234438e+02 4.848667581719282538e+01 5.712800569366071812e+01
2.426112449799196895e+02 4.859234914340908063e+01 5.722925626556860124e+01
2.426437649331503223e+02 4.860482944435971575e+01 5.732841238371206316e+01
2.426079660413807062e+02 4.854586955416603189e+01 5.721151949570433715e+01
2.425388236490264831e+02 4.849996949824615200e+01 5.711230237405317212e+01
2.425464185857353527e+02 4.853058309186111785e+01 5.714264145188348465e+01
2.426009913070001573e+02 4.863210309592801650e+01 5.723037466320980116e+01
2.426568146001728508e+02 4.870431091454425143e+01 5.713592089878501667e+01
2.427075695185806410e+02 4.873884906715469612e+01 5.713117279243556368e+01
2.427411468659447848e+02 4.886614813685120140e+01 5.709463677494789380e+01
2.427538101774185293e+02 4.883335366783590104e+01 5.718644197041329846e+01
2.427284378018402720e+02 4.877372273905749722e+01 5.710741192618575468e+01
2.426849067154694808e+02 4.877992476234049946e+01 5.704757765238167622e+01
2.427452391845864383e+02 4.885361699964414584e+01 5.712893599715317094e+01
2.427372070560723785e+02 4.883093894565604387e+01 5.711147374307356017e+01
2.426222103604290510e+02 4.873220476844085169e+01 5.709122057851659804e+01
2.425882568247674271e+02 4.866946266076966054e+01 5.711103655126836287e+01
2.426178994458848024e+02 4.867706776472980579e+01 5.714753698337654697e+01
2.425973870164201003e+02 4.858380356870519989e+01 5.724556962025316409e+01
2.424778862284581464e+02 4.839997458187178836e+01 5.723462457424635375e+01
2.424122566214223866e+02 4.829962889532814785e+01 5.718180062020233123e+01
2.424132225102943323e+02 4.828413400437192138e+01 5.717836408926846303e+01
2.424741192618575667e+02 4.831133140155559147e+01 5.728750953179807937e+01
2.424999847491230867e+02 4.838876010370596248e+01 5.722581973463474014e+01
2.425707844034365337e+02 4.855917340247064118e+01 5.705621981597275294e+01
2.425614406995068748e+02 4.858853134055208045e+01 5.705745513700371419e+01
2.425287275685018642e+02 4.851287682375070176e+01 5.709347770830156321e+01
2.424276091708606486e+02 4.848245640791012079e+01 5.689584667785064198e+01
2.423887702709572523e+02 4.847334146713436098e+01 5.688797214173148120e+01
2.423624726755121799e+02 4.843720705607238841e+01 5.696294545269686438e+01
2.423554979411316026e+02 4.839410807788114255e+01 5.693985562503177533e+01
2.423018555233592508e+02 4.829281683696812877e+01 5.695827360073204204e+01
2.422393421788419516e+02 4.824002338467795425e+01 5.685690102180875272e+01
2.422263280971989161e+02 4.820153017131818274e+01 5.686304204158405895e+01
2.422191957704234540e+02 4.817301103146764518e+01 5.690947587819633213e+01
2.422117533424838598e+02 4.818430684764373950e+01 5.682170199786487785e+01
2.421769457577144067e+02 4.816153220476844155e+01 5.674674902140206711e+01
2.422168013827461834e+02 4.822529103756799174e+01 5.672642468608611921e+01
2.422932133597681741e+02 4.827736769864267075e+01 5.684232118346805152e+01
2.423015911748258873e+02 4.827588327995526640e+01 5.690378221747750587e+01
2.422925779065629683e+02 4.830162167657973527e+01 5.680120990290274818e+01
2.422892837171470717e+02 4.837133343500584459e+01 5.678071780794062562e+01
2.423077525291037659e+02 4.833110670530221853e+01 5.693771541863657148e+01
2.422826038330537415e+02 4.834158914137562846e+01 5.686178638605053237e+01
2.422587311270397947e+02 4.824914340907935895e+01 5.688658939555691063e+01
2.422567332621625837e+02 4.827260434141629730e+01 5.686318946672766828e+01
2.422898734177215090e+02 4.830779319810888950e+01 5.690047277718468877e+01
2.422520004066900583e+02 4.829447409892735266e+01 5.688319861725382509e+01
2.421877077931981148e+02 4.817750495653500309e+01 5.688751461542371857e+01
2.421347414976361279e+02 4.810691881449849916e+01 5.680852015657566767e+01
2.421124091301916508e+02 4.805153271313100305e+01 5.687434802501143594e+01
2.420080473793909732e+02 4.798516089675156593e+01 5.674023181332926669e+01
2.420880687306186871e+02 4.806480097605612656e+01 5.678593360784911681e+01
2.420475725687560384e+02 4.799895785674343074e+01 5.678409333536678361e+01
2.419763408062630390e+02 4.795958009252198906e+01 5.670519546540592870e+01
2.419016521783335918e+02 4.791241421381729282e+01 5.664408011794011344e+01
2.419070814905190332e+02 4.794674393777642507e+01 5.663686645315438994e+01
2.418556911189060088e+02 4.794735905647907970e+01 5.663703421280057171e+01
2.418752884957551714e+02 4.797744903665294203e+01 5.665415078033653629e+01
2.418840984189924370e+02 4.797637639164251766e+01 5.667192821920593815e+01
2.418640943520919109e+02 4.792672970362462337e+01 5.672383203700879761e+01
2.418296883737481551e+02 4.796507040821514067e+01 5.672254079609577815e+01
2.418378679274058243e+02 4.797326521274973032e+01 5.673905241218036366e+01
2.418047430227238124e+02 4.801364953484825548e+01 5.662183417213156389e+01
2.417522088353413778e+02 4.797913171674037613e+01 5.658521173300798068e+01
2.417605358141426564e+02 4.794436988460169857e+01 5.667080982156473823e+01
2.418168878043820769e+02 4.791078745361191693e+01 5.680606476539067984e+01
2.418154999745818827e+02 4.792581465100909810e+01 5.670743226068832143e+01
2.417408367647806529e+02 4.791537288394082594e+01 5.644842153423822140e+01
2.417748818057038420e+02 4.796105434395811074e+01 5.651857556809516581e+01
2.419217680849982344e+02 4.806467896904072035e+01 5.682971379187636529e+01
2.418955874129429162e+02 4.790836764780641488e+01 5.684687611204311253e+01
2.417055462355752127e+02 4.768496263535153190e+01 5.648450510904377353e+01
2.416918001118397683e+02 4.771308525240200993e+01 5.649035127853184690e+01
2.418626912714147750e+02 4.786690051344618979e+01 5.681324792842254823e+01
2.419006761222103705e+02 4.786100350770169598e+01 5.690224187890803620e+01
2.418355599613644529e+02 4.775449138325453902e+01 5.668868893294698097e+01
2.418381678613186807e+02 4.774213308931930300e+01 5.657656956941691107e+01
2.419460068120583571e+02 4.786936607188246739e+01 5.675492349143409143e+01
2.420001830105231022e+02 4.792550454984495190e+01 5.688467286868994677e+01
2.419154948909562393e+02 4.783076610238421722e+01 5.676468913629200586e+01
2.418722484876213628e+02 4.781289715825326425e+01 5.664280921152966641e+01
2.419084184840628211e+02 4.782421839255756879e+01 5.668581160083371628e+01
2.419365258502363929e+02 4.780839306593462368e+01 5.682550454984495047e+01
2.419610340094555454e+02 4.783011539830206971e+01 5.676857302628234692e+01
2.419924406486706232e+02 4.784988561842305899e+01 5.669907478013318780e+01
2.420021554572721243e+02 4.789389456560419234e+01 5.673872197651365212e+01
2.419694219917645341e+02 4.786891871282598743e+01 5.678038228864826209e+01
2.418516394692694860e+02 4.779898835849728300e+01 5.665843627675258176e+01
2.417961923643942725e+02 4.776940674088760375e+01 5.658350871841797414e+01
2.418684052666361595e+02 4.789996949824615058e+01 5.664932641960245974e+01
2.418813990137766154e+02 4.791300391439174433e+01 5.668462711605917548e+01
2.418102536729195151e+02 4.786641756901021694e+01 5.651958212597224218e+01
2.416813837628997135e+02 4.777728127700676453e+01 5.643718672156982308e+01
2.417043261654211790e+02 4.787017945198515889e+01 5.651764018097707520e+01
2.417132530120481988e+02 4.787849626353515475e+01 5.660104214325657068e+01
2.416515428803822942e+02 4.781106196939657593e+01 5.649539931879416343e+01
2.415917645264602811e+02 4.775998169894769063e+01 5.636765797366681596e+01
2.416412027858268630e+02 4.784351075186823010e+01 5.654402419805805380e+01
2.417177876061206803e+02 4.794065883788317706e+01 5.675378475929032618e+01
2.417278531848914724e+02 4.795986477555792504e+01 5.665187839967465067e+01
2.416737227390574958e+02 4.789496721061460960e+01 5.644633724772507577e+01
2.417426414518834861e+02 4.796516191347669178e+01 5.644324640333486087e+01
2.419166641248538383e+02 4.810530222154440594e+01 5.682093437039296191e+01
2.420089065121244403e+02 4.824818260383305102e+01 5.684699303543287385e+01
2.420202480809313101e+02 4.830973514310406358e+01 5.665046006812058010e+01
2.420353769508413393e+02 4.844618982258146644e+01 5.643101011641502396e+01
2.421420975039398229e+02 4.856409943571755150e+01 5.668677748970565489e+01
2.421922983071526687e+02 4.860625285953942409e+01 5.685868537440902770e+01
2.421799908494738531e+02 4.862227644756239897e+01 5.675400335519292128e+01
2.421752529103756899e+02 4.863432972395912657e+01 5.663274363275888135e+01
2.421962432006507129e+02 4.871902292715164151e+01 5.667610695948350497e+01
2.422921102130039230e+02 4.886898988358497320e+01 5.682160032535204408e+01
2.423437293477708181e+02 4.905056682425906445e+01 5.678821107213664732e+01
2.423196888821107109e+02 4.904325657058614496e+01 5.671585074475115817e+01
2.422619897310761985e+02 4.900326877128767933e+01 5.667945198515581495e+01
2.422940928270042207e+02 4.909903919475370060e+01 5.666076966092217049e+01
2.423439987799298478e+02 4.918005693660718691e+01 5.669658380356870708e+01
2.423495450155050719e+02 4.913932692796502266e+01 5.675752630776269569e+01
2.423111941436632719e+02 4.904851303949977392e+01 5.680511921102129946e+01
2.422931218545066372e+02 4.898930405164963986e+01 5.684827410909460355e+01
2.422558944639316678e+02 4.894985511666920530e+01 5.690462101570840048e+01
2.422250216054089833e+02 4.892433023232169376e+01 5.691031976005287163e+01
2.421588582176808586e+02 4.879485537085049174e+01 5.690663413146256033e+01
2.420841289207462808e+02 4.870462609933404252e+01 5.680556657007777943e+01
2.420216104926033154e+02 4.864192974429362692e+01 5.674636774947892803e+01
2.420247420059986894e+02 4.866733262162574647e+01 5.672709572467083206e+01
2.420633216409943600e+02 4.862060901835188531e+01 5.690587158761628928e+01
2.420290885059224308e+02 4.856846118651822763e+01 5.679070713232677292e+01
2.420033755274261580e+02 4.853464999237456112e+01 5.669410299425550193e+01
2.420681815871079152e+02 4.868171419856641791e+01 5.677206039347262134e+01
2.421655991052818990e+02 4.877467337705251538e+01 5.697769305068374734e+01
2.421268161252605466e+02 4.869919170352294913e+01 5.691252096995577148e+01
2.421092776167963052e+02 4.869146967617304966e+01 5.678933963702912990e+01
2.421585837018961911e+02 4.875264094352091604e+01 5.691814345991561197e+01
2.422088556758680227e+02 4.883354684561028591e+01 5.705532509785979300e+01
2.421528239540440381e+02 4.874862996288953099e+01 5.706341822988154888e+01
2.420757053530577991e+02 4.869440801179401035e+01 5.694902648568959336e+01
2.421197092166133018e+02 4.881696405876671463e+01 5.693436530933862372e+01
2.421927863352142651e+02 4.893292155965635004e+01 5.701314117228407241e+01
2.421389304051649560e+02 4.887107417009811172e+01 5.695289004117736908e+01
2.420105942758375193e+02 4.867218748411367102e+01 5.686899496721061809e+01
2.418998881602358892e+02 4.859528747903004131e+01 5.680940979106298272e+01
2.419113110670530205e+02 4.861950587158761294e+01 5.693741548472370795e+01
2.418576025621473207e+02 4.856846627014386542e+01 5.699050887092674600e+01
2.417280412790402124e+02 4.844621015708403178e+01 5.682167657973666763e+01
2.416500838798230859e+02 4.830556148645213455e+01 5.682400996390625636e+01
2.416636876620405587e+02 4.826683950993848526e+01 5.694050124548828506e+01
2.417176249301001576e+02 4.834447155711453092e+01 5.694744039448934814e+01
2.417018453561079809e+02 4.836151695389151683e+01 5.684323115245793190e+01
2.417526104417670751e+02 4.845472523003405740e+01 5.676026129835798884e+01
2.417900259264907845e+02 4.853967769813431232e+01 5.681767068273092036e+01
2.418135936149661802e+02 4.857904021147882645e+01 5.683596665141578796e+01
2.418239997966549879e+02 4.857456153728839610e+01 5.681761984647450703e+01
2.418349397590361320e+02 4.859914595089217926e+01 5.684099435717553916e+01
2.418881500686289598e+02 4.862571297849626006e+01 5.689112907325504409e+01
2.419565960042702386e+02 4.875814142646535743e+01 5.691068069747343827e+01
2.420260484977886222e+02 4.883520410756951691e+01 5.692120888617762375e+01
2.420564079101214929e+02 4.882737024045549390e+01 5.690251639469269662e+01
2.420355396268618904e+02 4.886416552285089665e+01 5.684465456763764024e+01
2.420593970819988954e+02 4.893450765085658816e+01 5.681903817802857048e+01
2.421159981698947661e+02 4.895529967973158136e+01 5.685101418331554157e+01
2.421223984545777910e+02 4.898580143358243078e+01 5.685780590717299532e+01
2.421297951298866451e+02 4.899764119770220105e+01 5.686866961516953722e+01
2.421263941843322698e+02 4.897405825834985649e+01 5.684330740684256256e+01
2.420873011031467570e+02 4.894251436124243781e+01 5.679421483401961979e+01
2.420862742107671295e+02 4.893771033501092660e+01 5.684610340094555170e+01
2.421112449799196895e+02 4.899061562706522466e+01 5.687433277413451549e+01
2.421203040008133769e+02 4.909405215799908717e+01 5.676854760815413670e+01
2.420601647094707971e+02 4.900933353667836201e+01 5.674864521376645854e+01
2.420760307050988729e+02 4.903531086370799841e+01 5.672733465507599959e+01
2.420010167251283519e+02 4.893621574907223959e+01 5.671032992730415145e+01
2.421292715164455274e+02 4.908837883178282624e+01 5.674321081795536514e+01
2.421039448934980385e+02 4.909650246555843722e+01 5.673405012454882979e+01
2.420429108840424988e+02 4.906462813278429991e+01 5.669167302119871721e+01
2.420082659752935683e+02 4.900721874841136838e+01 5.673619033094402653e+01
2.419831833663768919e+02 4.906456712927659680e+01 5.669069696507548883e+01
2.419685984444105600e+02 4.903173199125616577e+01 5.672075644349550316e+01
2.419889024452239426e+02 4.904427329571450400e+01 5.673711046718519668e+01
2.420205886838493257e+02 4.906247775913782050e+01 5.683709013268263277e+01
2.420071374104010999e+02 4.903767474963143513e+01 5.683631233795943416e+01
2.419933709521630760e+02 4.901369020385338615e+01 5.680482436073407371e+01
2.420435514208733707e+02 4.908353413654618436e+01 5.690402114788267340e+01
2.421305220883534162e+02 4.916400284683035693e+01 5.692861064511209435e+01
2.421697219256773792e+02 4.919672106146103374e+01 5.687646281327842956e+01
2.421297087082507176e+02 4.914680494128412391e+01 5.679438767729144644e+01
2.421133648518123209e+02 4.909883076610238106e+01 5.678733668852625982e+01
2.421676427227899069e+02 4.917052005490315736e+01 5.680536322505210478e+01
2.421722535712470119e+02 4.924818768745869590e+01 5.675662142239845309e+01
2.421093691220578421e+02 4.923863047125209391e+01 5.668981241421381867e+01
2.420698795180722982e+02 4.919434700828630724e+01 5.671632352193584126e+01
2.420463524986020047e+02 4.908973107620354881e+01 5.680331960754409693e+01
2.419807940623252591e+02 4.899456560418890660e+01 5.674616948807889827e+01
2.419325758731127110e+02 4.892511819429617503e+01 5.668380865233083910e+01
2.419313659702099528e+02 4.893310457017945225e+01 5.671626760205378304e+01
2.420055004829444272e+02 4.898375273244878514e+01 5.686958466778506249e+01
2.420105536068323886e+02 4.901048751969904771e+01 5.688680290783386795e+01
2.419847999593309851e+02 4.894331249046820176e+01 5.680765085659091795e+01
2.419787809465711064e+02 4.893759849524681016e+01 5.672131055869045468e+01
2.419987748462203285e+02 4.898067205530984580e+01 5.672089878501347471e+01
2.420749072238320423e+02 4.911640994357175316e+01 5.668978191245996356e+01
2.420309999491637427e+02 4.912362360835748376e+01 5.660264348533374346e+01
2.420233948452035975e+02 4.911075695185806467e+01 5.660064562045651115e+01
2.420199430633928159e+02 4.908570992832088109e+01 5.667752529103756842e+01
2.419771592699913469e+02 4.899520105739413367e+01 5.665295104468506793e+01
2.419259925779065554e+02 4.893971328351380379e+01 5.653568705200549260e+01
2.419306034263636889e+02 4.893473133038482814e+01 5.655334756748513314e+01
2.419978902953586442e+02 4.904912815820242855e+01 5.659873926084082996e+01
2.420733058817548624e+02 4.912385745513700641e+01 5.665028722484876056e+01
2.420819277108433596e+02 4.912549438259366497e+01 5.666217274159930639e+01
2.420964058766712412e+02 4.913055259010726417e+01 5.675516750546489675e+01
2.421097453103553505e+02 4.914095877179604344e+01 5.678463728331045957e+01
2.420887296019521102e+02 4.913657668649280907e+01 5.665636724111636369e+01
2.420465507600020203e+02 4.911846881195668857e+01 5.660374154847237094e+01
2.420786589395556803e+02 4.912486401301408279e+01 5.670422449290834521e+01
2.420238371206344254e+02 4.904412078694524979e+01 5.670412790402114922e+01
2.419789334553403535e+02 4.901618118041787397e+01 5.655981393930151313e+01
2.420100401606425748e+02 4.905918865334756873e+01 5.660208937013878483e+01
2.421011336485181289e+02 4.915797366681917424e+01 5.674737939098164929e+01
2.420827766763255511e+02 4.914081134665243411e+01 5.671862640435158198e+01
2.420502973921000489e+02 4.915626556860352991e+01 5.648911087387524788e+01
2.421487011336485295e+02 4.928080931320217672e+01 5.662364902648568687e+01
2.422483198617253777e+02 4.945183773066951005e+01 5.675589954755731981e+01
2.423004829444359700e+02 4.948373239794621270e+01 5.674435971735041306e+01
2.422801281073661812e+02 4.943822378120075456e+01 5.661722840730008954e+01
2.422845457780489085e+02 4.949018860251131002e+01 5.664670326877129014e+01
2.424051192110212867e+02 4.959230847440394285e+01 5.691261755884296747e+01
2.424405266636164811e+02 4.965338315286462034e+01 5.698119566875095643e+01
2.423860047786081111e+02 4.967830816938640481e+01 5.676485181231254273e+01
2.423197651364953344e+02 4.965693152356260498e+01 5.668097707284835707e+01
2.423227085557419684e+02 4.968691474759798865e+01 5.679623303339941742e+01
2.422018911087387494e+02 4.953682578414925786e+01 5.679194245335773417e+01
2.421762289664989112e+02 4.952545371358853288e+01 5.667635605713995517e+01
2.421968278175995124e+02 4.955917848609628606e+01 5.657277210106247622e+01
2.422720705607239040e+02 4.963413654618474169e+01 5.663216409943571961e+01
2.423045142595699133e+02 4.964388185654008367e+01 5.667568501855523522e+01
2.422732855472522999e+02 4.955759239489604084e+01 5.664690153017131991e+01
2.422147069289817409e+02 4.950319760052869356e+01 5.659026994052157988e+01
2.421968837374815848e+02 4.950933862030399979e+01 5.665834985511666844e+01
2.421221493569213692e+02 4.941095012963245381e+01 5.663566671750292159e+01
2.420587362106654439e+02 4.936865436429261678e+01 5.660969955772456785e+01
2.419949824614915315e+02 4.933456865436428984e+01 5.663179807838950808e+01
2.419201616592954167e+02 4.918809414874688457e+01 5.664993137105383880e+01
2.416798993442122878e+02 4.888789080372121276e+01 5.648131259214071775e+01
2.415400589700574585e+02 4.870898276650907377e+01 5.644137054547303478e+01
2.415250673580397631e+02 4.874382085303238199e+01 5.636166437903512616e+01
2.416388185654008396e+02 4.882230694931624981e+01 5.652242387270601398e+01
2.417132936810533295e+02 4.893524986020029388e+01 5.656307762696354757e+01
2.417729042753291537e+02 4.904971785877688006e+01 5.644199074780133429e+01
2.418291698439327035e+02 4.912534695745005564e+01 5.635929540948604455e+01
2.419283818819582166e+02 4.924072492501652221e+01 5.642999847491230980e+01
2.420356362157490651e+02 4.939065121244471612e+01 5.647402267297036360e+01
2.420552793452290246e+02 4.943835087184179855e+01 5.643087794214834219e+01
2.420853439072746767e+02 4.946374866554826610e+01 5.651286665649941199e+01
2.420882568247674271e+02 4.948912612475217543e+01 5.658887702709572665e+01
2.420638300035585360e+02 4.946158304102485914e+01 5.669859183569722205e+01
2.420939759036144494e+02 4.946163896090691736e+01 5.675709928320878106e+01
2.421273448223272737e+02 4.954433938284784489e+01 5.675354074525952086e+01
2.421901275990036027e+02 4.970201311575415559e+01 5.676223374510701092e+01
2.421919017843526092e+02 4.974413095419653530e+01 5.670019826140003261e+01
2.421845000254181173e+02 4.973604290580041720e+01 5.668935488790605604e+01
2.421801026892379696e+02 4.975871587616288139e+01 5.665709419958314186e+01
2.422231813329266572e+02 4.984552386762238996e+01 5.665373900665954920e+01
2.423255655533526465e+02 4.994909765644857913e+01 5.678289359971531525e+01
2.424315998169894897e+02 5.001745717045396589e+01 5.690474302272380669e+01
2.424311067053022271e+02 4.992928168369681430e+01 5.693852371511361810e+01
2.423914391744191903e+02 4.986244725738396966e+01 5.686111534746581242e+01
2.423761425448630007e+02 4.984703878806364941e+01 5.689282192059376797e+01
2.424288546591428997e+02 4.994019114432413176e+01 5.698256824767424433e+01
2.424317980783895052e+02 4.996319455035331458e+01 5.701980580550048217e+01
2.423662752274922525e+02 4.992261196685475966e+01 5.692009048853642383e+01
2.423580753393320038e+02 4.998228864826393902e+01 5.681973463474150066e+01
2.423698591835697300e+02 4.996815616897971779e+01 5.688344263128463041e+01
2.423208733668852517e+02 4.985266127802348990e+01 5.700146916781048390e+01
2.422549794113161568e+02 4.976813583447714961e+01 5.700393472624676150e+01
2.422066697168420433e+02 4.976014945859387240e+01 5.694024198058055219e+01
2.422863097961466110e+02 4.986528900411773435e+01 5.696505007371257534e+01
2.423551471709623399e+02 4.996672767017437167e+01 5.700833206242692341e+01
2.424081897209089504e+02 5.001397488688932924e+01 5.700309592801585978e+01
2.424351278531848948e+02 5.009275074983478504e+01 5.698585226983885121e+01
2.424951298866351408e+02 5.016578719943063192e+01 5.699848507955874055e+01
2.425585023638859354e+02 5.027432260688323140e+01 5.705251385287987631e+01
2.425975801941945065e+02 5.034912815820243281e+01 5.704667276701743361e+01
2.426117228407300104e+02 5.032739057495805923e+01 5.702332875807025658e+01
2.426370494636774993e+02 5.034768440852015914e+01 5.715187331604900578e+01
2.426135071933302925e+02 5.034723196583803428e+01 5.718626404351583403e+01
2.425341670479385812e+02 5.024827919272024701e+01 5.703372985613339097e+01
2.424703726297595381e+02 5.017204514259569947e+01 5.694289563316557690e+01
2.424633572263738586e+02 5.020700523613441391e+01 5.697576127293986303e+01
2.424386609730059376e+02 5.017101825021605066e+01 5.703496009353871443e+01
2.423123887956890883e+02 5.010596309287784322e+01 5.688118550149967234e+01
2.420291291749275615e+02 4.999059529256265222e+01 5.655346449087489447e+01
2.421410960296883843e+02 5.015107010319760406e+01 5.677357023028824301e+01
2.422413095419653359e+02 5.015974276854252167e+01 5.700619693965736445e+01
2.422346194906207018e+02 5.006721569823598372e+01 5.693089319302526263e+01
2.421688068730618681e+02 4.994089776828834459e+01 5.685815667734227929e+01
2.421924355650450025e+02 5.001100604951451345e+01 5.690809313202175446e+01
2.423072695846677789e+02 5.019195770423466030e+01 5.704373951502211071e+01
2.423241624726755106e+02 5.029369630420416115e+01 5.702316608204971971e+01
2.423580753393320038e+02 5.035603172182400300e+01 5.702100045752630564e+01
2.424798688424584441e+02 5.057658482029383151e+01 5.718381373595648398e+01
2.426042092420314304e+02 5.078129225763814958e+01 5.724723704946367775e+01
2.426271008082964897e+02 5.081977530374663132e+01 5.720576483147780777e+01
2.426331350719333102e+02 5.083015098368156259e+01 5.721372070560723699e+01
2.427615881246505012e+02 5.101594225001270644e+01 5.743267754562553762e+01
2.428984342433023187e+02 5.118665548269025578e+01 5.761611000965888962e+01
2.429143002389303945e+02 5.116896446545676724e+01 5.759482995272227868e+01
2.428417365665192449e+02 5.110165726195923241e+01 5.745638249199328840e+01
2.428035839560774605e+02 5.120241980580549779e+01 5.752201718265467179e+01
2.428105891922118929e+02 5.130286716486197918e+01 5.761761476284886641e+01
2.427703624625082739e+02 5.134880280616135195e+01 5.750674088760104041e+01
2.427015759239489512e+02 5.129163743581922574e+01 5.740319251690305435e+01
2.427033551929235955e+02 5.126469421991764364e+01 5.746757155203091116e+01
2.427486045447613208e+02 5.125911748258857870e+01 5.748265466931015055e+01
2.427213359768186649e+02 5.123174724213308906e+01 5.733577855726704087e+01
2.426586396217782635e+02 5.116003253520410965e+01 5.729365055157338560e+01
2.426563570738650810e+02 5.117674241268873203e+01 5.744204666768339251e+01
2.426393269279650156e+02 5.114351583549387215e+01 5.742873773575313834e+01
2.425093843729347896e+02 5.097748462203243491e+01 5.725647399725484377e+01
2.424822378120075257e+02 5.095423211834680188e+01 5.726680392455899238e+01
2.426673326216257465e+02 5.119987290935895174e+01 5.755750597326012752e+01
2.427577703217935152e+02 5.128493721722332310e+01 5.765165980377204846e+01
2.426474353108636990e+02 5.115414061308525362e+01 5.747903512785318725e+01
2.426763255553861143e+02 5.121397488688933208e+01 5.749031060952671623e+01
2.429189212546388035e+02 5.155865995628082032e+01 5.773627166895429497e+01
2.429716435361700064e+02 5.154688627929439093e+01 5.778114991612017803e+01
2.425703014590005466e+02 5.108455086167454340e+01 5.737546642265263586e+01
2.420694829952722387e+02 5.055657566976768180e+01 5.702799044278379625e+01
2.420498805347974098e+02 5.053993187941640031e+01 5.708757053530577963e+01
2.422189466727670037e+02 5.071475268161252359e+01 5.725112602307966370e+01
2.423818819582126025e+02 5.088084998220730881e+01 5.727854201616592889e+01
2.424792537237557895e+02 5.098905495399318966e+01 5.732503177266026029e+01
2.426417009811397349e+02 5.112452849372171926e+01 5.748094148746886134e+01
2.426678918204463287e+02 5.111876874586955211e+01 5.748942605866503897e+01
2.425339586192872616e+02 5.093031874332773867e+01 5.736361649128158291e+01
2.424629810380763502e+02 5.088685374409028839e+01 5.734022164607798544e+01
2.424890803721214070e+02 5.094560520563265982e+01 5.747504448172436753e+01
2.424350973514310397e+02 5.095213258095673581e+01 5.741730466168471025e+01
2.423538101774185236e+02 5.088053479741751772e+01 5.729097656448578846e+01
2.423599410299425472e+02 5.092477250775252884e+01 5.731675054648975731e+01
2.424229017335163405e+02 5.095676376391642748e+01 5.742908342229678453e+01
2.423580905902089455e+02 5.086012912409130138e+01 5.738681307508515061e+01
2.422782980021351307e+02 5.075545727212647762e+01 5.718630471252097180e+01
2.422693254028773424e+02 5.076343856438411706e+01 5.724095368817039997e+01
2.423651974988561904e+02 5.090223679528239842e+01 5.738412383712063303e+01
2.423634639825123145e+02 5.089535864978903135e+01 5.743544303797468586e+01
2.423005083625641873e+02 5.081254130445834249e+01 5.730631386304712294e+01
2.422500482944435873e+02 5.074181790452951191e+01 5.724872655177672698e+01
2.422587667124192876e+02 5.082484367851151319e+01 5.733605307305170129e+01
2.422722129022418756e+02 5.088922779726500778e+01 5.734484266178638734e+01
2.422652991713690085e+02 5.088130750851507145e+01 5.731899750902343271e+01
2.420733109653805002e+02 5.056942199176452846e+01 5.707519190686797828e+01
2.421332926643281951e+02 5.070465660108789763e+01 5.713317574093843376e+01
2.421973158456611372e+02 5.073566671750292301e+01 5.727464287529866027e+01
2.422142443190483334e+02 5.074752681612525862e+01 5.728969549082405877e+01
2.422048802806161234e+02 5.072616033755274145e+01 5.726321488485587707e+01
2.421826038330537472e+02 5.071723857455136653e+01 5.725134461898225879e+01
2.422374714046057704e+02 5.079280666971683900e+01 5.734417670682731227e+01
2.423134766915764260e+02 5.092900208428651609e+01 5.737678816531950332e+01
2.423366834426312835e+02 5.095486248792639117e+01 5.739205429312185203e+01
2.423337451070103157e+02 5.098362055818209626e+01 5.740805246301662379e+01
2.423639113415688087e+02 5.098208530323827148e+01 5.747793198108891488e+01
2.423365004321081813e+02 5.091422906817142291e+01 5.744264145188348181e+01
2.422373951502211469e+02 5.082313049667022398e+01 5.736016470947079426e+01
2.422223527019470168e+02 5.090467693559046580e+01 5.734375984952468031e+01
2.422860912002440159e+02 5.097690000508362829e+01 5.744382085303238483e+01
2.423177977733719786e+02 5.101112297290427477e+01 5.737740836764780994e+01
2.422695795841594304e+02 5.094974327690508886e+01 5.728336129327436055e+01
2.422675512175283359e+02 5.092922576381475608e+01 5.725347974175181776e+01
2.423461644044532477e+02 5.099125108027045172e+01 5.733725280870316965e+01
2.424205327639672589e+02 5.103916933557012925e+01 5.744586955416603047e+01
2.423664429871384129e+02 5.099724467490214153e+01 5.730386863911341777e+01
2.422809465710945176e+02 5.090825072441665355e+01 5.722175791774693465e+01
2.423355142087336560e+02 5.098100249097656445e+01 5.731979563824919666e+01
2.424037771338518610e+02 5.115314930608509769e+01 5.743864572212902431e+01
2.424337247725077589e+02 5.117832850388897015e+01 5.748070255706370091e+01
2.424771948553708398e+02 5.123202175791774948e+01 5.745925982410655308e+01
2.424819022927151764e+02 5.125639774287021311e+01 5.744049616186264018e+01
2.424658278684357811e+02 5.128258349855116904e+01 5.751851456458746270e+01
2.424680036602104565e+02 5.129932896141528431e+01 5.750319251690305578e+01
2.424361242438106956e+02 5.125761272939860902e+01 5.743505159880026412e+01
2.423585430328910491e+02 5.114871638452544289e+01 5.733747140460576475e+01
2.422809974073509238e+02 5.110645620456509874e+01 5.734087235016013295e+01
2.422750495653500025e+02 5.110675613847796228e+01 5.740757460220629582e+01
2.422686391134157020e+02 5.108872960195211022e+01 5.738092623659193947e+01
2.421960144374968138e+02 5.094694728280209262e+01 5.722673987087591030e+01
2.421461135681968244e+02 5.094595089217629891e+01 5.715582329317268773e+01
2.421733363835087118e+02 5.095185298154643760e+01 5.727625946825276060e+01
2.422236439428600363e+02 5.102182908850592469e+01 5.741048243607340851e+01
2.422190737634080620e+02 5.106675817192822109e+01 5.728168369681256422e+01
2.422201006557877179e+02 5.111642519444868071e+01 5.725704844695236773e+01
2.423144578313253135e+02 5.125289512480301113e+01 5.740037110467185499e+01
2.424475166488739717e+02 5.143459407249250148e+01 5.760096080524630224e+01
2.424480148441868721e+02 5.142615017030146163e+01 5.753770525138529024e+01
2.424171318184128836e+02 5.134955518275634034e+01 5.743595648416450672e+01
2.424021707081490433e+02 5.129938488129734253e+01 5.744537644247877495e+01
2.424164353616999676e+02 5.133144730822021984e+01 5.749913578364089517e+01
2.424412282039550632e+02 5.136496365207666059e+01 5.749436225916323195e+01
2.424392455899547656e+02 5.142212902241878680e+01 5.748437293477708465e+01
2.424144374968227282e+02 5.141639977632047476e+01 5.747550200803213016e+01
2.423796705810584058e+02 5.133492450815921870e+01 5.749742768542524374e+01
2.423286716486198031e+02 5.126819683798485272e+01 5.739135275278328407e+01
2.423458898886686086e+02 5.132878348838391247e+01 5.739286767322454352e+01
2.423898581668445900e+02 5.134992628742819676e+01 5.755769406740887462e+01
2.424454476132377749e+02 5.142908342229678453e+01 5.760976564485791585e+01
2.424532408113466602e+02 5.139069188144984679e+01 5.761543897107416967e+01
2.424158812465049948e+02 5.139084947384474589e+01 5.760908952264755101e+01
2.424379035127853115e+02 5.146249809364038441e+01 5.765523867622388110e+01
2.424793248945147752e+02 5.156561435615881095e+01 5.774322606883229270e+01
2.425079050378730017e+02 5.160301967363123055e+01 5.771859081897208910e+01
2.424879416399776346e+02 5.162938843983528869e+01 5.772494026739870776e+01
2.424138935488790594e+02 5.159101723349092339e+01 5.766366224391235562e+01
2.424562859031061066e+02 5.159860200294850330e+01 5.773938793147272719e+01
2.424011641502719669e+02 5.149909511463575740e+01 5.762571806212190495e+01
2.422931930252656230e+02 5.136780539881043239e+01 5.751860606984901381e+01
2.422186619897310891e+02 5.131093996238116972e+01 5.752666870011692168e+01
2.422307559351329473e+02 5.133098978191245720e+01 5.753671394438513431e+01
2.422371155508108416e+02 5.131193635300696343e+01 5.759280666971684326e+01
2.422214834019622742e+02 5.132559605510650158e+01 5.755245793299781099e+01
2.421983325707894892e+02 5.129860200294850614e+01 5.754691678104824604e+01
2.421940775761272846e+02 5.138249707691525714e+01 5.752068018911087677e+01
2.422375273244878144e+02 5.144099435717554059e+01 5.760847948757053416e+01
2.423081897209089561e+02 5.154387677291444447e+01 5.777096233033399386e+01
2.423405876671241970e+02 5.154405469981190890e+01 5.775576737329063093e+01
2.422686848660464705e+02 5.148596919322861254e+01 5.757588836358090845e+01
2.422272482334400934e+02 5.141426465355091580e+01 5.748103299273041245e+01
2.422800976056123261e+02 5.147886736820700548e+01 5.760433124904682245e+01
2.423120837781505656e+02 5.150331452391846199e+01 5.768587768796705717e+01
2.422772558588785614e+02 5.148220222662803280e+01 5.763105078542016457e+01
2.423081795536576806e+02 5.149272024808092851e+01 5.759476894921458268e+01
2.423298002135122715e+02 5.152919526206090239e+01 5.762604849778862359e+01
2.423041838239032018e+02 5.151861115347465869e+01 5.766524325148696306e+01
2.422493060850999029e+02 5.146763763916425205e+01 5.760405164963652425e+01
2.422466676833917916e+02 5.142393370952163423e+01 5.758086523308423921e+01
2.423090691881449743e+02 5.152302374053174816e+01 5.759928829241014370e+01
2.423747699659397199e+02 5.159124599664480826e+01 5.764327182146306683e+01
2.423965278836866446e+02 5.166240658837882904e+01 5.762530628844491787e+01
2.424435971735041448e+02 5.170225712978496091e+01 5.766793248945147354e+01
2.424675105485231938e+02 5.171882974937725663e+01 5.769642112754817020e+01
2.424590463118296100e+02 5.175830918611153209e+01 5.771357328046362767e+01
2.424484367851151490e+02 5.179089522647552002e+01 5.769523155914798451e+01
2.424755274261603404e+02 5.181744191957704260e+01 5.771133648518122783e+01
2.425174876722078068e+02 5.187710335010929441e+01 5.780170301459000370e+01
2.425298764678969121e+02 5.191424940267398824e+01 5.779846474505617238e+01
2.424695745005337812e+02 5.184448172436582070e+01 5.775221391896700851e+01
2.424530171318183989e+02 5.181894667276701938e+01 5.771603375527426039e+01
2.424913171674037926e+02 5.193111687255350262e+01 5.783064409536881811e+01
2.424983376544151383e+02 5.195133953535661675e+01 5.788364597631030506e+01
2.424977225357124837e+02 5.184914849270499815e+01 5.785688577093182516e+01
2.424751614051141360e+02 5.176982359819022861e+01 5.777119617711351651e+01
2.424973209292867580e+02 5.179565350007625568e+01 5.780621727415993405e+01
2.425351837730669615e+02 5.184038940572416010e+01 5.788645722129022175e+01
2.425304458339687983e+02 5.186250317726602788e+01 5.787483605307305368e+01
2.425032687712876793e+02 5.188258858217680825e+01 5.785748563875755934e+01
2.424420059986782690e+02 5.187545625540135319e+01 5.782135631132123166e+01
2.423762035483707109e+02 5.179629403690712053e+01 5.775251385287987205e+01
2.423332062426922846e+02 5.175867012353210583e+01 5.770067612221036057e+01
2.422989426058665003e+02 5.172195109552132664e+01 5.768453561079762437e+01
2.423254689644654434e+02 5.175876671241929472e+01 5.769847491230746073e+01
2.423626556860352821e+02 5.180416348940064353e+01 5.768084489858166819e+01
2.423373697320929239e+02 5.177799806822225293e+01 5.763597173504143001e+01
2.422832647043871646e+02 5.169319302526562154e+01 5.758985308321895502e+01
2.423210512937827161e+02 5.178295968684866324e+01 5.765497432769051045e+01
2.424566620914035866e+02 5.189965431345635949e+01 5.779208479487570571e+01
2.424593360784911908e+02 5.193280971989222650e+01 5.775191398505413787e+01
2.424254028773321181e+02 5.196706318946672809e+01 5.768331554064358357e+01
2.424645417111483994e+02 5.207002694321590042e+01 5.777533933201159044e+01
2.426167403792384789e+02 5.227786589395557115e+01 5.791306491789944744e+01
2.427010167251283690e+02 5.235163946926948597e+01 5.794979919678714708e+01
2.427245132428448073e+02 5.231276498398658248e+01 5.778022469625337010e+01
2.427960754410045183e+02 5.235457780489044666e+01 5.780680697473437846e+01
2.429609323369427045e+02 5.242626201006557807e+01 5.789937471404605418e+01
2.430669411824513304e+02 5.256492298307152566e+01 5.796815616897971779e+01
2.431023893040516555e+02 5.264811651669970871e+01 5.793049158659956532e+01
2.431756748513039383e+02 5.277285852269838529e+01 5.795130394997712386e+01
2.431876467896904046e+02 5.284794367342789201e+01 5.794985003304356752e+01
2.430765848202938457e+02 5.276179146967617584e+01 5.787702709572467086e+01
2.429284378018402606e+02 5.259704132987646830e+01 5.778037720502262431e+01
2.428817904529510372e+02 5.256376391642519508e+01 5.777296527883686394e+01
2.429017030145899980e+02 5.259929337603578858e+01 5.781681154999746042e+01
2.429175944283462911e+02 5.262597224340399293e+01 5.787441919577042171e+01
2.428928930913527608e+02 5.257948248690966153e+01 5.786356565502516247e+01
2.428695948350363381e+02 5.253242336434345106e+01 5.778531340552081730e+01
2.428568603528036078e+02 5.249568908545574430e+01 5.778970565807534143e+01
2.428123481266839576e+02 5.246794774032840536e+01 5.782638401708098286e+01
2.427701642011082299e+02 5.242767525799400374e+01 5.777783539220171605e+01
2.427365360174876798e+02 5.238744344466473279e+01 5.773994204666768582e+01
2.427249250165217802e+02 5.238141426465355011e+01 5.774679477403284267e+01
2.427011895684001956e+02 5.236879670581058122e+01 5.776671241929744127e+01
2.426264958568451107e+02 5.227485638757561759e+01 5.771360378221747567e+01
2.425333384169589692e+02 5.219071221595241639e+01 5.766748513039500068e+01
2.424687052005490386e+02 5.214046566010878792e+01 5.763682070052361439e+01
2.424462508260891695e+02 5.209739718367139716e+01 5.765855828376798087e+01
2.424374714046057591e+02 5.210101672512836046e+01 5.771062477759137721e+01
2.424122871231762417e+02 5.208602511311067218e+01 5.764864013014081934e+01
2.424153983020690362e+02 5.212302882415738736e+01 5.771173300798129446e+01
2.425498144476640618e+02 5.230082354735397132e+01 5.777317370748818348e+01
2.426825885821768054e+02 5.240621219053429058e+01 5.782019216104926329e+01
2.426231915001779385e+02 5.229265924457322967e+01 5.772770575974784890e+01
2.424374053174724111e+02 5.200670530222154753e+01 5.758224289563316489e+01
2.423612373544812044e+02 5.196178130242488891e+01 5.756277769305068404e+01
2.423806618880585688e+02 5.204099435717553490e+01 5.761622693304865095e+01
2.424134970260789999e+02 5.212708555741955507e+01 5.761729957805906821e+01
2.423789385389659969e+02 5.205645874637791337e+01 5.772575873112703704e+01
2.422539271008082835e+02 5.180135732804636461e+01 5.770189110873874938e+01
2.420576279802755266e+02 5.158995983935742657e+01 5.760325860403639808e+01
2.419742819378780894e+02 5.146162371002999691e+01 5.754686594479182560e+01
2.419346194906207188e+02 5.139442834629657852e+01 5.754194499517055306e+01
2.419444969752427426e+02 5.145842102587565137e+01 5.744853845762798272e+01
2.419454018606069781e+02 5.147889786996085348e+01 5.738794163997763320e+01
2.419270398047887625e+02 5.146671241929744411e+01 5.737061156016471131e+01
2.419259315743988736e+02 5.146740379238472940e+01 5.741887550200803503e+01
2.419406588378831771e+02 5.152555030247572887e+01 5.743736973209292529e+01
2.419654211783844175e+02 5.153661735549793832e+01 5.746641248538457347e+01
2.419987900970972419e+02 5.153267754562553904e+01 5.749834273804076901e+01
2.419949824614915315e+02 5.152237812007523843e+01 5.753755782624167381e+01
2.419655991052818820e+02 5.152383712063443966e+01 5.758617253825428151e+01
2.419358903970311587e+02 5.152884449189161842e+01 5.754235676884754014e+01
2.419678969040719778e+02 5.159397081998881873e+01 5.749162726856794592e+01
2.420669259315743886e+02 5.171151949570433715e+01 5.754852829037669437e+01
2.420738955823293281e+02 5.180423466015962930e+01 5.757259417416501179e+01
2.421075695185806467e+02 5.184447664074017581e+01 5.760260789995425057e+01
2.420434192466066747e+02 5.180814396827817347e+01 5.756102892582990194e+01
2.420447765746530422e+02 5.182234253469574270e+01 5.757982308982766284e+01
2.421193228610645178e+02 5.195828885160896959e+01 5.765901581007574350e+01
2.421594885872604266e+02 5.193982003965228245e+01 5.767558334604239434e+01
2.421443800518529770e+02 5.190056428244623987e+01 5.762322200193177935e+01
2.420848253774591967e+02 5.185749580600884201e+01 5.765154796400793202e+01
2.421240150475319126e+02 5.194516801382746252e+01 5.772653144222459787e+01
2.422651568298510369e+02 5.221692847338722032e+01 5.780405673326216487e+01
2.423574297188754940e+02 5.232085811600833836e+01 5.783388744852828722e+01
2.422524020131157556e+02 5.214015047531899683e+01 5.779549082405571880e+01
2.422747903004422767e+02 5.213891007066239780e+01 5.783304865029739261e+01
2.421740887601037002e+02 5.205121752834121196e+01 5.771984647450561567e+01
2.421256316404860058e+02 5.198987850134716382e+01 5.766910172334909390e+01
2.420937115550810859e+02 5.200088455086167727e+01 5.769991357836408952e+01
2.420063341975497053e+02 5.188299018860251266e+01 5.774057749987291288e+01
2.419539220171826628e+02 5.185924457322962411e+01 5.770296375374917375e+01
2.419321996848152025e+02 5.186461796553302150e+01 5.768903970311626495e+01
2.419477962482842770e+02 5.185053123887956872e+01 5.765788216155762314e+01
2.419365461847389440e+02 5.184571196177113706e+01 5.762435056682426193e+01
2.419724111636419082e+02 5.190767119109348471e+01 5.763314523918458576e+01
2.420609323369426988e+02 5.194554928575059449e+01 5.771985664175689834e+01
2.421131716740379147e+02 5.200335010929794777e+01 5.774347516648874290e+01
2.421562757358548197e+02 5.208548624879264111e+01 5.767395658583701845e+01
2.422111382237812052e+02 5.218007218748411447e+01 5.759045295104468210e+01
2.422947079457068753e+02 5.223369935437954581e+01 5.762699913578364175e+01
2.424032586040364095e+02 5.230644603731381181e+01 5.774173656651924347e+01
2.424834782166641389e+02 5.234494941792486600e+01 5.776539576025621159e+01
2.425410146916781002e+02 5.235449138325454044e+01 5.773700371104671802e+01
2.425344720654771038e+02 5.232617558842967043e+01 5.767238066188805590e+01
2.424354887906054614e+02 5.213128971582532500e+01 5.763407045905139370e+01
2.422649992374561521e+02 5.193773575313913682e+01 5.756984393269279821e+01
2.421821463067459774e+02 5.183183874739464159e+01 5.751600325352040954e+01
2.421637740836764863e+02 5.190698490163184431e+01 5.754810126582278684e+01
2.420771694372426452e+02 5.188999034111127884e+01 5.758009252198667838e+01
2.419368003660210320e+02 5.169197295511158785e+01 5.747812515886329976e+01
2.418009099689898846e+02 5.151862132072594136e+01 5.735828376798332329e+01
2.417017284327182267e+02 5.141961262772609587e+01 5.730113364851812463e+01
2.416081744700320257e+02 5.131619134766916090e+01 5.729233897615779370e+01
2.415764577296527875e+02 5.127874536119160354e+01 5.732452849372172210e+01
2.415418789080372051e+02 5.125829393523461164e+01 5.734385135478623141e+01
2.415155711453408571e+02 5.127212139698032445e+01 5.728047887753545808e+01
2.414853794926541468e+02 5.122445732296273491e+01 5.719522647552233963e+01
2.414477504956535086e+02 5.117483605307305083e+01 5.714182298815515537e+01
2.414700421940928265e+02 5.119735143104061592e+01 5.717569518580651788e+01
2.415333282497076937e+02 5.127435310863707940e+01 5.722805144629149510e+01
2.415642214427329577e+02 5.129961364445122030e+01 5.720660362970870949e+01
2.415754155863962183e+02 5.128369681256672408e+01 5.716011387321437809e+01
2.415593716638706780e+02 5.126192872756850250e+01 5.718436276752579772e+01
2.415575923948960337e+02 5.129101723349092623e+01 5.727622388287326771e+01
2.415354328707234117e+02 5.127616287936556461e+01 5.727874536119160354e+01
2.414736922373036521e+02 5.119699049362004928e+01 5.723702912917492824e+01
2.414352752783285041e+02 5.116483656143561376e+01 5.717550200803212590e+01
2.414798180062020094e+02 5.122468608611661978e+01 5.726800874383610562e+01
2.415423211834680615e+02 5.132467083523969364e+01 5.735652483351125852e+01
2.415555284428854748e+02 5.136378425092776467e+01 5.739730567840984321e+01
2.415424330232321779e+02 5.127030654262620146e+01 5.730602409638554207e+01
2.414870926744954431e+02 5.125414569671089282e+01 5.722775151237863156e+01
2.415158253266229451e+02 5.129047328554725027e+01 5.722630776269635788e+01
2.415266992018707697e+02 5.136481114330740638e+01 5.719894260586650603e+01
2.414890600376188274e+02 5.135373392303390716e+01 5.721445274769966005e+01
2.414543592089878530e+02 5.133849829698540645e+01 5.719880026434853448e+01
2.414408774337857722e+02 5.126292003456865132e+01 5.723207259417416282e+01
2.414433989121041009e+02 5.125673326216257664e+01 5.721128564892481450e+01
2.414361039093081160e+02 5.126746479589242966e+01 5.720174368359514006e+01
2.414666158304102623e+02 5.126912714147729844e+01 5.724635249860200048e+01
2.414651517462254162e+02 5.122330333994204921e+01 5.720930303492450975e+01
2.414431853998271436e+02 5.121508311727924223e+01 5.715937674749631725e+01
2.415098927354989655e+02 5.134446647348889314e+01 5.724235676884754298e+01
2.416385948858726067e+02 5.152051751309033278e+01 5.739585684510192465e+01
2.418086218290885085e+02 5.153512276955925131e+01 5.736712927660007466e+01
2.418793858980224627e+02 5.162256621422398695e+01 5.741044685069391562e+01
2.419346245742463566e+02 5.168884652534187296e+01 5.743115754155864039e+01
2.420277870977581074e+02 5.180527680341619856e+01 5.750659346245742398e+01
2.421009252198668094e+02 5.192670936912205804e+01 5.760718316303187692e+01
2.420669411824513304e+02 5.191525596055106462e+01 5.759463169132224891e+01
2.419454425296121087e+02 5.181766559910528258e+01 5.750714757765238261e+01
2.418671699456052124e+02 5.180144374968227083e+01 5.752059376747496344e+01
2.418417924864012889e+02 5.176400793045600324e+01 5.753210309592801508e+01
2.417816226933048540e+02 5.170786436886787385e+01 5.747856235066849706e+01
2.417196482131055859e+02 5.167496314371409483e+01 5.740777794723196337e+01
2.417198922271363983e+02 5.169071221595241639e+01 5.745998678257333125e+01
2.417209648721468227e+02 5.168179045295104146e+01 5.741173809160693509e+01
2.416682171724874308e+02 5.163333333333333286e+01 5.733657160286716703e+01
2.416311016216765779e+02 5.160512429464694151e+01 5.725361191601850663e+01
2.416198363072543316e+02 5.162838696558385720e+01 5.725813634283971254e+01
2.415996085608255726e+02 5.158603019673630996e+01 5.725801433582431343e+01
2.415234253469574526e+02 5.157124701336993411e+01 5.717736769864266932e+01
2.414719078847033700e+02 5.151589141375629310e+01 5.718141934827919215e+01
2.414720044735905731e+02 5.152865131411722643e+01 5.719051903817803151e+01
2.414539220171826628e+02 5.152094962126989230e+01 5.719932896141528289e+01
2.413722688221239423e+02 5.147649331503227899e+01 5.717812515886330260e+01
2.413039957297544618e+02 5.138710284174673149e+01 5.716696151695389005e+01
2.413625794316506585e+02 5.137967566468405067e+01 5.713131005032789034e+01
2.413885770931828461e+02 5.138775862945452388e+01 5.713105586904580235e+01
2.413300798129225768e+02 5.129268466270143989e+01 5.708546591429006867e+01
2.413207462762442219e+02 5.127337705251385103e+01 5.701247521732499735e+01
2.413280514462914823e+02 5.132688221239387616e+01 5.705357633063901091e+01
2.413466676833917859e+02 5.142392862589598934e+01 5.710204361750800928e+01
2.413703522952569642e+02 5.143383661227187531e+01 5.716536017487672439e+01
2.413710335010929668e+02 5.144228051446291516e+01 5.715044990086929744e+01
2.414339738701642091e+02 5.153492959178485933e+01 5.718583701896192650e+01
2.415068984799959253e+02 5.165571653703421617e+01 5.723477199938996307e+01
2.415766153220476724e+02 5.176452137664582409e+01 5.727000660871333082e+01
2.416805398810431598e+02 5.188550149966956582e+01 5.722935793808144211e+01
2.417386355548777317e+02 5.191047735244776362e+01 5.725842102587565563e+01
2.417511209394540117e+02 5.193448223272838504e+01 5.730804737939098459e+01
2.417516699710233468e+02 5.193777133851862970e+01 5.731752834121295592e+01
2.417715621981597280e+02 5.197536475013979640e+01 5.731817396166946565e+01
2.418057292460983092e+02 5.200442783793401702e+01 5.728987341772151609e+01
2.418202379136800459e+02 5.199138325453713350e+01 5.730537847592903233e+01
2.418028722484876312e+02 5.203382136139494918e+01 5.724984494941792690e+01
2.418177113517360510e+02 5.198547099791571213e+01 5.733273346550760152e+01
2.418433379085964248e+02 5.201662345584870906e+01 5.745774998729093852e+01
2.418722891566264934e+02 5.202623659193736927e+01 5.750628336129327778e+01
2.418650500737125810e+02 5.206528900411773719e+01 5.749747852168166418e+01
2.418773829495195855e+02 5.208659956280819614e+01 5.750069137308728529e+01
2.418685221900259137e+02 5.207297036246250599e+01 5.752102079202887808e+01
2.418243454831986128e+02 5.200231304966702339e+01 5.749337095216308313e+01
2.418177164353616888e+02 5.203806110518021200e+01 5.750372121396980418e+01
2.418187687458695621e+02 5.206183213868131077e+01 5.749580092521986785e+01
2.418197854709979140e+02 5.206119668547608370e+01 5.749108840424990774e+01
2.417526612780234814e+02 5.206937115550810802e+01 5.740087438361039318e+01
2.417259773270296250e+02 5.203651059935945966e+01 5.733798993442123049e+01
2.417213969803263751e+02 5.206711402572314284e+01 5.724778608103299149e+01
2.417149102740074227e+02 5.202718214630674254e+01 5.730133190991815439e+01
2.416518834833002813e+02 5.194192974429363119e+01 5.723931167708809653e+01
2.415544507142494126e+02 5.188304610848457088e+01 5.719461135681968500e+01
2.415146306745971287e+02 5.186445020588683974e+01 5.722179858675207242e+01
2.414661837222306815e+02 5.185202582481826283e+01 5.718640638503380558e+01
2.410993340450409335e+02 5.150616643790350935e+01 5.681011641502719556e+01
2.410939860708657534e+02 5.147403792384729115e+01 5.685828885160896817e+01
2.411596207615271226e+02 5.153560063036957928e+01 5.697402267297036360e+01
2.412672716181180306e+02 5.160469727009302687e+01 5.708825174114178225e+01
2.413650907427177117e+02 5.173112195617914466e+01 5.721437140968939161e+01
2.414693355701286066e+02 5.187458695541660347e+01 5.719023943876772620e+01
2.415988714351075259e+02 5.203482283564638067e+01 5.734352091911951277e+01
2.417000152508769304e+02 5.220498195312897138e+01 5.749278633521427651e+01
2.417164506125768924e+02 5.221922118855167838e+01 5.749706166437903221e+01
2.416842509277616671e+02 5.220757968583193787e+01 5.741599816989477034e+01
2.416950434649992303e+02 5.223042549946622159e+01 5.735938691474759565e+01
2.417639062579431766e+02 5.234936708860759325e+01 5.740106756138477806e+01
2.418564841645061279e+02 5.246118143459915473e+01 5.755680443292155957e+01
2.418709775812109228e+02 5.248604544761323609e+01 5.755989019368613668e+01
2.418369935437954439e+02 5.246663108128717568e+01 5.753062376086624852e+01
2.418540694423262778e+02 5.246683442631284322e+01 5.751899242539779067e+01
2.419293528544558001e+02 5.257835392201718605e+01 5.767209597885211991e+01
2.419532204768440806e+02 5.267434294138579531e+01 5.755992069543998468e+01
2.419708962432006558e+02 5.271343602257130101e+01 5.750709165777032439e+01
2.419804382085303303e+02 5.278895836510599082e+01 5.752848355447105178e+01
2.419711555081083816e+02 5.274540694423262721e+01 5.749418433226577463e+01
2.419635859895277292e+02 5.271338010268923568e+01 5.743232677545625364e+01
2.419731940419907517e+02 5.267262467591886832e+01 5.734571704539677484e+01
2.420672665344924042e+02 5.275934624574246357e+01 5.741930252656194256e+01
2.421540440241980718e+02 5.283965228000609926e+01 5.757120634436480344e+01
2.421247420059986837e+02 5.281760459559757948e+01 5.756225407960958051e+01
2.421108535407452678e+02 5.287360581566773732e+01 5.745364750139799526e+01
2.421312185450663321e+02 5.287818107874536366e+01 5.750960805246301533e+01
2.421197600528697080e+02 5.286903055259010387e+01 5.758754003355193163e+01
2.420911646586345398e+02 5.284846728686899553e+01 5.748401199735651801e+01
2.421193126938132139e+02 5.284906207106908482e+01 5.747199938996492108e+01
2.421748919729551233e+02 5.290591734024706483e+01 5.746068323928626143e+01
2.421884144171623063e+02 5.293726297595445374e+01 5.751041126531442416e+01
2.420716689542982181e+02 5.283657668649280481e+01 5.755269686340297852e+01
2.418466473488892348e+02 5.261253113720705699e+01 5.733694779116466123e+01
2.417820598851100726e+02 5.252910375679935129e+01 5.725244268212088627e+01
2.418002389304051576e+02 5.250332469116974465e+01 5.728435260027451648e+01
2.418239845457780461e+02 5.242898174978394366e+01 5.728490163184383022e+01
2.418344263128463183e+02 5.234536627522749086e+01 5.726841035026181004e+01
2.418393421788419460e+02 5.236937623913375006e+01 5.722719739718367293e+01
2.418661888058563250e+02 5.242552996797315501e+01 5.718826699201871122e+01
2.418923745615372809e+02 5.245077525291037546e+01 5.724201108230389679e+01
2.418550302475725573e+02 5.242260179960347699e+01 5.725567586802907982e+01
2.418558080422957630e+02 5.241035534543236452e+01 5.724611356819684005e+01
2.419015047531899825e+02 5.246883229119007552e+01 5.726896446545676156e+01
2.419431193126938240e+02 5.254347516648874006e+01 5.732411672004473502e+01
2.419759341162116755e+02 5.259619236439428391e+01 5.733429413857963652e+01
2.419957704234660127e+02 5.265024147221798501e+01 5.729291342585531766e+01
2.420404453256062141e+02 5.267226882212393946e+01 5.734998729093589276e+01
2.421118804331248953e+02 5.274586955416603473e+01 5.745436429261349076e+01
2.421241268872960291e+02 5.275019571958721087e+01 5.748295968684865898e+01
2.421048955314930708e+02 5.272613491942453123e+01 5.746213207259417288e+01
2.421289919170352221e+02 5.275884805042956316e+01 5.742095978852117355e+01
2.421412231203294141e+02 5.278832291190077086e+01 5.739786996085608450e+01
2.421430278074322473e+02 5.282713131005032636e+01 5.735059224238727182e+01
2.421328249707691498e+02 5.284351075186823010e+01 5.745140053886431986e+01
2.421508515072950161e+02 5.290344669818514234e+01 5.747634080626302477e+01
2.421949112907325627e+02 5.293292155965635004e+01 5.742731432057343000e+01
2.421765695694168983e+02 5.293864572212902431e+01 5.737652890041177045e+01
2.421609577550709105e+02 5.290365004321081699e+01 5.737455645366275547e+01
2.420696609221697031e+02 5.283949468761120727e+01 5.730218595902597656e+01
2.422293121854506524e+02 5.299122566214224150e+01 5.745184281429515494e+01
2.422905800416857289e+02 5.302507752529103868e+01 5.742480300950637684e+01
2.423036347923338951e+02 5.300299425550302601e+01 5.744297188755020045e+01
2.422676376391642634e+02 5.297008794672360210e+01 5.738973107620354597e+01
2.422656041889075311e+02 5.296555843627675131e+01 5.742009557216206872e+01
2.422702912917492881e+02 5.298897869960855900e+01 5.744950434649992133e+01
2.422584108586243588e+02 5.297111483910325092e+01 5.746519241523053978e+01
2.422084083168115569e+02 5.298026536525850361e+01 5.748810939962380928e+01
2.421802094453764482e+02 5.301757917746937210e+01 5.746173554979411335e+01
2.421924050632911474e+02 5.303459407249250290e+01 5.749983732397946312e+01
2.421540694423262607e+02 5.300689339637029462e+01 5.743704946367749642e+01
2.421029993391286723e+02 5.295826343348075937e+01 5.750230288241574073e+01
2.420626912714147636e+02 5.299569416908138919e+01 5.739234914340907778e+01
2.420901886025113185e+02 5.301489502313049940e+01 5.726445020588683832e+01
2.421277565960042750e+02 5.301313608865843463e+01 5.719219155101418295e+01
2.421513954552386849e+02 5.305539118499313389e+01 5.720807279751919339e+01
2.421987850134716211e+02 5.315705861420364897e+01 5.733021707081490348e+01
2.422244217375832420e+02 5.324104519343195818e+01 5.741832138681307640e+01
2.422095521325809671e+02 5.323363835087184270e+01 5.738729601952112347e+01
2.421753393320115890e+02 5.318818565400843568e+01 5.735381017741853782e+01
2.421499415383051144e+02 5.314896039855624821e+01 5.740048802806161632e+01
2.421323471099588289e+02 5.310639011743175075e+01 5.739475369833765228e+01
2.420265924457322910e+02 5.297860810329927261e+01 5.741076711910935160e+01
2.419102435056682339e+02 5.284563062376086862e+01 5.741912459966447813e+01
2.418774083676478028e+02 5.282872248487621647e+01 5.747977225357124809e+01
2.418909409791062899e+02 5.278277159269991614e+01 5.755265619439784786e+01
2.418543134563570618e+02 5.273957094199582940e+01 5.747459203904224267e+01
2.417604443088810910e+02 5.260679172385745517e+01 5.732316608204971686e+01
2.416308881093996206e+02 5.243726805958009152e+01 5.725930049311168801e+01
2.416068425601138756e+02 5.244038432209852374e+01 5.726033246911697461e+01
2.416112958161760957e+02 5.247768796705810246e+01 5.731952620609018112e+01
2.415698337654415013e+02 5.243779167302120214e+01 5.727454628641147139e+01
2.414924304814193476e+02 5.233336383508718370e+01 5.723830003558538237e+01
2.414561638960906862e+02 5.228040262315083453e+01 5.721846372833104510e+01
2.414817192821920457e+02 5.231400538864318150e+01 5.728277159269991614e+01
2.414793757307711815e+02 5.233163540236896694e+01 5.728248690966397305e+01
2.414106603629708729e+02 5.225513192008540386e+01 5.725703319607544017e+01
2.414086624980936335e+02 5.226600071170759065e+01 5.729052412180367071e+01
2.414164861979563739e+02 5.230833714605256546e+01 5.733542270347211911e+01
2.414472878857201010e+02 5.234662701438666232e+01 5.738728585226984080e+01
2.414610035077016903e+02 5.235154288038228998e+01 5.734256519749885683e+01
2.415152610441766967e+02 5.243101520004066884e+01 5.732313049667022398e+01
2.415369020385338956e+02 5.248928371714706742e+01 5.738204971785877717e+01
2.414948909562299946e+02 5.245677393116771015e+01 5.744093335366783748e+01
2.414193787809465732e+02 5.238992425397793795e+01 5.737761171267347748e+01
2.414212190534288993e+02 5.235638757561893186e+01 5.731950078796197801e+01
2.414924304814193476e+02 5.244037415484723397e+01 5.732636876620405531e+01
2.415498449494179170e+02 5.249672106146103090e+01 5.745433379085964276e+01
2.414820497178587857e+02 5.243517868944130811e+01 5.741368512022774695e+01
2.414162371002999237e+02 5.233455848711300717e+01 5.732497076915255718e+01
2.413745310355345453e+02 5.229634487316354097e+01 5.733459407249250006e+01
2.413587870469218615e+02 5.231005032789385467e+01 5.735606730720349589e+01
2.412903563621574961e+02 5.225842102587565563e+01 5.725713995221391883e+01
2.411977377865893857e+02 5.214634741497636128e+01 5.712766000711707903e+01
2.411624828427634668e+02 5.213647501397996820e+01 5.714141629810380607e+01
2.411823344008947174e+02 5.217225357124701191e+01 5.717182654669310438e+01
2.411608713334350114e+02 5.208156677342280716e+01 5.724611356819684005e+01
2.411034568654364421e+02 5.202843271821463134e+01 5.723061867724060647e+01
2.410965329673122994e+02 5.205566570077779431e+01 5.728966498907020366e+01
2.409656296070357371e+02 5.200215037364648651e+01 5.727183671394438846e+01
2.409404809109857126e+02 5.193776625489299192e+01 5.731211427990442786e+01
2.408327029637537464e+02 5.190534797417517865e+01 5.717448528290376686e+01
2.408002694321590127e+02 5.192407605103959867e+01 5.719895785674342648e+01
2.408590564790808912e+02 5.204591530679680744e+01 5.723070509887651980e+01
2.408456255401352166e+02 5.203385186314879718e+01 5.719737176554318836e+01
2.407784657617812911e+02 5.194251944486808270e+01 5.708619287275684684e+01
2.407271313100503392e+02 5.186762238828732308e+01 5.703000355853794900e+01
2.407776727161811721e+02 5.190121498652839449e+01 5.709948655381018057e+01
2.408271262264246957e+02 5.194190940979106585e+01 5.716240658837882904e+01
2.408634233135071838e+02 5.191787402775659643e+01 5.717204514259569947e+01
2.408577906562960607e+02 5.187613746123735581e+01 5.711726399267958243e+01
2.409269127141477327e+02 5.192773117787606196e+01 5.724212292206802033e+01
2.409883788317828248e+02 5.204195516242183572e+01 5.727795739921712226e+01
2.409916882720756348e+02 5.213740531747242102e+01 5.726196431294799538e+01
2.409682781759951240e+02 5.214985511666920814e+01 5.726350465151746505e+01
2.410011895684001786e+02 5.226611255147170709e+01 5.731977530374663132e+01
2.409897158253266127e+02 5.223472624675918752e+01 5.732387270601392970e+01
2.409163438564384023e+02 5.214078084489857901e+01 5.718550658329520786e+01
2.408690813888465243e+02 5.211375120736109068e+01 5.715141070611559826e+01
2.409432260688323026e+02 5.218065680443292109e+01 5.727100299933913163e+01
2.409661532204768548e+02 5.220084896548218012e+01 5.741901784352599947e+01
2.408333841695897490e+02 5.205095317980784131e+01 5.720145900055919697e+01
2.407479284225509559e+02 5.194762340501245745e+01 5.707020995373900973e+01
2.407922525545218946e+02 5.205859895277311722e+01 5.716480605968176576e+01
2.408984596614305360e+02 5.215214783183366620e+01 5.734063850338061030e+01
2.408827207564434900e+02 5.215879213054750352e+01 5.727266534492400041e+01
2.407740226729703750e+02 5.206986935082100842e+01 5.716819683798485130e+01
2.407335976818667120e+02 5.207633572263738841e+01 5.720736108992933566e+01
2.406640130140816325e+02 5.207207564434955316e+01 5.725025672309491398e+01
2.405672970362462593e+02 5.203880839814956261e+01 5.722139189670073023e+01
2.404624523410095946e+02 5.196047481063494189e+01 5.715308321895175681e+01
2.403888566925931514e+02 5.189028010777286681e+01 5.710462609933404821e+01
2.404141273956585962e+02 5.189880026434853022e+01 5.716711402572314427e+01
2.404902191042651509e+02 5.199030044227543357e+01 5.718645722129022602e+01
2.405302933251995228e+02 5.204417670682730801e+01 5.722393370952163139e+01
2.405758629454526840e+02 5.212300340602917714e+01 5.724292613491942205e+01
2.406722739057495914e+02 5.220002033450256818e+01 5.731117889278633726e+01
2.407550861674546354e+02 5.226145595038381231e+01 5.735170047277718197e+01
2.407556758680290727e+02 5.229868842458441236e+01 5.735581820954704568e+01
2.407587311270397947e+02 5.229848507955874481e+01 5.728958873468558011e+01
2.407437039296426349e+02 5.227246708352397064e+01 5.725585379492654425e+01
2.407492450815921927e+02 5.228891261247521527e+01 5.727875552844288620e+01
2.408126277260942629e+02 5.236640740175893427e+01 5.727329571450358259e+01
2.408352956128310609e+02 5.241127039804788978e+01 5.725485740430075055e+01
2.408137562909867313e+02 5.237745920390422327e+01 5.725769915103451524e+01
2.407665039906461288e+02 5.236572111229729387e+01 5.723218443393828636e+01
2.408126175588429589e+02 5.239382339484520656e+01 5.731797570026942878e+01
2.408051700472777270e+02 5.238945656041889265e+01 5.731642519444868356e+01
2.407657414467998649e+02 5.235972751766559696e+01 5.733604798942605640e+01
2.407510751868232433e+02 5.243901682680087362e+01 5.740547506481622975e+01
2.408282395404402507e+02 5.256213715621981919e+01 5.745123277921813809e+01
2.408245996644807008e+02 5.256834934675410409e+01 5.735658583701896163e+01
2.407010116415027312e+02 5.250233338416958873e+01 5.724826394184331946e+01
2.406441716232016574e+02 5.250090488536424260e+01 5.732279497737786755e+01
2.405979207971124936e+02 5.247628997000661144e+01 5.735117177571043356e+01
2.405108332062426939e+02 5.243054242285597866e+01 5.729149509430125420e+01
2.404591632352193642e+02 5.233344517309745214e+01 5.726120685272736210e+01
2.404649433175740967e+02 5.240850998932438642e+01 5.729188144985003106e+01
2.404819582125972204e+02 5.236957958415942471e+01 5.736997610695948424e+01
2.402391744191957628e+02 5.210397031162624870e+01 5.708159219155101738e+01
2.402789232880890609e+02 5.217009811397488761e+01 5.713433989121040923e+01
2.403822225611305896e+02 5.222871740125057016e+01 5.724473082202226948e+01
2.404019521122464482e+02 5.222420314168064692e+01 5.727435819226272429e+01
2.403630369579584283e+02 5.217344313964719760e+01 5.718891769610085873e+01
2.403079812922576366e+02 5.212936810533272336e+01 5.723506684967718883e+01
2.403252198668090216e+02 5.219443342992222057e+01 5.724616440445325338e+01
2.403133445173097584e+02 5.222490468201921487e+01 5.723910833206242899e+01
2.402604239743785399e+02 5.221142799044278604e+01 5.721300391439174149e+01
2.402603172182400613e+02 5.220309084439021774e+01 5.722451324284480023e+01
2.403024909765644850e+02 5.230073204209242022e+01 5.731497636114076499e+01
2.403698032636876576e+02 5.233871180926236377e+01 5.729672106146103516e+01
2.403406080016267481e+02 5.234554420212495529e+01 5.728258858217680682e+01
2.402707793198108845e+02 5.233083218951756521e+01 5.721560673072035286e+01
2.403243759849524679e+02 5.242212393879314902e+01 5.732761933811194410e+01
2.403636825784149380e+02 5.248940572416247363e+01 5.736336230999949493e+01
2.403139901377662682e+02 5.252852422347618244e+01 5.731241929744293628e+01
2.402600274515784520e+02 5.243788317828275325e+01 5.731287682375069892e+01
2.402233490925728177e+02 5.235103960144375179e+01 5.733905241218036508e+01
2.401432006507040740e+02 5.226749529764628477e+01 5.734242793960653017e+01
2.400950790503787289e+02 5.222450307559351046e+01 5.736412993747140376e+01
2.400761679629912067e+02 5.220918102790910353e+01 5.741390879975598693e+01
2.400676783081693770e+02 5.224594072492501340e+01 5.734736922373036805e+01
2.400172639926795739e+02 5.220875908698083379e+01 5.731308525240201135e+01
2.399280056936607082e+02 5.212008032128514401e+01 5.723462457424635375e+01
2.398992628742819306e+02 5.211361903309440180e+01 5.721198718926338245e+01
2.399182858014335693e+02 5.219377764221442817e+01 5.729203395861928527e+01
2.399148035178689327e+02 5.216775456255401622e+01 5.725216308271058807e+01
2.398714300238930264e+02 5.214892989680240021e+01 5.717060647653907068e+01
2.398903411112805770e+02 5.215662650602409656e+01 5.714871638452544289e+01
2.399467388541507944e+02 5.221947536983376636e+01 5.717961974480198961e+01
2.399708403233185834e+02 5.226489756494331829e+01 5.722898683340958570e+01
2.399437852676528848e+02 5.231254130445834249e+01 5.719283208784504779e+01
2.399699456052056235e+02 5.233280463626658729e+01 5.724074017589344976e+01
2.400081693864063936e+02 5.241351736058156519e+01 5.721971938386457168e+01
2.399847135376950860e+02 5.236776981343093951e+01 5.715570128615728862e+01
2.400193228610645235e+02 5.240169793096436024e+01 5.714615423720196929e+01
2.400844339382847750e+02 5.251854506634131781e+01 5.720523105078542159e+01
2.401361191601850464e+02 5.260490569874434641e+01 5.726830867774896916e+01
2.401275786691068106e+02 5.254491383254536885e+01 5.721297341263789349e+01
2.400622642468608490e+02 5.253700371104671518e+01 5.717122667886737020e+01
2.400694575771440213e+02 5.253531594733363619e+01 5.718288851608967605e+01
2.400562198159727529e+02 5.252313558029586460e+01 5.723896090691881255e+01
2.400000050836256378e+02 5.244611356819683579e+01 5.725236642773626272e+01
2.399390981648111563e+02 5.245140562248995764e+01 5.720443292155965764e+01
2.399904326165421082e+02 5.258422550963346964e+01 5.728653855930049588e+01
2.401259925779065725e+02 5.276328097198922507e+01 5.732400488028061858e+01
2.401871790961313593e+02 5.281919068679782470e+01 5.739294901123481196e+01
2.402065019571958828e+02 5.278712825987494028e+01 5.736692593157440001e+01
2.401898886685984564e+02 5.279038178028569916e+01 5.736111026384016753e+01
2.401997712368461180e+02 5.282174775049565341e+01 5.744333282497076709e+01
2.401784962635351519e+02 5.276792232220019230e+01 5.746537542575364910e+01
2.401093691220578421e+02 5.271328351380204680e+01 5.737342280514462800e+01
2.400772507752529066e+02 5.267534949926287169e+01 5.731054852320674797e+01
2.400702353718672271e+02 5.263557521224137048e+01 5.729867317370748481e+01
2.400669310152000548e+02 5.264068933963702790e+01 5.729928320878450165e+01
2.400462711605917434e+02 5.267421585074475132e+01 5.728737227390575271e+01
2.400652025824818168e+02 5.268982258146510134e+01 5.736344364800976336e+01
2.400367495297646201e+02 5.269696507549183906e+01 5.734695745005338097e+01
2.399727568501855615e+02 5.266071374104011227e+01 5.727575110568857752e+01
2.398124752173249874e+02 5.229825123277921506e+01 5.711051293782725935e+01
2.398480300950637911e+02 5.232603833053733666e+01 5.711100096588886998e+01
2.398342280514463027e+02 5.231310050327893890e+01 5.710743734431396490e+01
2.398063697829291812e+02 5.229596360124040189e+01 5.703067968074830674e+01
2.398127649839865683e+02 5.233396370291291788e+01 5.708354430379746702e+01
2.398397641197702228e+02 5.235161405114127575e+01 5.711851964821310901e+01
2.398141223120329357e+02 5.227490722383203803e+01 5.707981800620202506e+01
2.397396980326368805e+02 5.216586345381526257e+01 5.693691728941080754e+01
2.397594631691322320e+02 5.216431294799451024e+01 5.693044583396878977e+01
2.398605764831477813e+02 5.229018860251131429e+01 5.702642976971176125e+01
2.398734075542677147e+02 5.229482995272228152e+01 5.702517411417823467e+01
2.398454272787352011e+02 5.227322454374459682e+01 5.692010573941335139e+01
2.398996441462050768e+02 5.233839154084693490e+01 5.700770169284734123e+01
2.399712165116160918e+02 5.242229678206496857e+01 5.711632352193584694e+01
2.399490671546947169e+02 5.240013725789233234e+01 5.698620812363377297e+01
2.399044990086929943e+02 5.231331401555589622e+01 5.680994357175537601e+01
2.399190991815362679e+02 5.235287479030044011e+01 5.695173605815667628e+01
2.400206852727365288e+02 5.247353464490874586e+01 5.717443444664734642e+01
2.400102180875400393e+02 5.242654669310152116e+01 5.713527527832850694e+01
2.399262721773168607e+02 5.230669005134461713e+01 5.692247979258807078e+01
2.399488790605459769e+02 5.235916831884500056e+01 5.692128514056224731e+01
2.400181383762899827e+02 5.242206801891109080e+01 5.712715672817853374e+01
2.399711605917340194e+02 5.234627116059173346e+01 5.712027349905952889e+01
2.398302628234456790e+02 5.208856184230593556e+01 5.694386152203751550e+01
2.398060190127598901e+02 5.213333841695897775e+01 5.690506329113924266e+01
2.399052818870418378e+02 5.229040211478826450e+01 5.700323826953383133e+01
2.399665599105281899e+02 5.231815871079253810e+01 5.708173961669462670e+01
2.399138477962482909e+02 5.231799603477200122e+01 5.698978699608560561e+01
2.399484469523664245e+02 5.236537542575364768e+01 5.701019266941182195e+01
2.400506430786437022e+02 5.252659244573229813e+01 5.716375374917391383e+01
2.400429871384271223e+02 5.256297595445071380e+01 5.716361649128158007e+01
2.399840323318590833e+02 5.246889329469777863e+01 5.700180977072848520e+01
2.399307152661278053e+02 5.239250165217833199e+01 5.703772558588785557e+01
2.399555589446393071e+02 5.240565807533933196e+01 5.712873265212749629e+01
2.399525036856285851e+02 5.245062782776676613e+01 5.715698744344466320e+01
2.399190839306593546e+02 5.246078491179909520e+01 5.710081338010268581e+01
2.399360784911798987e+02 5.247983834070458897e+01 5.710148441868740576e+01
2.400009557216206701e+02 5.259728026028163583e+01 5.713732397946215258e+01
2.400489298968024059e+02 5.263594631691321979e+01 5.714290580041685530e+01
2.400436327588836321e+02 5.263340958771796352e+01 5.708193787809465647e+01
2.400076610238422177e+02 5.260499212038025263e+01 5.701152966295561697e+01
2.400178231915001845e+02 5.270119465202582631e+01 5.706883229119007694e+01
2.400615372883940779e+02 5.280011183976412070e+01 5.723623608357480208e+01
2.400382441157033213e+02 5.283675461339026924e+01 5.722039550607492941e+01
2.400076203548370586e+02 5.281140257231457724e+01 5.713094911290732369e+01
2.399822886482639319e+02 5.277653398403741392e+01 5.708277159269991330e+01
2.400107976208632010e+02 5.282425397793706168e+01 5.710392455899547315e+01
2.400630674597122720e+02 5.288059071729957594e+01 5.719190178435260208e+01
2.400273295714503661e+02 5.286706827309237156e+01 5.713024757256875574e+01
2.399966600579533349e+02 5.287273143205734272e+01 5.698992933760357715e+01
2.400733872197651237e+02 5.299336586853743825e+01 5.692805144629149794e+01
2.401631792994763828e+02 5.314275837527324597e+01 5.698100757460220933e+01
2.401689593818311153e+02 5.319675156321488174e+01 5.689790554623557739e+01
2.401122108687916352e+02 5.312557572060393341e+01 5.698383407045905358e+01
2.400612475217324970e+02 5.303868639113415639e+01 5.710548523206750815e+01
2.400228356463829869e+02 5.296842051751308844e+01 5.714358192262722014e+01
2.400299222205276806e+02 5.301579482486909711e+01 5.722286106451120702e+01
2.400694016572619489e+02 5.306690051344619263e+01 5.717276193381119498e+01
2.400956484164506151e+02 5.303502109704641043e+01 5.716294545269686012e+01
2.400934726246759112e+02 5.298897361598292122e+01 5.711736566519241620e+01
2.400917441919577016e+02 5.291791469676172710e+01 5.696303695795841548e+01
2.401956077474454787e+02 5.302617050480402838e+01 5.705567586802907698e+01
2.401741955162421789e+02 5.306071882466574863e+01 5.707288902445223755e+01
2.401988256824767518e+02 5.309717350414315717e+01 5.704599156118143810e+01
2.402040770677647288e+02 5.314246352498602022e+01 5.706065782115805263e+01
2.401937827258400660e+02 5.313694779116465838e+01 5.699413857963499908e+01
2.401349855116669119e+02 5.313025265619440063e+01 5.689650754918407927e+01
2.400880788978699627e+02 5.316017996034771897e+01 5.692332367444461738e+01
2.401111229729042691e+02 5.317377865893955402e+01 5.700740175893447059e+01
2.400711453408571003e+02 5.311864673885415300e+01 5.701886533475674668e+01
2.400050937928930921e+02 5.304687611204310826e+01 5.693596156779014450e+01
2.400120736108993071e+02 5.303342483859488254e+01 5.693996746479589177e+01
2.400570433633267271e+02 5.306897463270804849e+01 5.703403995729754428e+01
2.400327639672614453e+02 5.302569772761933820e+01 5.708591835697219352e+01
2.400139494687611261e+02 5.298940064053682875e+01 5.707028112449799551e+01
2.399941894158914124e+02 5.299742768542524374e+01 5.711547964007930744e+01
2.400827563418230000e+02 5.310010675613848008e+01 5.717585277820140988e+01
2.401359819022927127e+02 5.314701845356108123e+01 5.722555030247572461e+01
2.401808245640791029e+02 5.320157592394895829e+01 5.715745005337807072e+01
2.401926999135783660e+02 5.325100909968990237e+01 5.710128615728737600e+01
2.402829800213512215e+02 5.338306135936149843e+01 5.726123735448121721e+01
2.403378475929032447e+02 5.341178384423771064e+01 5.731134156880687414e+01
2.403105332723298204e+02 5.344014539169335620e+01 5.716196939657363885e+01
2.402520664938234063e+02 5.344237710335011116e+01 5.710120481927710756e+01
2.403218900920136321e+02 5.352394387677291121e+01 5.721431040618168851e+01
2.403801433582430889e+02 5.359597376849168882e+01 5.732592140714757534e+01
2.403589243048141952e+02 5.355954959076813537e+01 5.727097249758527653e+01
2.403069391490010673e+02 5.351675563011539793e+01 5.726208631996339449e+01
2.403169183061359320e+02 5.353503634792333798e+01 5.715671292766000988e+01
2.403801891108738857e+02 5.360781353261145910e+01 5.714613898632504885e+01
2.404112602307966142e+02 5.365753647501397694e+01 5.717951298866351806e+01
2.403989527731177986e+02 5.369951705556402999e+01 5.713736973209292813e+01
2.404057597478521586e+02 5.370241980580549779e+01 5.705477606629047926e+01
2.403942402521478243e+02 5.370380763560571324e+01 5.701657261959229572e+01
2.403831223628691873e+02 5.371471709623303070e+01 5.701944995170555330e+01
2.403684510192669279e+02 5.373076610238422290e+01 5.699419958314269508e+01
2.403572263738498407e+02 5.372333384169589721e+01 5.704766915764323443e+01
2.403497991967871599e+02 5.372500635453205575e+01 5.705893955569111853e+01
2.403177774388693990e+02 5.367235524375985278e+01 5.703626150170301656e+01
2.403231609984240720e+02 5.369488078897870054e+01 5.701493569213563006e+01
2.404017487672207949e+02 5.379741751817395823e+01 5.706932031925168758e+01
2.404530832189517469e+02 5.385226983884906815e+01 5.714578821615576487e+01
2.404673682070052223e+02 5.388519648213105739e+01 5.715490315693152468e+01
2.404506074932641866e+02 5.387123176249301082e+01 5.711461542372019551e+01
2.404264958568450936e+02 5.386193381119414170e+01 5.704477149102739730e+01
2.404408062630267864e+02 5.390226729703624642e+01 5.700057444969752396e+01
2.404882924101469257e+02 5.394769457577144323e+01 5.705644349550099292e+01
2.404549692440648698e+02 5.389907986375883553e+01 5.705988511006049180e+01
2.403742971887550084e+02 5.383832037008794913e+01 5.705612322708555695e+01
2.403295917848609520e+02 5.376309796146611575e+01 5.696306745971226349e+01
2.402856285903106084e+02 5.365128869910019915e+01 5.693866605663158964e+01
2.402043820853032514e+02 5.358226323013573023e+01 5.688668090081846174e+01
2.402169742260180101e+02 5.353750190635961559e+01 5.700134207716943990e+01
2.402699303543286931e+02 5.356119160185043881e+01 5.702039550607493368e+01
2.402727060139291382e+02 5.356075441004524151e+01 5.700535814142646274e+01
2.402412078694524951e+02 5.351032484367851083e+01 5.700818463728330698e+01
2.401852778201413230e+02 5.346973209292867324e+01 5.703744090285191248e+01
2.401903563621575017e+02 5.353996746479589319e+01 5.702853439072746511e+01
2.402618982258146616e+02 5.366685476081541140e+01 5.708683340958771879e+01
2.403277311778760748e+02 5.376098317319912212e+01 5.716016979309643631e+01
2.402370240455492763e+02 5.375912256621422358e+01 5.699676173046616867e+01
2.403969650754918348e+02 5.393138630471251815e+01 5.709496721061461244e+01
2.405333028315794763e+02 5.401344110619694305e+01 5.716697676783081761e+01
2.405512734482232702e+02 5.404078592852422247e+01 5.719338620304000642e+01
2.405665192415230536e+02 5.407770321793503143e+01 5.721375120736109210e+01
2.405385542168674817e+02 5.407869960856082514e+01 5.719998474912307529e+01
2.404845559453002011e+02 5.400885059224238915e+01 5.715197498856183955e+01
2.404421483401962405e+02 5.400965888871943577e+01 5.716882720756443348e+01
2.404832850388897327e+02 5.408744344466473564e+01 5.726327588836358018e+01
2.404821615576229021e+02 5.411017233490925804e+01 5.724788775354583237e+01
2.404088607594936775e+02 5.401884500025418134e+01 5.714044532560622258e+01
2.404053733923034031e+02 5.403841695897514086e+01 5.714115703319607320e+01
2.405172334909257188e+02 5.419802755325098076e+01 5.729345737379899361e+01
2.406116872553505175e+02 5.431027909104773244e+01 5.734702353718672185e+01
2.406246199989832633e+02 5.437786081032992769e+01 5.733007472929693193e+01
2.406363021707081487e+02 5.442081744700320201e+01 5.739452493518377452e+01
2.405960347719993990e+02 5.440232830054394952e+01 5.737621879924762425e+01
2.405785064307864332e+02 5.435474048091098354e+01 5.733170148950231493e+01
2.405373341467134480e+02 5.430590717299578074e+01 5.727202989171877334e+01
2.405502414722179765e+02 5.431824004880280654e+01 5.733485333740023293e+01
2.405124497991967871e+02 5.431362411672004242e+01 5.731630827105892223e+01
2.404831477809973990e+02 5.427098266483655920e+01 5.722095978852117071e+01
2.403816379441817901e+02 5.407090641045193280e+01 5.717572060393472810e+01
2.402929388439835350e+02 5.392716181180417578e+01 5.716945757714401566e+01
2.402576635656550366e+02 5.385562503177266080e+01 5.721773168623862205e+01
2.402974480199277991e+02 5.388531848914645650e+01 5.724984494941792690e+01
2.402856743429413768e+02 5.384447664074017581e+01 5.713348075847694929e+01
2.402740277565960128e+02 5.387912663311473693e+01 5.706466880178943768e+01
2.402990341111280657e+02 5.395385593004930769e+01 5.707261959229322201e+01
2.403717909613136214e+02 5.403718672156982450e+01 5.713864572212902004e+01
2.403906817141985641e+02 5.410531747242133349e+01 5.714522393370952358e+01
2.404210411265314349e+02 5.416506024096385374e+01 5.718603528036195627e+01
2.404341619643129491e+02 5.420959788521173550e+01 5.726078999542473724e+01
2.404189568400182964e+02 5.417484113669869572e+01 5.726100859132733234e+01
2.403499822073102621e+02 5.411951603883890272e+01 5.723016623455848872e+01
2.403618677240608008e+02 5.413018148543541486e+01 5.724870113364851676e+01
2.403932845305271826e+02 5.419446393167606857e+01 5.732608916679375710e+01
2.404154999745818770e+02 5.423949977123684363e+01 5.734228051446291374e+01
2.403940419907478088e+02 5.419136292003457100e+01 5.724861471201261054e+01
2.404229322352701956e+02 5.417732702963753866e+01 5.731156524833511412e+01
2.404513802043617545e+02 5.421441716232016717e+01 5.735556911189060258e+01
2.404864673885415129e+02 5.428368156168979652e+01 5.737879619744801829e+01
2.404590615627065233e+02 5.427562909867317131e+01 5.731165166997102034e+01
2.404544659651263316e+02 5.423345534034873339e+01 5.734638300035585701e+01
2.404246250826089124e+02 5.415460322301865403e+01 5.731275481673529271e+01
2.404072238320370047e+02 5.415051598800264543e+01 5.728630979614661101e+01
2.403982868181587094e+02 5.416333180824564408e+01 5.722041075695185697e+01
2.404117990951146453e+02 5.420975547760662749e+01 5.725982919017843642e+01
2.404081490519038198e+02 5.422558080422957971e+01 5.727917238574551106e+01
2.403713537695084028e+02 5.422446240658837979e+01 5.726427736261501877e+01
2.402861776218799150e+02 5.414499008693000093e+01 5.724815718570484790e+01
2.402161150932845430e+02 5.415771440191144137e+01 5.722399471302933449e+01
2.401923491434090749e+02 5.413983529052920574e+01 5.731132631792994658e+01
2.401478064155355696e+02 5.410481927710843308e+01 5.730231813329266544e+01
2.401115042448274153e+02 5.401498652839205050e+01 5.727072339992882632e+01
2.400945961059427702e+02 5.402055818209547056e+01 5.721251588633013085e+01
2.401334655076000217e+02 5.409425550302475472e+01 5.731040109806313865e+01
2.401230949112907354e+02 5.408250724416654265e+01 5.726676833917949949e+01
2.400601037059630869e+02 5.405481673529560993e+01 5.719161710131665899e+01
2.400263128463219857e+02 5.402089878501347187e+01 5.715041939911544944e+01
2.398704488841441673e+02 5.380383813735956267e+01 5.700267907071323492e+01
2.399572975446088208e+02 5.388399166285394415e+01 5.705869554166031321e+01
2.400278226831376003e+02 5.398230389914086658e+01 5.704750648162269044e+01
2.400932794469015334e+02 5.408241573890498444e+01 5.716896954908240502e+01
2.401050378730110424e+02 5.410133190991815155e+01 5.721566265060241108e+01
2.400716791215494936e+02 5.409393015098368096e+01 5.717171979055462572e+01
2.400825631640485938e+02 5.409388948197855029e+01 5.708092623659193521e+01
2.401381678613186921e+02 5.415686543642926409e+01 5.715272736515682794e+01
2.401644197041329960e+02 5.423631233795943274e+01 5.722440648670632157e+01
2.401415484723704878e+02 5.425952925626556578e+01 5.721195668750953445e+01
2.401336434344974862e+02 5.426765289004117676e+01 5.718504397336180034e+01
2.402059935946316784e+02 5.442908850592242231e+01 5.727363123379594612e+01
2.403841136698693504e+02 5.456573636317421716e+01 5.741112297290427335e+01
2.404335722637385118e+02 5.456856794265670629e+01 5.746678359005642989e+01
2.403766051547964082e+02 5.446609221696914460e+01 5.731873824411569984e+01
2.403446037313812269e+02 5.446798840933353603e+01 5.734127395658583737e+01
2.403605510650195640e+02 5.451213461440699604e+01 5.739127649839866052e+01
2.403455137003711002e+02 5.453247928422550928e+01 5.734857404300747419e+01
2.402537542575364853e+02 5.447529357938081773e+01 5.724877738803314742e+01
2.402373748157185673e+02 5.446623964211275393e+01 5.725670276040872153e+01
2.402991561181434577e+02 5.449693457373798822e+01 5.730299425550302317e+01
2.403230542422855933e+02 5.453076610238422006e+01 5.732541812820903715e+01
2.402499262874281953e+02 5.449226780539881076e+01 5.728377815057699252e+01
2.402568501855523380e+02 5.450306542626201178e+01 5.728232423364343617e+01
2.403112703980478955e+02 5.454789283717146731e+01 5.738280717807940334e+01
2.402861267856235088e+02 5.450507854201616453e+01 5.733338416958974904e+01
2.401398047887753648e+02 5.434215850744751464e+01 5.719822073102536564e+01
2.400993594631691224e+02 5.431272431498144471e+01 5.721575923948960707e+01
2.400870520054903068e+02 5.436558385440496011e+01 5.725373392303390574e+01
2.400353108637079913e+02 5.436209140358904079e+01 5.722591123989629125e+01
2.399670479385898147e+02 5.425524884347516519e+01 5.710703065426262270e+01
2.400159066646332064e+02 5.427547658990391710e+01 5.718223272838188365e+01
2.400956890854557457e+02 5.438348838391540596e+01 5.727479030044227670e+01
2.401384881297341281e+02 5.443818311219561679e+01 5.728241065527934239e+01
2.401040109806313865e+02 5.439654313456357215e+01 5.721985664175689834e+01
2.400935082100554041e+02 5.437936556351990447e+01 5.716285394743530901e+01
2.400808855675867903e+02 5.438976666158303885e+01 5.719876467896904160e+01
2.400788063646992896e+02 5.440525138528798976e+01 5.719601952112246579e+01
2.400054394794367454e+02 5.426566519241522712e+01 5.711695897514107401e+01
2.398749631437140977e+02 5.409368105332723076e+01 5.699036144578312957e+01
2.396954247369223765e+02 5.390837781505769755e+01 5.687897412434548272e+01
2.395959025977327030e+02 5.382078186162370770e+01 5.685629607035738076e+01
2.395413044583396811e+02 5.372191551014183375e+01 5.689011234812668505e+01
2.395268822123938719e+02 5.372423872706013981e+01 5.689284225509633330e+01
2.395733770525138482e+02 5.373865080575466635e+01 5.692433531594733154e+01
2.396215545727212657e+02 5.381919068679782470e+01 5.703179807838950666e+01
2.396541355294596087e+02 5.384293630217070614e+01 5.693870164201108253e+01
2.396655126836459715e+02 5.385265111077220013e+01 5.696143053225560493e+01
2.397542677037262990e+02 5.397313303848304855e+01 5.702865639774287132e+01
2.398704234660159500e+02 5.411530171318184301e+01 5.708958873468557726e+01
2.399117431752325729e+02 5.415604697270092771e+01 5.704228559808855437e+01
2.399725941741650104e+02 5.424143663260637283e+01 5.704805551319201129e+01
2.401122312032941863e+02 5.437960957755070979e+01 5.722318641655228788e+01
2.402082151390371507e+02 5.445342890549540016e+01 5.726676833917949949e+01
2.401101926694118163e+02 5.437094707945706773e+01 5.714640333485841950e+01
2.400280463626658616e+02 5.430449392506735506e+01 5.714455289512480363e+01
2.400366732753799965e+02 5.431549997458186851e+01 5.720202328300543826e+01
2.400946316913222631e+02 5.436271668954298519e+01 5.722366936098825363e+01
2.400825529967973182e+02 5.435985460830664096e+01 5.711001474251435894e+01
2.401077271109755600e+02 5.443795943266737680e+01 5.711849423008489879e+01
2.401588633013064964e+02 5.467214681510853325e+01 5.724675918865334978e+01
2.402539220171826457e+02 5.480256723094911564e+01 5.736188805856336614e+01
2.402074373443139734e+02 5.473834578821615793e+01 5.729030552590107561e+01
2.401743327741345126e+02 5.478617253825428435e+01 5.730144883330791572e+01
2.401877077931981148e+02 5.486299120532763851e+01 5.739832748716384714e+01
2.401232169183061274e+02 5.484428854659142871e+01 5.737073865080575530e+01
2.400305525901072770e+02 5.466880178943622326e+01 5.726148136851202253e+01
2.399795384067917325e+02 5.461188043312490237e+01 5.721462559097147960e+01
2.399932896141528147e+02 5.463887448528290491e+01 5.724313456357074159e+01
2.400034670326877233e+02 5.465360174876722255e+01 5.727778963957094049e+01
2.400120227746428725e+02 5.462801077728636301e+01 5.722112754816735247e+01
2.400045447613237855e+02 5.464909257282293709e+01 5.716573127954857370e+01
2.401007930456001134e+02 5.472933760357886968e+01 5.725886838493213560e+01
2.401808754003355091e+02 5.485527934522901461e+01 5.736132377611712485e+01
2.402319607544100393e+02 5.489822073102536848e+01 5.737752529103757126e+01
2.402017182654669227e+02 5.489286767322454352e+01 5.735234609323369170e+01
2.402017894362259085e+02 5.490256723094910996e+01 5.736272685679426786e+01
2.403248385948858754e+02 5.503746632098012270e+01 5.749091556097808819e+01
2.403835697219256815e+02 5.509220171826546419e+01 5.744001321742666732e+01
2.403295968684866182e+02 5.508884652534187154e+01 5.741946520258247944e+01
2.402908291393421791e+02 5.505676884754206668e+01 5.742192567739311926e+01
2.402583396878653730e+02 5.510239947130293103e+01 5.746786131869249203e+01
2.402129174927558211e+02 5.503705454730313562e+01 5.745463372477250630e+01
2.401488180570382838e+02 5.497606629047837146e+01 5.733370952163082990e+01
2.401456611255147209e+02 5.497024045549285631e+01 5.733679019876976213e+01
2.401888211072136698e+02 5.503383152864623185e+01 5.732896649890702179e+01
2.402506024096385602e+02 5.502637893345534081e+01 5.735403894057241558e+01
2.402581820954704881e+02 5.506950841340043468e+01 5.737668140918102466e+01
2.402673885415078132e+02 5.515567586802907840e+01 5.741540846932031883e+01
2.402650094047074276e+02 5.522207310253672574e+01 5.748082964770474490e+01
2.402117025062274536e+02 5.520451934319556386e+01 5.744844186874078673e+01
2.401520156575669773e+02 5.517188246657516260e+01 5.746560418890752686e+01
2.401482029383356291e+02 5.513728331045701481e+01 5.744751664887397880e+01
2.401435870062528579e+02 5.512706522291698263e+01 5.744415128869910347e+01
2.401612576889837953e+02 5.505325606222357493e+01 5.734396827817599274e+01
2.401705098876518605e+02 5.503356718011285409e+01 5.734600681205836281e+01
2.401928676732245549e+02 5.508840933353668134e+01 5.740486502973921290e+01
2.402050124548828194e+02 5.513378577601545771e+01 5.743206242692288299e+01
2.401737278226831336e+02 5.509437242641451604e+01 5.738500330435666541e+01
2.401267449545015609e+02 5.507658990391947640e+01 5.733161506786640160e+01
2.401320268415433929e+02 5.509351329368105610e+01 5.739591784860962775e+01
2.402310914544252967e+02 5.513766458238015389e+01 5.750304509175943934e+01
2.402728636063240231e+02 5.514676935590463103e+01 5.749827156728178323e+01
2.403100604951451373e+02 5.516489248131767908e+01 5.742118855167505131e+01
2.402867063189466705e+02 5.520901326826292177e+01 5.746331655736871369e+01
2.402915713486858920e+02 5.525853794926541696e+01 5.753668344263128631e+01
2.402639977632047135e+02 5.527425651974988341e+01 5.756151187026587479e+01
2.402173504143154901e+02 5.527510548523206779e+01 5.747153678003152066e+01
2.402369884601697834e+02 5.528940572416247079e+01 5.743767474963143371e+01
2.402357633063901119e+02 5.533490925728229115e+01 5.746339281175334435e+01
2.402264551878399743e+02 5.534399369630420296e+01 5.749368613695287422e+01
2.402464135021097036e+02 5.536177621879924970e+01 5.751168217172487118e+01
2.401917391083320581e+02 5.534481216003253223e+01 5.745720095572161767e+01
2.402065782115805064e+02 5.539012251537796772e+01 5.751779268974632942e+01
2.401973310965380506e+02 5.538492196634639697e+01 5.753547862335417307e+01
2.401751004016064144e+02 5.540128107366173538e+01 5.748540491078237125e+01
2.402071984139087988e+02 5.542721773168624111e+01 5.747850134716079396e+01
2.402120736108992958e+02 5.549896294036906852e+01 5.750032535204107376e+01
