2.823552259887005533e+01 6.340660310734462968e+01 6.118855932203389614e+01
2.826218220338983045e+01 6.340077683615819382e+01 6.127807203389830448e+01
2.838117937853107264e+01 6.350141242937853292e+01 6.140801553672316260e+01
2.777966101694915224e+01 6.306373587570621453e+01 6.062853107344632519e+01
2.719862288135593076e+01 6.291013418079096198e+01 5.982609463276835982e+01
2.665413135593220417e+01 6.286458333333333570e+01 5.879290254237287883e+01
2.629043079096045332e+01 6.252983757062146708e+01 5.828831214689265749e+01
2.656267655367231484e+01 6.261458333333333570e+01 5.811670197740112798e+01
2.660169491525423879e+01 6.240289548022598609e+01 5.796574858757062287e+01
2.669544491525423879e+01 6.251995056497175085e+01 5.790165960451977156e+01
2.669085451977401036e+01 6.248923022598869892e+01 5.769721045197739784e+01
2.685028248587570587e+01 6.241419491525423524e+01 5.760028248587570943e+01
2.675158898305084776e+01 6.243767655367231839e+01 5.714883474576271283e+01
2.683827683615819382e+01 6.251836158192090664e+01 5.718573446327683740e+01
2.653619350282485811e+01 6.251818502824858825e+01 5.687305790960451901e+01
2.664848163841807960e+01 6.254431497175141175e+01 5.693202683615819382e+01
2.648940677966101731e+01 6.246151129943503122e+01 5.713629943502824915e+01
2.651959745762711762e+01 6.250582627118644297e+01 5.725688559322033910e+01
2.650335451977401036e+01 6.257574152542373014e+01 5.725335451977401391e+01
2.656091101694915224e+01 6.248675847457626986e+01 5.739071327683615920e+01
2.649470338983050866e+01 6.241913841807909336e+01 5.732309322033898269e+01
2.657238700564971623e+01 6.259710451977401391e+01 5.750423728813559165e+01
2.654149011299434946e+01 6.242108050847457434e+01 5.755278954802260216e+01
2.642461158192090309e+01 6.251288841807909336e+01 5.722334039548022844e+01
2.654184322033898269e+01 6.252665960451977156e+01 5.724876412429378547e+01
2.652860169491525255e+01 6.259922316384180618e+01 5.745374293785310726e+01
2.654731638418079243e+01 6.255225988700564699e+01 5.745056497175141175e+01
2.658757062146892736e+01 6.252259887005649830e+01 5.731850282485875425e+01
2.637500000000000000e+01 6.282344632768361237e+01 5.711087570621469212e+01
2.632786016949152597e+01 6.292143361581921113e+01 5.728195621468926646e+01
2.624752824858757094e+01 6.282026836158192395e+01 5.720868644067796538e+01
2.621027542372881314e+01 6.291013418079096198e+01 5.697581214689265749e+01
2.630579096045197574e+01 6.303672316384180618e+01 5.711581920903955023e+01
2.659427966101694807e+01 6.294032485875705873e+01 5.778072033898305193e+01
2.642319915254237372e+01 6.282326977401130108e+01 5.761952683615819382e+01
2.650300141242937713e+01 6.270497881355932179e+01 5.786317090395480278e+01
2.657309322033898269e+01 6.283333333333333570e+01 5.798252118644067821e+01
2.668132062146892736e+01 6.319685734463276816e+01 5.745356638418078887e+01
2.649752824858757094e+01 6.334180790960451901e+01 5.693750000000000000e+01
2.660134180790960556e+01 6.346892655367231839e+01 5.669314971751412457e+01
2.650759180790960556e+01 6.352348163841807605e+01 5.679713983050847759e+01
2.640554378531073354e+01 6.359339689265537032e+01 5.682097457627118331e+01
2.645356638418079243e+01 6.300935734463276816e+01 5.758721751412429057e+01
2.666843220338983045e+01 6.314971751412429057e+01 5.755808615819208995e+01
2.673552259887005533e+01 6.295303672316384080e+01 5.767072740112994467e+01
2.677983757062147063e+01 6.296310028248587543e+01 5.790625000000000000e+01
2.669279661016949134e+01 6.266313559322033910e+01 5.807062146892655363e+01
2.671804378531073354e+01 6.264742231638417991e+01 5.808739406779660897e+01
2.649699858757062287e+01 6.251995056497175085e+01 5.809410310734462968e+01
2.654149011299434946e+01 6.261882062146892736e+01 5.818520480225988933e+01
2.655755649717514189e+01 6.255861581920903802e+01 5.828107344632768161e+01
2.655490819209039444e+01 6.257786016949152241e+01 5.828160310734462968e+01
2.663206214689265394e+01 6.258792372881355703e+01 5.838912429378530788e+01
2.666384180790960556e+01 6.262817796610169552e+01 5.803954802259887202e+01
2.669156073446327682e+01 6.267884887005649830e+01 5.791331214689265749e+01
2.683915960451977512e+01 6.252913135593220062e+01 5.811740819209039444e+01
2.688117937853107264e+01 6.266472457627118331e+01 5.775900423728813848e+01
2.666684322033898269e+01 6.286069915254237372e+01 5.786387711864406924e+01
2.607697740112994467e+01 6.246998587570621453e+01 5.813788841807909336e+01
2.564848163841807960e+01 6.264883474576271283e+01 5.821186440677966090e+01
2.515836864406779583e+01 6.257397598870056754e+01 5.819067796610169552e+01
2.526412429378531144e+01 6.267973163841807605e+01 5.816896186440678207e+01
2.524752824858757094e+01 6.267302259887005533e+01 5.817213983050847759e+01
2.529661016949152597e+01 6.271221751412429057e+01 5.825406073446328037e+01
2.540713276836158130e+01 6.282556497175141175e+01 5.836670197740112798e+01
2.563594632768361592e+01 6.274152542372881669e+01 5.842002118644067821e+01
2.576235875706214529e+01 6.272245762711864359e+01 5.844685734463276816e+01
2.602436440677966090e+01 6.280367231638417991e+01 5.850441384180791005e+01
2.606656073446327682e+01 6.283421610169491345e+01 5.851465395480226306e+01
2.629784604519774049e+01 6.311811440677966090e+01 5.846151129943503122e+01
2.623622881355932179e+01 6.305225988700564699e+01 5.820074152542373014e+01
2.638241525423728717e+01 6.305155367231638763e+01 5.824664548022598609e+01
2.639883474576271283e+01 6.302701271186440835e+01 5.819032485875705873e+01
2.665695621468926646e+01 6.297545903954802071e+01 5.838259180790960556e+01
2.654678672316384080e+01 6.292178672316384080e+01 5.851818502824858825e+01
2.667584745762711762e+01 6.301412429378530788e+01 5.865148305084746028e+01
2.671398305084745672e+01 6.303319209039548099e+01 5.868114406779660897e+01
2.646786723163841870e+01 6.309251412429378547e+01 5.851571327683615920e+01
2.640165960451977512e+01 6.288047316384180618e+01 5.842266949152542566e+01
2.632291666666666785e+01 6.289000706214689274e+01 5.827224576271186152e+01
2.619597457627118686e+01 6.286264124293785471e+01 5.823852401129943246e+01
2.628848870056497233e+01 6.292761299435028377e+01 5.831408898305084421e+01
2.612394067796610031e+01 6.280331920903955023e+01 5.802630649717514189e+01
2.625123587570621453e+01 6.313612288135593076e+01 5.772422316384180618e+01
2.626924435028248439e+01 6.333280367231638763e+01 5.773587570621469212e+01
2.622740112994350170e+01 6.324046610169491345e+01 5.744120762711864359e+01
2.621645480225988578e+01 6.318326271186440835e+01 5.729855225988700340e+01
2.630278954802259861e+01 6.333704096045197929e+01 5.719067796610169552e+01
2.628990112994350170e+01 6.327507062146892736e+01 5.739989406779660897e+01
2.641472457627118686e+01 6.310469632768361237e+01 5.755896892655367481e+01
2.635840395480225951e+01 6.285204802259887202e+01 5.772086864406779938e+01
2.632891949152542210e+01 6.315413135593220062e+01 5.798340395480226306e+01
2.628054378531073354e+01 6.313612288135593076e+01 5.793149717514124575e+01
2.637270480225988578e+01 6.301465395480226306e+01 5.795903954802260216e+01
2.621645480225988578e+01 6.307874293785310726e+01 5.786352401129943246e+01
2.632680084745762628e+01 6.317602401129943246e+01 5.792196327683615920e+01
2.601536016949152597e+01 6.315201271186440835e+01 5.792655367231638763e+01
2.576359463276835982e+01 6.302100988700564699e+01 5.795656779661016600e+01
2.555031779661016955e+01 6.324028954802260216e+01 5.755155367231638763e+01
2.558333333333333215e+01 6.334004237288135641e+01 5.769844632768361237e+01
2.544297316384180618e+01 6.340165960451977156e+01 5.743132062146892736e+01
2.533298022598869892e+01 6.347951977401130108e+01 5.729060734463276816e+01
2.521998587570621453e+01 6.336581920903955023e+01 5.819526836158192395e+01
2.541084039548022488e+01 6.333527542372881669e+01 5.838329802259887202e+01
2.521733757062147063e+01 6.319968220338983400e+01 5.850865112994350170e+01
2.539053672316384080e+01 6.319067796610169552e+01 5.858050847457626986e+01
2.533633474576271283e+01 6.316401836158192395e+01 5.858280367231638763e+01
2.545144774011299305e+01 6.323252118644067821e+01 5.861987994350282349e+01
2.504219632768361592e+01 6.310293079096044977e+01 5.847298728813559165e+01
2.505596751412429413e+01 6.309339689265537032e+01 5.854149011299435301e+01
2.509004237288135641e+01 6.309922316384180618e+01 5.851659604519773694e+01
2.488718220338983045e+01 6.315766242937853292e+01 5.845709745762712117e+01
2.479343220338983045e+01 6.305543785310734251e+01 5.832485875706214529e+01
2.468361581920903802e+01 6.327966101694915579e+01 5.799470338983050510e+01
2.444314971751412457e+01 6.329696327683615920e+01 5.773128531073446368e+01
2.452312853107344637e+01 6.338682909604519722e+01 5.762376412429378547e+01
2.433156779661016955e+01 6.314689265536723184e+01 5.752118644067796538e+01
2.438841807909604498e+01 6.332485875706214529e+01 5.706814971751412457e+01
2.433262711864406924e+01 6.308898305084746028e+01 5.749540960451977156e+01
2.439177259887005533e+01 6.284728107344632519e+01 5.786352401129943246e+01
2.417213983050847403e+01 6.257874293785310726e+01 5.761423022598869892e+01
2.433492231638417991e+01 6.266825564971751561e+01 5.769332627118644297e+01
2.429007768361582009e+01 6.273640536723164018e+01 5.746062853107344637e+01
2.436793785310734606e+01 6.287005649717514189e+01 5.715960451977401391e+01
2.435222457627118686e+01 6.292178672316384080e+01 5.699028954802260216e+01
2.464777542372881314e+01 6.306903248587570943e+01 5.681479519774011067e+01
2.469456214689265394e+01 6.300141242937853292e+01 5.654131355932203462e+01
2.463965395480225951e+01 6.279325564971751561e+01 5.705632062146892736e+01
2.443149717514124220e+01 6.265748587570621453e+01 5.730720338983050510e+01
2.446486581920903802e+01 6.268449858757062287e+01 5.759834039548022844e+01
2.447687146892655363e+01 6.264636299435028377e+01 5.759622175141242906e+01
2.445850988700565054e+01 6.258492231638417991e+01 5.769473870056496878e+01
2.437623587570621453e+01 6.258880649717514189e+01 5.769473870056496878e+01
2.432009180790960556e+01 6.264777542372881669e+01 5.798322740112994467e+01
2.429713983050847403e+01 6.265042372881355703e+01 5.812023305084746028e+01
2.426553672316384080e+01 6.271769067796610386e+01 5.810593220338983400e+01
2.431091101694915224e+01 6.273940677966101731e+01 5.818979519774011067e+01
2.435257768361582009e+01 6.278795903954802071e+01 5.797334039548022844e+01
2.460151836158192040e+01 6.268608757062146708e+01 5.792990819209039444e+01
2.473146186440677852e+01 6.272916666666666430e+01 5.799664548022598609e+01
2.474258474576271283e+01 6.272969632768361237e+01 5.794844632768361237e+01
2.483474576271186507e+01 6.274382062146892736e+01 5.796080508474576476e+01
2.475529661016949134e+01 6.252030367231638763e+01 5.773799435028248439e+01
2.476253531073446368e+01 6.264477401129943246e+01 5.773110875706214529e+01
2.480685028248587543e+01 6.263471045197739784e+01 5.765466101694915579e+01
2.498499293785310726e+01 6.275000000000000000e+01 5.726218220338983400e+01
2.498216807909604498e+01 6.277048022598869892e+01 5.732150423728813848e+01
2.509163135593220417e+01 6.268538135593220062e+01 5.788930084745762628e+01
2.509657485875706229e+01 6.263400423728813848e+01 5.815519067796610386e+01
2.521963276836158130e+01 6.255861581920903802e+01 5.814265536723164018e+01
2.510240112994350170e+01 6.237853107344632519e+01 5.805331920903955023e+01
2.513859463276835982e+01 6.239777542372881669e+01 5.803725282485875425e+01
2.510275423728813493e+01 6.244067796610169552e+01 5.800564971751412457e+01
2.506144067796610031e+01 6.248340395480226306e+01 5.806744350282485811e+01
2.482768361581920757e+01 6.240925141242937713e+01 5.788594632768361237e+01
2.455384887005649830e+01 6.254078389830508655e+01 5.767284604519773694e+01
2.457309322033898269e+01 6.270550847457626986e+01 5.783439265536723184e+01
2.467072740112994467e+01 6.290271892655367481e+01 5.762552966101694807e+01
2.464459745762711762e+01 6.263012005649717651e+01 5.751536016949152241e+01
2.478831214689265394e+01 6.262411723163841515e+01 5.747086864406779938e+01
2.487800141242937713e+01 6.259622175141242906e+01 5.750971045197739784e+01
2.478760593220339103e+01 6.247369350282485811e+01 5.740112994350282349e+01
2.459180790960451901e+01 6.232874293785310726e+01 5.714106638418078887e+01
2.454996468926553632e+01 6.231232344632768161e+01 5.742620056497175085e+01
2.435628531073446368e+01 6.244809322033898269e+01 5.735028248587570943e+01
2.437411723163841870e+01 6.235010593220339103e+01 5.715801553672316260e+01
2.438930084745762628e+01 6.212800141242937713e+01 5.710293079096044977e+01
2.452736581920903802e+01 6.221663135593220062e+01 5.727913135593220062e+01
2.452383474576271283e+01 6.217284604519773694e+01 5.753407485875705873e+01
2.451024011299434946e+01 6.217902542372881669e+01 5.750105932203389614e+01
2.433421610169491700e+01 6.210187146892655363e+01 5.742461158192090664e+01
2.447669491525423879e+01 6.224505649717514189e+01 5.756638418079096198e+01
2.459180790960451901e+01 6.217902542372881669e+01 5.757044491525423524e+01
2.472404661016949134e+01 6.212623587570621453e+01 5.758898305084746028e+01
2.472263418079096198e+01 6.204643361581921113e+01 5.781744350282485811e+01
2.478672316384180618e+01 6.202507062146892736e+01 5.773040254237287883e+01
2.478601694915254328e+01 6.205614406779660897e+01 5.774805790960451901e+01
2.486670197740113153e+01 6.219191384180791005e+01 5.753778248587570943e+01
2.484304378531073354e+01 6.208704096045197929e+01 5.746998587570621453e+01
2.483474576271186507e+01 6.214124293785310726e+01 5.707256355932203462e+01
2.413912429378531144e+01 6.232733050847457434e+01 5.665519067796610386e+01
2.423975988700565054e+01 6.249858757062146708e+01 5.659198446327683740e+01
2.423852401129943601e+01 6.261987994350282349e+01 5.629608050847457434e+01
2.430067090395480278e+01 6.266225282485875425e+01 5.634057203389830448e+01
2.459992937853107264e+01 6.266384180790960556e+01 5.630561440677966090e+01
2.468237994350282349e+01 6.270639124293785471e+01 5.634992937853107264e+01
2.468855932203389969e+01 6.271645480225988933e+01 5.629184322033898269e+01
2.451730225988700695e+01 6.255614406779660897e+01 5.638894774011299660e+01
2.440148305084745672e+01 6.209251412429378547e+01 5.685399011299435301e+01
2.455243644067796538e+01 6.210363700564971623e+01 5.705120056497175085e+01
2.457274011299434946e+01 6.211687853107344637e+01 5.697263418079096198e+01
2.464212570621468856e+01 6.204784604519773694e+01 5.694632768361582009e+01
2.460328389830508300e+01 6.168873587570621453e+01 5.705543785310734251e+01
2.475900423728813493e+01 6.191649011299435301e+01 5.730473163841807605e+01
2.507838983050847403e+01 6.168114406779660897e+01 5.716560734463276816e+01
2.508509887005649830e+01 6.158757062146892736e+01 5.714512711864406924e+01
2.493485169491525255e+01 6.153795903954802071e+01 5.702277542372881669e+01
2.508333333333333215e+01 6.186793785310734251e+01 5.699258474576271283e+01
2.460752118644067821e+01 6.169685734463276816e+01 5.697863700564971623e+01
2.452048022598869892e+01 6.158757062146892736e+01 5.691560734463276816e+01
2.451889124293785471e+01 6.161281779661016600e+01 5.700794491525423524e+01
2.439724576271186507e+01 6.179237288135593076e+01 5.699876412429378547e+01
2.431567796610169552e+01 6.164724576271186152e+01 5.690165960451977156e+01
2.439565677966101731e+01 6.171027542372881669e+01 5.697316384180791005e+01
2.435098870056497233e+01 6.165572033898305193e+01 5.705632062146892736e+01
2.442266949152542210e+01 6.173375706214689274e+01 5.713435734463276816e+01
2.427895480225988578e+01 6.159004237288135641e+01 5.705879237288135641e+01
2.440501412429378547e+01 6.169067796610169552e+01 5.710434322033898269e+01
2.418379237288135641e+01 6.151606638418078887e+01 5.692478813559321793e+01
2.419985875706214529e+01 6.146292372881355703e+01 5.687870762711864359e+01
2.388170903954802426e+01 6.146468926553671963e+01 5.679572740112994467e+01
2.409745762711864359e+01 6.152930790960451901e+01 5.689141949152542566e+01
2.372139830508474745e+01 6.140324858757062287e+01 5.675759180790960556e+01
2.361158192090395502e+01 6.136158192090395147e+01 5.669950564971751561e+01
2.355067090395480278e+01 6.139954096045197929e+01 5.647969632768361237e+01
2.345356638418079243e+01 6.156585451977401391e+01 5.651094632768361237e+01
2.345127118644067821e+01 6.131179378531073354e+01 5.655596751412429057e+01
2.379307909604519722e+01 6.119385593220339103e+01 5.652877824858757094e+01
2.387764830508474745e+01 6.124240819209039444e+01 5.664230225988700340e+01
2.394297316384180618e+01 6.123216807909604853e+01 5.665960451977401391e+01
2.394014830508474745e+01 6.113753531073446368e+01 5.659763418079096198e+01
2.414300847457626986e+01 6.112711864406779938e+01 5.673393361581921113e+01
2.389671610169491700e+01 6.129608050847457434e+01 5.675812146892655363e+01
2.399752824858757094e+01 6.121610169491525255e+01 5.673040254237287883e+01
2.365519067796610031e+01 6.119262005649717651e+01 5.640572033898305193e+01
2.388859463276835982e+01 6.133704096045197929e+01 5.639618644067796538e+01
2.371963276836158130e+01 6.127648305084746028e+01 5.638753531073446368e+01
2.415536723163841870e+01 6.123552259887005533e+01 5.653513418079096198e+01
2.422598870056497233e+01 6.118750000000000000e+01 5.649134887005649830e+01
2.437482344632768516e+01 6.126995056497175085e+01 5.640995762711864359e+01
2.432397598870056399e+01 6.108492231638417991e+01 5.652153954802260216e+01
2.444756355932203462e+01 6.122934322033898269e+01 5.647069209039548099e+01
2.442478813559322148e+01 6.111334745762712117e+01 5.664353813559321793e+01
2.440519067796610031e+01 6.117637711864406924e+01 5.669032485875705873e+01
2.417196327683615920e+01 6.097810734463276816e+01 5.651324152542373014e+01
2.419597457627118686e+01 6.096610169491525255e+01 5.648181497175141175e+01
2.407662429378531144e+01 6.106956214689265749e+01 5.651076977401130108e+01
2.416931497175141175e+01 6.104784604519773694e+01 5.645656779661016600e+01
2.382079802259886847e+01 6.081338276836158485e+01 5.630367231638417991e+01
2.391401836158192040e+01 6.082009180790960556e+01 5.630932203389830448e+01
2.326606638418079243e+01 6.074099576271186152e+01 5.628283898305084421e+01
2.319721045197740139e+01 6.075123587570621453e+01 5.625635593220339103e+01
2.327983757062147063e+01 6.067567090395480278e+01 5.622881355932203462e+01
2.334728107344632875e+01 6.075229519774011067e+01 5.630261299435028377e+01
2.347104519774011422e+01 6.074329096045197929e+01 5.633598163841807605e+01
2.390907485875706229e+01 6.051324152542373014e+01 5.629625706214689274e+01
2.399470338983050866e+01 6.059887005649717651e+01 5.638117937853107264e+01
2.399364406779660897e+01 6.082768361581921113e+01 5.653654661016949490e+01
2.393908898305084776e+01 6.075971045197739784e+01 5.647563559322033910e+01
2.386246468926553632e+01 6.071592514124294127e+01 5.632309322033898269e+01
2.379872881355932179e+01 6.067161016949152241e+01 5.611175847457626986e+01
2.410363700564971623e+01 6.086917372881355703e+01 5.620233050847457434e+01
2.410557909604519722e+01 6.065642655367231839e+01 5.629608050847457434e+01
2.407397598870056399e+01 6.053760593220339103e+01 5.623587570621469212e+01
2.413382768361582009e+01 6.054661016949152241e+01 5.626465395480226306e+01
2.437482344632768516e+01 6.085151836158192395e+01 5.658792372881355703e+01
2.426288841807909691e+01 6.061175847457626986e+01 5.635222457627118331e+01
2.415112994350282349e+01 6.058439265536723184e+01 5.626076977401130108e+01
2.377983757062147063e+01 6.075476694915253972e+01 5.627789548022598609e+01
2.373287429378531144e+01 6.101606638418078887e+01 5.646716101694915579e+01
2.346804378531073354e+01 6.069650423728813848e+01 5.623516949152542566e+01
2.356673728813559165e+01 6.063029661016949490e+01 5.622122175141242906e+01
2.348675847457626986e+01 6.083492231638417991e+01 5.572051553672316260e+01
2.378442796610169552e+01 6.135504943502824915e+01 5.497616525423728717e+01
2.343644067796610031e+01 6.121292372881355703e+01 5.481938559322033910e+01
2.365307203389830448e+01 6.123110875706214529e+01 5.471892655367231839e+01
2.362623587570621453e+01 6.136634887005649830e+01 5.470780367231638763e+01
2.369826977401130108e+01 6.123358050847457434e+01 5.528725282485875425e+01
2.379060734463276816e+01 6.057627118644067821e+01 5.570850988700564699e+01
2.393873587570621453e+01 6.061069915254237372e+01 5.589830508474576476e+01
2.389830508474576121e+01 6.064230225988700340e+01 5.615978107344632519e+01
2.386740819209039444e+01 6.059657485875705873e+01 5.614583333333333570e+01
2.403177966101694807e+01 6.044103107344632519e+01 5.600829802259887202e+01
2.429307909604519722e+01 6.051165254237287883e+01 5.610081214689265749e+01
2.430155367231638408e+01 6.042055084745762628e+01 5.606620762711864359e+01
2.442973163841807960e+01 6.053389830508474745e+01 5.597581214689265749e+01
2.434657485875706229e+01 6.031726694915253972e+01 5.590395480225988933e+01
2.446927966101694807e+01 6.040607344632768161e+01 5.600423728813559165e+01
2.444438559322033910e+01 6.033315677966101731e+01 5.607927259887005533e+01
2.463541666666666785e+01 6.024770480225988933e+01 5.610504943502824915e+01
2.477312853107344637e+01 6.022298728813559165e+01 5.619050141242937713e+01
2.481867937853107264e+01 6.026571327683615920e+01 5.620992231638417991e+01
2.476430084745762628e+01 6.030561440677966090e+01 5.619014830508474745e+01
2.492213983050847403e+01 6.032856638418078887e+01 5.639671610169491345e+01
2.469615112994350170e+01 6.027100988700564699e+01 5.625406073446328037e+01
2.475688559322033910e+01 6.028689971751412457e+01 5.638894774011299660e+01
2.441631355932203462e+01 6.027153954802260216e+01 5.656250000000000000e+01
2.457115112994350170e+01 6.029925847457626986e+01 5.653372175141242906e+01
2.440483757062147063e+01 6.017002118644067821e+01 5.607821327683615920e+01
2.462376412429378547e+01 6.035610875706214529e+01 5.603160310734462968e+01
2.458403954802259861e+01 6.051518361581921113e+01 5.611917372881355703e+01
2.465413135593220417e+01 6.054078389830508655e+01 5.603795903954802071e+01
2.454643361581920757e+01 6.031091101694915579e+01 5.596910310734462968e+01
2.460522598870056399e+01 6.060381355932203462e+01 5.611546610169491345e+01
2.454484463276835982e+01 6.048799435028248439e+01 5.628036723163841515e+01
2.471963276836158130e+01 6.042867231638417991e+01 5.614795197740112798e+01
2.470374293785310726e+01 6.042478813559321793e+01 5.617302259887005533e+01
2.475370762711864359e+01 6.054678672316384080e+01 5.637447033898305193e+01
2.461211158192090309e+01 6.053301553672316260e+01 5.657997881355932179e+01
2.459781073446327682e+01 6.049964689265537032e+01 5.658615819209039444e+01
2.422298728813559165e+01 6.035045903954802071e+01 5.673234463276835982e+01
2.442673022598869892e+01 6.054925847457626986e+01 5.687040960451977156e+01
2.420303672316384080e+01 6.040536723163841515e+01 5.664212570621469212e+01
2.420180084745762628e+01 6.035822740112994467e+01 5.657026836158192395e+01
2.425158898305084776e+01 6.043485169491525255e+01 5.662711864406779938e+01
2.426430084745762628e+01 6.052100988700564699e+01 5.668396892655367481e+01
2.401235875706214529e+01 6.038559322033898269e+01 5.657009180790960556e+01
2.393661723163841870e+01 6.044473870056496878e+01 5.698905367231638763e+01
2.391454802259886847e+01 6.039795197740112798e+01 5.720992231638417991e+01
2.394209039548022488e+01 6.036475988700564699e+01 5.739000706214689274e+01
2.367337570621468856e+01 6.040289548022598609e+01 5.716154661016949490e+01
2.375123587570621453e+01 6.049523305084746028e+01 5.733862994350282349e+01
2.372846045197740139e+01 6.044526836158192395e+01 5.745144774011299660e+01
2.370480225988700695e+01 6.041313559322033910e+01 5.747969632768361237e+01
2.321980932203389969e+01 6.040836864406779938e+01 5.751377118644067821e+01
2.355685028248587543e+01 6.069809322033898269e+01 5.785081214689265749e+01
2.332874293785310726e+01 6.063841807909604853e+01 5.773358050847457434e+01
2.398975988700565054e+01 6.052683615819208995e+01 5.643485169491525255e+01
2.421080508474576121e+01 6.069491525423728717e+01 5.637199858757062287e+01
2.484798728813559165e+01 6.072369350282485811e+01 5.649841101694915579e+01
2.482627118644067821e+01 6.072881355932203462e+01 5.628813559322033910e+01
2.494297316384180618e+01 6.066790254237287883e+01 5.613930084745762628e+01
2.463170903954802426e+01 6.087429378531073354e+01 5.651006355932203462e+01
2.411935028248587543e+01 6.092125706214689274e+01 5.665519067796610386e+01
2.368485169491525255e+01 6.085822740112994467e+01 5.653531073446328037e+01
2.369897598870056399e+01 6.102136299435028377e+01 5.673022598870056754e+01
2.343626412429378547e+01 6.103336864406779938e+01 5.680367231638417991e+01
2.380932203389830448e+01 6.116137005649717651e+01 5.685504943502824915e+01
2.408280367231638408e+01 6.094968220338983400e+01 5.675000000000000000e+01
2.436599576271186507e+01 6.102383474576271283e+01 5.658651129943503122e+01
2.433633474576271283e+01 6.093343926553671963e+01 5.663771186440678207e+01
2.440183615819208995e+01 6.098622881355932179e+01 5.670462570621469212e+01
2.433986581920903802e+01 6.091578389830508655e+01 5.656179378531073354e+01
2.443591101694915224e+01 6.102348163841807605e+01 5.668432203389830448e+01
2.442302259887005533e+01 6.100600282485875425e+01 5.660858050847457434e+01
2.445903954802259861e+01 6.096645480225988933e+01 5.654043079096044977e+01
2.442019774011299305e+01 6.089018361581921113e+01 5.646062853107344637e+01
2.438100282485875780e+01 6.088382768361582009e+01 5.644332627118644297e+01
2.405914548022598964e+01 6.073958333333333570e+01 5.628990112994350170e+01
2.412888418079096198e+01 6.084675141242937713e+01 5.614706920903955023e+01
2.390077683615819382e+01 6.058262711864406924e+01 5.607432909604519722e+01
2.391207627118643941e+01 6.058545197740112798e+01 5.607291666666666430e+01
2.379307909604519722e+01 6.046998587570621453e+01 5.605067090395480278e+01
2.400105932203389969e+01 6.067408192090395147e+01 5.624364406779660897e+01
2.400547316384180618e+01 6.057291666666666430e+01 5.621539548022598609e+01
2.390289548022598964e+01 6.056461864406779938e+01 5.647422316384180618e+01
2.394509180790960556e+01 6.057291666666666430e+01 5.634834039548022844e+01
2.396539548022598964e+01 6.060063559322033910e+01 5.636811440677966090e+01
2.384975282485875780e+01 6.058527542372881669e+01 5.635840395480226306e+01
2.366931497175141175e+01 6.065342514124294127e+01 5.659533898305084421e+01
2.292284604519774049e+01 6.058915960451977156e+01 5.641596045197739784e+01
2.323234463276835982e+01 6.069385593220339103e+01 5.645745056497175085e+01
2.319385593220339103e+01 6.063700564971751561e+01 5.626182909604519722e+01
2.380190677966101731e+01 6.044350282485875425e+01 5.629325564971751561e+01
2.381709039548022488e+01 6.044950564971751561e+01 5.632185734463276816e+01
2.396592514124293771e+01 6.059057203389830448e+01 5.637005649717514189e+01
2.393449858757062287e+01 6.057891949152542566e+01 5.643185028248587543e+01
2.413012005649717651e+01 6.055137711864406924e+01 5.637146892655367481e+01
2.387835451977401036e+01 6.073040254237287883e+01 5.638488700564971623e+01
2.382062146892655363e+01 6.088135593220339103e+01 5.647528248587570943e+01
2.304625706214689274e+01 6.081920903954802071e+01 5.650052966101694807e+01
2.304996468926553632e+01 6.075158898305084421e+01 5.647881355932203462e+01
2.334992937853107264e+01 6.073446327683615920e+01 5.652383474576271283e+01
2.351112288135593076e+01 6.093379237288135641e+01 5.664371468926553632e+01
2.356656073446327682e+01 6.095038841807909336e+01 5.669279661016949490e+01
2.368167372881356059e+01 6.092425847457626986e+01 5.667231638418078887e+01
2.390077683615819382e+01 6.102118644067796538e+01 5.673216807909604853e+01
2.396627824858757094e+01 6.107821327683615920e+01 5.675459039548022844e+01
2.389000706214689274e+01 6.103584039548022844e+01 5.682944915254237372e+01
2.390519067796610031e+01 6.113647598870056754e+01 5.688170903954802071e+01
2.374629237288135641e+01 6.103760593220339103e+01 5.676730225988700340e+01
2.374558615819208995e+01 6.112800141242937713e+01 5.674187853107344637e+01
2.364300847457626986e+01 6.116384180790960556e+01 5.657750706214689274e+01
2.397316384180791005e+01 6.109074858757062287e+01 5.655737994350282349e+01
2.404131355932203462e+01 6.090466101694915579e+01 5.618873587570621453e+01
2.430367231638417991e+01 6.120233050847457434e+01 5.639353813559321793e+01
2.420798022598869892e+01 6.111652542372881669e+01 5.619014830508474745e+01
2.415130649717514189e+01 6.094262005649717651e+01 5.606002824858757094e+01
2.337552966101694807e+01 6.100935734463276816e+01 5.590960451977401391e+01
2.345197740112994467e+01 6.127048022598869892e+01 5.617266949152542566e+01
2.304855225988700695e+01 6.108810028248587543e+01 5.618343926553671963e+01
2.307768361581920757e+01 6.100070621468926646e+01 5.598516949152542566e+01
2.268979519774011422e+01 6.092072740112994467e+01 5.614706920903955023e+01
2.285769774011299305e+01 6.111899717514124575e+01 5.654731638418078887e+01
2.259745762711864359e+01 6.105367231638417991e+01 5.636758474576271283e+01
2.262376412429378547e+01 6.090695621468926646e+01 5.637658898305084421e+01
2.264283192090395502e+01 6.092955508474576476e+01 5.638259180790960556e+01
2.335275423728813493e+01 6.102295197740112798e+01 5.643237994350282349e+01
2.365042372881356059e+01 6.101836158192090664e+01 5.657468220338983400e+01
2.374982344632768516e+01 6.094685734463276816e+01 5.679007768361582009e+01
2.386264124293785471e+01 6.095021186440678207e+01 5.702436440677966090e+01
2.433580508474576121e+01 6.098199152542373014e+01 5.716525423728813848e+01
2.420197740112994467e+01 6.113347457627118331e+01 5.688559322033898269e+01
2.409710451977401036e+01 6.116984463276835982e+01 5.633721751412429057e+01
2.413576977401130108e+01 6.118096751412429057e+01 5.630314265536723184e+01
2.420074152542373014e+01 6.142178672316384080e+01 5.629290254237287883e+01
2.410663841807909691e+01 6.135663841807909336e+01 5.629696327683615920e+01
2.410911016949152597e+01 6.126836158192090664e+01 5.628601694915253972e+01
2.406126412429378547e+01 6.121133474576271283e+01 5.640625000000000000e+01
2.409339689265536677e+01 6.134127824858757094e+01 5.692443502824858825e+01
2.393255649717514189e+01 6.134710451977401391e+01 5.695427259887005533e+01
2.402930790960451901e+01 6.121680790960451901e+01 5.692266949152542566e+01
2.424858757062147063e+01 6.118290960451977156e+01 5.704784604519773694e+01
2.432697740112994467e+01 6.130049435028248439e+01 5.721062853107344637e+01
2.457326977401130108e+01 6.126853813559321793e+01 5.724858757062146708e+01
2.467355225988700695e+01 6.123534604519773694e+01 5.734004237288135641e+01
2.470727401129943601e+01 6.125988700564971623e+01 5.728266242937853292e+01
2.478866525423728717e+01 6.130808615819208995e+01 5.739512711864406924e+01
2.478442796610169552e+01 6.127348163841807605e+01 5.705296610169491345e+01
2.486652542372881314e+01 6.140783898305084421e+01 5.667673022598869892e+01
2.473834745762711762e+01 6.134392655367231839e+01 5.651465395480226306e+01
2.461387711864406924e+01 6.143202683615819382e+01 5.618043785310734251e+01
2.451341807909604498e+01 6.126306497175141175e+01 5.651959745762712117e+01
2.430596751412429413e+01 6.139671610169491345e+01 5.671398305084746028e+01
2.409887005649717651e+01 6.114159604519773694e+01 5.660081214689265749e+01
2.416242937853107264e+01 6.121645480225988933e+01 5.662764830508474745e+01
2.410557909604519722e+01 6.125918079096044977e+01 5.679043079096044977e+01
2.406108757062147063e+01 6.144067796610169552e+01 5.690695621468926646e+01
2.392514124293785471e+01 6.117796610169491345e+01 5.664194915254237372e+01
2.380120056497175085e+01 6.124823446327683740e+01 5.674364406779660897e+01
2.344862288135593076e+01 6.127100988700564699e+01 5.737111581920903802e+01
2.353760593220339103e+01 6.136670197740112798e+01 5.723746468926553632e+01
2.340625000000000000e+01 6.117178672316384080e+01 5.698146186440678207e+01
2.341331214689265394e+01 6.117884887005649830e+01 5.689812853107344637e+01
2.374311440677966090e+01 6.133915960451977156e+01 5.688153248587570943e+01
2.380084745762711762e+01 6.145197740112994467e+01 5.664018361581921113e+01
2.365201271186440835e+01 6.116684322033898269e+01 5.652348163841807605e+01
2.382803672316384080e+01 6.123411016949152241e+01 5.652860169491525255e+01
2.376712570621468856e+01 6.140907485875705873e+01 5.675935734463276816e+01
2.380120056497175085e+01 6.146221751412429057e+01 5.680526129943503122e+01
2.349487994350282349e+01 6.114318502824858825e+01 5.671910310734462968e+01
2.374682203389830448e+01 6.130331920903955023e+01 5.693908898305084421e+01
2.405349576271186507e+01 6.149823446327683740e+01 5.714548022598869892e+01
2.428689971751412457e+01 6.149205508474576476e+01 5.708509887005649830e+01
2.421168785310734606e+01 6.117002118644067821e+01 5.680985169491525255e+01
2.434745762711864359e+01 6.145374293785310726e+01 5.691896186440678207e+01
2.463576977401130108e+01 6.164389124293785471e+01 5.708050847457626986e+01
2.434939971751412457e+01 6.158386299435028377e+01 5.696963276836158485e+01
2.411352401129943601e+01 6.122298728813559165e+01 5.662782485875705873e+01
2.430278954802259861e+01 6.159763418079096198e+01 5.692690677966101731e+01
2.417990819209039444e+01 6.175158898305084421e+01 5.707415254237287883e+01
2.413312146892655363e+01 6.155084745762712117e+01 5.693061440677966090e+01
2.395603813559322148e+01 6.136846751412429057e+01 5.676359463276835982e+01
2.402630649717514189e+01 6.169156073446328037e+01 5.709057203389830448e+01
2.404166666666666785e+01 6.173234463276835982e+01 5.714406779661016600e+01
2.368467514124293771e+01 6.137323446327683740e+01 5.692055084745762628e+01
2.356691384180791005e+01 6.122510593220339103e+01 5.680173022598869892e+01
2.389989406779660897e+01 6.147616525423728717e+01 5.719968220338983400e+01
2.390536723163841870e+01 6.142796610169491345e+01 5.708898305084746028e+01
2.399187853107344637e+01 6.127648305084746028e+01 5.698022598870056754e+01
2.392478813559322148e+01 6.111899717514124575e+01 5.687782485875705873e+01
2.420833333333333215e+01 6.135098870056496878e+01 5.706814971751412457e+01
2.419191384180791005e+01 6.146521892655367481e+01 5.718167372881355703e+01
2.431020480225988578e+01 6.122545903954802071e+01 5.703901836158192395e+01
2.422934322033898269e+01 6.102736581920903802e+01 5.685716807909604853e+01
2.440748587570621453e+01 6.131073446327683740e+01 5.712076271186440835e+01
2.449540960451977512e+01 6.144562146892655363e+01 5.724735169491525255e+01
2.431497175141242906e+01 6.117831920903955023e+01 5.706832627118644297e+01
2.424735169491525255e+01 6.098993644067796538e+01 5.693961864406779938e+01
2.445762711864406924e+01 6.132874293785310726e+01 5.727136299435028377e+01
2.453654661016949134e+01 6.144932909604519722e+01 5.747775423728813848e+01
2.447457627118643941e+01 6.123940677966101731e+01 5.732291666666666430e+01
2.442496468926553632e+01 6.104537429378530788e+01 5.720692090395480278e+01
2.452966101694915224e+01 6.139018361581921113e+01 5.707291666666666430e+01
2.453072033898305193e+01 6.154166666666666430e+01 5.720144774011299660e+01
2.458439265536723184e+01 6.138382768361582009e+01 5.678725282485875425e+01
2.463047316384180618e+01 6.130914548022598609e+01 5.673799435028248439e+01
2.459498587570621453e+01 6.152895480225988933e+01 5.689424435028248439e+01
2.425617937853107264e+01 6.160928672316384080e+01 5.705614406779660897e+01
2.424382062146892736e+01 6.142567090395480278e+01 5.691172316384180618e+01
2.405102401129943601e+01 6.123569915254237372e+01 5.684816384180791005e+01
2.417655367231638408e+01 6.146875000000000000e+01 5.722828389830508655e+01
2.381709039548022488e+01 6.158086158192090664e+01 5.775953389830508655e+01
2.356497175141242906e+01 6.143485169491525255e+01 5.783033192090395147e+01
2.344968220338983045e+01 6.127189265536723184e+01 5.779625706214689274e+01
2.363771186440677852e+01 6.148252118644067821e+01 5.810081214689265749e+01
2.367019774011299305e+01 6.151059322033898269e+01 5.821115819209039444e+01
2.351553672316384080e+01 6.140942796610169552e+01 5.767408192090395147e+01
2.343767655367231484e+01 6.121009887005649830e+01 5.760752118644067821e+01
2.356038135593220417e+01 6.137747175141242906e+01 5.766878531073446368e+01
2.297157485875706229e+01 6.116048728813559165e+01 5.754484463276835982e+01
2.304749293785310726e+01 6.123781779661016600e+01 5.762429378531073354e+01
2.301059322033898269e+01 6.102718926553671963e+01 5.741260593220339103e+01
2.322139830508474745e+01 6.114759887005649830e+01 5.753301553672316260e+01
2.334463276836158130e+01 6.115077683615819382e+01 5.744862288135593076e+01
2.340801553672316260e+01 6.119579802259887202e+01 5.749364406779660897e+01
2.342620056497175085e+01 6.108898305084746028e+01 5.745921610169491345e+01
2.344314971751412457e+01 6.109322033898305193e+01 5.754466807909604853e+01
2.359675141242937713e+01 6.122210451977401391e+01 5.768802966101694807e+01
2.367637711864406924e+01 6.133209745762712117e+01 5.776765536723164018e+01
2.356091101694915224e+01 6.111917372881355703e+01 5.754484463276835982e+01
2.362217514124293771e+01 6.117620056497175085e+01 5.767814265536723184e+01
2.399699858757062287e+01 6.127665960451977156e+01 5.769756355932203462e+01
2.417620056497175085e+01 6.128001412429378547e+01 5.725812146892655363e+01
2.420427259887005533e+01 6.109975282485875425e+01 5.705349576271186152e+01
2.436917372881356059e+01 6.116649011299435301e+01 5.695391949152542566e+01
2.439124293785310726e+01 6.132062146892655363e+01 5.702330508474576476e+01
2.423552259887005533e+01 6.121998587570621453e+01 5.749964689265537032e+01
2.381461864406779583e+01 6.124929378531073354e+01 5.771945621468926646e+01
2.406497175141242906e+01 6.131920903954802071e+01 5.808845338983050510e+01
2.343008474576271283e+01 6.134904661016949490e+01 5.824929378531073354e+01
2.354343220338983045e+01 6.137376412429378547e+01 5.819314971751412457e+01
2.353866525423728717e+01 6.135911016949152241e+01 5.742355225988700340e+01
2.378866525423728717e+01 6.135999293785310726e+01 5.715519067796610386e+01
2.395268361581920757e+01 6.142372881355932179e+01 5.699223163841807605e+01
2.400564971751412457e+01 6.152083333333333570e+01 5.695780367231638763e+01
2.394597457627118686e+01 6.149329096045197929e+01 5.679166666666666430e+01
2.426182909604519722e+01 6.116649011299435301e+01 5.664336158192090664e+01
2.443626412429378547e+01 6.101889124293785471e+01 5.659180790960451901e+01
2.456850282485875780e+01 6.122033898305084421e+01 5.669932909604519722e+01
2.456903248587570587e+01 6.087906073446328037e+01 5.646451271186440835e+01
2.450035310734463323e+01 6.076377118644067821e+01 5.628107344632768161e+01
2.450935734463276816e+01 6.072122175141242906e+01 5.642143361581921113e+01
2.453725282485875780e+01 6.078372175141242906e+01 5.647545903954802071e+01
2.443149717514124220e+01 6.066737288135593076e+01 5.641525423728813848e+01
2.458209745762711762e+01 6.064777542372881669e+01 5.641507768361582009e+01
2.465783898305084776e+01 6.078566384180791005e+01 5.653036723163841515e+01
2.474452683615819382e+01 6.087235169491525255e+01 5.664636299435028377e+01
2.462941384180791005e+01 6.074099576271186152e+01 5.649382062146892736e+01
2.463047316384180618e+01 6.078937146892655363e+01 5.655490819209039444e+01
2.455543785310734606e+01 6.066843220338983400e+01 5.645868644067796538e+01
2.457609463276835982e+01 6.067002118644067821e+01 5.646804378531073354e+01
2.460557909604519722e+01 6.069385593220339103e+01 5.655120056497175085e+01
2.472439971751412457e+01 6.080208333333333570e+01 5.664177259887005533e+01
2.473870056497175085e+01 6.080649717514124575e+01 5.665889830508474745e+01
2.474646892655367125e+01 6.082379943502824915e+01 5.655932203389830448e+01
2.467213983050847403e+01 6.082291666666666430e+01 5.653442796610169552e+01
2.472369350282485811e+01 6.084233757062146708e+01 5.658315677966101731e+01
2.472563559322033910e+01 6.083298022598869892e+01 5.656038135593220062e+01
2.479149011299434946e+01 6.089247881355932179e+01 5.676677259887005533e+01
2.489247881355932179e+01 6.098287429378530788e+01 5.682185734463276816e+01
2.481938559322033910e+01 6.102418785310734251e+01 5.669650423728813848e+01
2.486599576271186507e+01 6.093908898305084421e+01 5.663965395480226306e+01
2.472033898305084776e+01 6.089512711864406924e+01 5.673552259887005533e+01
2.490360169491525255e+01 6.098516949152542566e+01 5.672033898305084421e+01
2.493873587570621453e+01 6.101253531073446368e+01 5.681762005649717651e+01
2.499947033898305193e+01 6.094191384180791005e+01 5.672722457627118331e+01
2.506920903954802426e+01 6.100247175141242906e+01 5.673622881355932179e+01
2.503954802259886847e+01 6.109357344632768161e+01 5.678283898305084421e+01
2.510134180790960556e+01 6.110734463276835982e+01 5.670162429378530788e+01
2.459480932203389969e+01 6.069367937853107264e+01 5.612058615819208995e+01
2.466454802259886847e+01 6.087076271186440835e+01 5.602083333333333570e+01
2.490183615819208995e+01 6.106567796610169552e+01 5.623128531073446368e+01
2.495868644067796538e+01 6.086158192090395147e+01 5.637464689265537032e+01
2.492178672316384080e+01 6.073358050847457434e+01 5.627842514124294127e+01
2.524240819209039444e+01 6.090165960451977156e+01 5.654290254237287883e+01
2.529325564971751561e+01 6.101394774011299660e+01 5.668343926553671963e+01
2.520462570621468856e+01 6.083033192090395147e+01 5.646980932203389614e+01
2.519032485875706229e+01 6.073375706214689274e+01 5.642090395480226306e+01
2.516772598870056399e+01 6.091278248587570943e+01 5.644844632768361237e+01
2.513206214689265394e+01 6.093926553672316260e+01 5.648834745762712117e+01
2.507468220338983045e+01 6.076500706214689274e+01 5.651076977401130108e+01
2.494738700564971623e+01 6.074364406779660897e+01 5.650353107344632519e+01
2.488206214689265394e+01 6.099152542372881669e+01 5.656073446327683740e+01
2.502277542372881314e+01 6.084586864406779938e+01 5.645780367231638763e+01
2.486228813559322148e+01 6.074117231638417991e+01 5.629802259887005533e+01
2.484728107344632875e+01 6.091119350282485811e+01 5.654219632768361237e+01
2.504713983050847403e+01 6.097545903954802071e+01 5.661211158192090664e+01
2.508298022598869892e+01 6.088135593220339103e+01 5.656179378531073354e+01
2.516031073446327682e+01 6.095444915254237372e+01 5.659039548022598609e+01
2.527701271186440835e+01 6.104890536723164018e+01 5.667778954802260216e+01
2.533315677966101731e+01 6.098534604519773694e+01 5.665413135593220062e+01
2.509039548022598964e+01 6.104766949152542566e+01 5.663241525423728717e+01
2.507115112994350170e+01 6.115165960451977156e+01 5.664194915254237372e+01
2.484145480225988578e+01 6.113453389830508655e+01 5.672157485875705873e+01
2.466366525423728717e+01 6.108562853107344637e+01 5.662800141242937713e+01
2.467955508474576121e+01 6.118132062146892736e+01 5.668273305084746028e+01
2.507627118644067821e+01 6.110628531073446368e+01 5.678601694915253972e+01
2.554713983050847403e+01 6.101712570621469212e+01 5.690377824858757094e+01
2.584251412429378547e+01 6.088735875706214529e+01 5.701730225988700340e+01
2.606232344632768516e+01 6.079360875706214529e+01 5.698216807909604853e+01
2.626765536723164018e+01 6.076553672316384080e+01 5.705967514124294127e+01
2.603637005649717651e+01 6.080967514124294127e+01 5.709922316384180618e+01
2.574028954802259861e+01 6.075512005649717651e+01 5.731867937853107264e+01
2.540766242937852937e+01 6.083492231638417991e+01 5.763188559322033910e+01
2.544791666666666785e+01 6.085893361581921113e+01 5.755843926553671963e+01
2.527789548022598964e+01 6.095197740112994467e+01 5.773128531073446368e+01
2.531638418079096198e+01 6.100282485875705873e+01 5.766490112994350170e+01
2.528019067796610031e+01 6.082715395480226306e+01 5.735963983050847759e+01
2.561034604519774049e+01 6.085328389830508655e+01 5.737023305084746028e+01
2.567725988700565054e+01 6.108015536723164018e+01 5.747033898305084421e+01
2.563629943502824915e+01 6.111581920903955023e+01 5.712923728813559165e+01
2.538347457627118686e+01 6.096009887005649830e+01 5.701553672316384080e+01
2.537641242937852937e+01 6.097069209039548099e+01 5.729590395480226306e+01
2.551430084745762628e+01 6.112129237288135641e+01 5.731408898305084421e+01
2.531567796610169552e+01 6.098552259887005533e+01 5.716454802259887202e+01
2.544456214689265394e+01 6.100882768361582009e+01 5.752365819209039444e+01
2.568679378531073354e+01 6.104237288135593076e+01 5.745127118644067821e+01
2.582662429378531144e+01 6.095550847457626986e+01 5.714088983050847759e+01
2.575264830508474745e+01 6.093626412429378547e+01 5.697863700564971623e+01
2.583827683615819382e+01 6.109251412429378547e+01 5.697387005649717651e+01
2.598411016949152597e+01 6.125741525423728717e+01 5.689088983050847759e+01
2.578654661016949134e+01 6.112729519774011067e+01 5.687517655367231839e+01
2.559586864406779583e+01 6.112800141242937713e+01 5.679466807909604853e+01
2.559286723163841870e+01 6.115677966101694807e+01 5.669209039548022844e+01
2.566154661016949134e+01 6.120921610169491345e+01 5.665519067796610386e+01
2.577860169491525255e+01 6.135875706214689274e+01 5.656108757062146708e+01
2.558456920903954668e+01 6.104749293785310726e+01 5.674346751412429057e+01
2.571786723163841870e+01 6.094844632768361237e+01 5.681144067796610386e+01
2.556726694915254328e+01 6.102701271186440835e+01 5.684021892655367481e+01
2.541189971751412457e+01 6.105526129943503122e+01 5.696486581920903802e+01
2.532468220338983045e+01 6.092284604519773694e+01 5.689459745762712117e+01
2.532344632768361592e+01 6.092161016949152241e+01 5.693290960451977156e+01
2.513365112994350170e+01 6.098252118644067821e+01 5.691596045197739784e+01
2.501624293785310726e+01 6.095656779661016600e+01 5.680667372881355703e+01
2.466454802259886847e+01 6.085805084745762628e+01 5.666031073446328037e+01
2.473411016949152597e+01 6.092761299435028377e+01 5.672987288135593076e+01
2.488188559322033910e+01 6.094615112994350170e+01 5.680561440677966090e+01
2.503513418079096198e+01 6.097722457627118331e+01 5.685010593220339103e+01
2.507009180790960556e+01 6.089848163841807605e+01 5.670992231638417991e+01
2.522704802259886847e+01 6.099717514124294127e+01 5.680967514124294127e+01
2.530155367231638408e+01 6.106673728813559165e+01 5.686016949152542566e+01
2.533315677966101731e+01 6.111140536723164018e+01 5.689989406779660897e+01
2.534745762711864359e+01 6.108368644067796538e+01 5.685805084745762628e+01
2.533492231638417991e+01 6.108810028248587543e+01 5.686952683615819382e+01
2.538753531073446368e+01 6.116119350282485811e+01 5.694473870056496878e+01
2.543202683615819382e+01 6.117319915254237372e+01 5.696769067796610386e+01
2.536087570621468856e+01 6.110981638418078887e+01 5.687817796610169552e+01
2.543467514124293771e+01 6.117796610169491345e+01 5.698905367231638763e+01
2.544544491525423879e+01 6.111599576271186152e+01 5.698252118644067821e+01
2.545374293785310726e+01 6.110240112994350170e+01 5.700353107344632519e+01
2.545709745762711762e+01 6.105067090395480278e+01 5.699276129943503122e+01
2.540536723163841870e+01 6.119279661016949490e+01 5.685063559322033910e+01
2.532062146892655363e+01 6.139653954802260216e+01 5.633721751412429057e+01
2.524346751412429413e+01 6.140907485875705873e+01 5.605702683615819382e+01
2.520603813559322148e+01 6.129431497175141175e+01 5.620780367231638763e+01
2.529661016949152597e+01 6.137076271186440835e+01 5.629131355932203462e+01
2.513859463276835982e+01 6.121062853107344637e+01 5.625617937853107264e+01
2.522086864406779583e+01 6.124947033898305193e+01 5.611740819209039444e+01
2.514724576271186507e+01 6.121539548022598609e+01 5.623446327683615920e+01
2.530508474576271283e+01 6.139936440677966090e+01 5.641137005649717651e+01
2.512270480225988578e+01 6.127277542372881669e+01 5.630596751412429057e+01
2.517849576271186507e+01 6.117531779661016600e+01 5.643873587570621453e+01
2.514742231638417991e+01 6.112376412429378547e+01 5.674876412429378547e+01
2.522245762711864359e+01 6.122669491525423524e+01 5.677083333333333570e+01
2.513841807909604498e+01 6.113382768361582009e+01 5.675459039548022844e+01
2.516278248587570587e+01 6.116454802259887202e+01 5.676765536723164018e+01
2.519350282485875780e+01 6.125635593220339103e+01 5.673199152542373014e+01
2.533686440677966090e+01 6.144950564971751561e+01 5.651553672316384080e+01
2.526924435028248439e+01 6.151995056497175085e+01 5.601924435028248439e+01
2.527648305084745672e+01 6.156850282485875425e+01 5.598411016949152241e+01
2.527224576271186507e+01 6.170939265536723184e+01 5.605367231638417991e+01
2.531338276836158130e+01 6.165660310734462968e+01 5.623040254237287883e+01
2.503177966101694807e+01 6.135769774011299660e+01 5.617478813559321793e+01
2.506126412429378547e+01 6.158456920903955023e+01 5.594014830508474745e+01
2.518290960451977512e+01 6.160805084745762628e+01 5.619562146892655363e+01
2.500635593220339103e+01 6.154413841807909336e+01 5.649470338983050510e+01
2.481691384180791005e+01 6.116119350282485811e+01 5.719438559322033910e+01
2.485928672316384080e+01 6.127524717514124575e+01 5.785928672316384080e+01
2.480702683615819382e+01 6.132609463276835982e+01 5.837853107344632519e+01
2.474152542372881314e+01 6.129943502824858825e+01 5.898287429378530788e+01
2.462129237288135641e+01 6.110328389830508655e+01 5.883298022598869892e+01
2.471627824858757094e+01 6.120356638418078887e+01 5.772069209039548099e+01
2.484586864406779583e+01 6.123923022598869892e+01 5.726094632768361237e+01
2.490642655367231484e+01 6.121009887005649830e+01 5.718732344632768161e+01
2.483050847457626986e+01 6.109639830508474745e+01 5.696663135593220062e+01
2.491825564971751561e+01 6.121257062146892736e+01 5.683721751412429057e+01
2.481285310734463323e+01 6.121857344632768161e+01 5.678054378531073354e+01
2.473622881355932179e+01 6.128460451977401391e+01 5.676995056497175085e+01
2.442284604519774049e+01 6.108880649717514189e+01 5.657874293785310726e+01
2.410204802259886847e+01 6.144438559322033910e+01 5.671009887005649830e+01
2.416543079096045332e+01 6.155526129943503122e+01 5.679502118644067821e+01
2.413965395480225951e+01 6.144950564971751561e+01 5.671804378531073354e+01
2.399170197740113153e+01 6.130755649717514189e+01 5.658139124293785471e+01
2.415307203389830448e+01 6.152189265536723184e+01 5.676041666666666430e+01
2.439689265536723184e+01 6.151694915254237372e+01 5.678919491525423524e+01
2.443343926553672318e+01 6.143944209039548099e+01 5.675512005649717651e+01
2.441419491525423879e+01 6.130790960451977156e+01 5.677083333333333570e+01
2.459586864406779583e+01 6.144473870056496878e+01 5.701995056497175085e+01
2.458086158192090309e+01 6.141525423728813848e+01 5.698781779661016600e+01
2.468273305084745672e+01 6.132680084745762628e+01 5.697069209039548099e+01
2.467567090395480278e+01 6.132538841807909336e+01 5.716984463276835982e+01
2.472387005649717651e+01 6.145798022598869892e+01 5.703795903954802071e+01
2.432750706214689274e+01 6.135999293785310726e+01 5.679431497175141175e+01
2.435451977401130108e+01 6.133368644067796538e+01 5.681144067796610386e+01
2.444032485875706229e+01 6.140466101694915579e+01 5.679943502824858825e+01
2.445286016949152597e+01 6.147334039548022844e+01 5.688435734463276816e+01
2.442990819209039444e+01 6.128513418079096198e+01 5.676006355932203462e+01
2.465519067796610031e+01 6.124134887005649830e+01 5.697192796610169552e+01
2.476518361581920757e+01 6.120903954802260216e+01 5.705861581920903802e+01
2.502824858757062287e+01 6.127966101694915579e+01 5.725158898305084421e+01
2.493891242937852937e+01 6.113665254237287883e+01 5.734445621468926646e+01
2.488206214689265394e+01 6.124788135593220062e+01 5.717249293785310726e+01
2.470533192090395502e+01 6.122263418079096198e+01 5.684180790960451901e+01
2.481620762711864359e+01 6.135858050847457434e+01 5.687976694915253972e+01
2.470180084745762628e+01 6.125829802259887202e+01 5.690165960451977156e+01
2.469597457627118686e+01 6.134639830508474745e+01 5.698340395480226306e+01
2.488453389830508300e+01 6.133686440677966090e+01 5.694703389830508655e+01
2.518273305084745672e+01 6.121980932203389614e+01 5.697969632768361237e+01
2.517266949152542210e+01 6.117125706214689274e+01 5.691631355932203462e+01
2.529060734463276816e+01 6.129131355932203462e+01 5.703566384180791005e+01
2.523057909604519722e+01 6.135628531073446368e+01 5.711687853107344637e+01
2.533845338983050866e+01 6.144438559322033910e+01 5.717108050847457434e+01
2.527718926553672318e+01 6.124894067796610386e+01 5.706391242937853292e+01
2.541031073446327682e+01 6.134851694915253972e+01 5.714018361581921113e+01
2.537676553672316260e+01 6.144244350282485811e+01 5.725353107344632519e+01
2.535540254237288238e+01 6.141896186440678207e+01 5.714671610169491345e+01
2.528972457627118686e+01 6.145356638418078887e+01 5.696027542372881669e+01
2.536352401129943601e+01 6.150052966101694807e+01 5.714706920903955023e+01
2.544138418079096198e+01 6.153072033898305193e+01 5.714300847457626986e+01
2.548375706214689274e+01 6.164088983050847759e+01 5.718538135593220062e+01
2.542337570621468856e+01 6.145974576271186152e+01 5.697422316384180618e+01
2.543520480225988578e+01 6.157256355932203462e+01 5.711811440677966090e+01
2.541295903954802426e+01 6.138012005649717651e+01 5.732821327683615920e+01
2.532415254237288238e+01 6.145162429378530788e+01 5.748870056497175085e+01
2.501147598870056399e+01 6.128372175141242906e+01 5.742955508474576476e+01
2.520550847457626986e+01 6.134004237288135641e+01 5.752683615819208995e+01
2.532997881355932179e+01 6.119332627118644297e+01 5.731302966101694807e+01
2.535399011299434946e+01 6.124523305084746028e+01 5.720003531073446368e+01
2.547687146892655363e+01 6.112129237288135641e+01 5.696380649717514189e+01
2.558562853107344637e+01 6.134586864406779938e+01 5.685222457627118331e+01
2.546310028248587543e+01 6.140201271186440835e+01 5.650017655367231839e+01
2.546168785310734606e+01 6.132044491525423524e+01 5.691331214689265749e+01
2.530261299435028377e+01 6.118750000000000000e+01 5.695444915254237372e+01
2.527454096045197574e+01 6.133880649717514189e+01 5.710787429378530788e+01
2.517602401129943601e+01 6.120921610169491345e+01 5.703125000000000000e+01
2.513859463276835982e+01 6.124170197740112798e+01 5.706232344632768161e+01
2.509834039548022488e+01 6.130879237288135641e+01 5.702489406779660897e+01
2.520374293785310726e+01 6.144526836158192395e+01 5.698693502824858825e+01
2.509021892655367125e+01 6.129219632768361237e+01 5.681903248587570943e+01
2.532503531073446368e+01 6.137976694915253972e+01 5.705773305084746028e+01
2.546133474576271283e+01 6.138718220338983400e+01 5.711246468926553632e+01
2.548764124293785471e+01 6.141207627118644297e+01 5.696786723163841515e+01
2.537552966101694807e+01 6.120427259887005533e+01 5.683774717514124575e+01
2.550141242937852937e+01 6.141737288135593076e+01 5.702824858757062287e+01
2.559604519774011422e+01 6.158968926553671963e+01 5.716737288135593076e+01
2.569826977401130108e+01 6.146945621468926646e+01 5.711493644067796538e+01
2.547122175141242906e+01 6.124805790960451901e+01 5.695992231638417991e+01
2.547069209039548099e+01 6.148199152542373014e+01 5.730896892655367481e+01
2.495833333333333215e+01 6.133686440677966090e+01 5.728389830508474745e+01
2.495215395480225951e+01 6.127771892655367481e+01 5.743591101694915579e+01
2.486175847457626986e+01 6.118379237288135641e+01 5.735187146892655363e+01
2.497669491525423879e+01 6.144173728813559165e+01 5.722545903954802071e+01
2.470603813559322148e+01 6.143343926553671963e+01 5.700829802259887202e+01
2.454678672316384080e+01 6.152277542372881669e+01 5.690060028248587543e+01
2.459375000000000000e+01 6.171027542372881669e+01 5.683386299435028377e+01
2.466154661016949134e+01 6.186317090395480278e+01 5.658915960451977156e+01
2.462323446327683740e+01 6.171610169491525255e+01 5.689865819209039444e+01
2.478001412429378547e+01 6.171045197740112798e+01 5.718114406779660897e+01
2.498093220338983045e+01 6.186193502824858825e+01 5.736723163841807605e+01
2.504466807909604498e+01 6.194156073446328037e+01 5.754466807909604853e+01
2.496027542372881314e+01 6.173958333333333570e+01 5.744120762711864359e+01
2.505967514124293771e+01 6.175282485875705873e+01 5.760769774011299660e+01
2.465042372881356059e+01 6.189477401129943246e+01 5.781108757062146708e+01
2.474947033898305193e+01 6.189495056497175085e+01 5.828866525423728717e+01
2.473958333333333215e+01 6.182362288135593076e+01 5.848887711864406924e+01
2.479325564971751561e+01 6.187588276836158485e+01 5.832432909604519722e+01
2.489848163841807960e+01 6.177348163841807605e+01 5.808421610169491345e+01
2.464583333333333215e+01 6.180402542372881669e+01 5.794032485875705873e+01
2.465907485875706229e+01 6.194262005649717651e+01 5.794085451977401391e+01
2.467867231638417991e+01 6.200670903954802071e+01 5.792514124293785471e+01
2.457521186440677852e+01 6.178036723163841515e+01 5.780808615819208995e+01
2.467637711864406924e+01 6.189918785310734251e+01 5.775105932203389614e+01
2.466490112994350170e+01 6.188947740112994467e+01 5.766172316384180618e+01
2.472369350282485811e+01 6.195462570621469212e+01 5.764883474576271283e+01
2.475918079096045332e+01 6.187040960451977156e+01 5.753972457627118331e+01
2.476112288135593076e+01 6.206338276836158485e+01 5.767425847457626986e+01
2.465995762711864359e+01 6.210487288135593076e+01 5.740218926553671963e+01
2.465060028248587543e+01 6.201889124293785471e+01 5.730826271186440835e+01
2.477171610169491700e+01 6.212058615819208995e+01 5.744632768361582009e+01
2.495533192090395502e+01 6.230596751412429057e+01 5.757591807909604853e+01
2.489265536723164018e+01 6.217302259887005533e+01 5.727348163841807605e+01
2.495798022598869892e+01 6.218432203389830448e+01 5.712941384180791005e+01
2.496892655367231484e+01 6.224399717514124575e+01 5.734798728813559165e+01
2.508456920903954668e+01 6.235469632768361237e+01 5.751730225988700340e+01
2.509533898305084776e+01 6.229519774011299660e+01 5.746486581920903802e+01
2.517831920903954668e+01 6.237182203389830448e+01 5.754466807909604853e+01
2.520586158192090309e+01 6.238524011299435301e+01 5.754678672316384080e+01
2.523004943502824915e+01 6.240448446327683740e+01 5.745939265536723184e+01
2.511687853107344637e+01 6.235451977401130108e+01 5.739141949152542566e+01
2.515324858757062287e+01 6.237182203389830448e+01 5.746733757062146708e+01
2.521468926553672318e+01 6.242055084745762628e+01 5.771204096045197929e+01
2.540307203389830448e+01 6.249523305084746028e+01 5.776624293785310726e+01
2.523234463276835982e+01 6.235769774011299660e+01 5.770850988700564699e+01
2.514353813559322148e+01 6.242496468926553632e+01 5.780614406779660897e+01
2.499735169491525255e+01 6.235363700564971623e+01 5.780331920903955023e+01
2.501430084745762628e+01 6.230561440677966090e+01 5.765307203389830448e+01
2.479961158192090309e+01 6.213259180790960556e+01 5.745674435028248439e+01
2.472192796610169552e+01 6.217884887005649830e+01 5.749329096045197929e+01
2.462447033898305193e+01 6.212588276836158485e+01 5.743432203389830448e+01
2.423675847457626986e+01 6.232009180790960556e+01 5.743449858757062287e+01
2.414830508474576121e+01 6.210663841807909336e+01 5.730084745762712117e+01
2.433845338983050866e+01 6.211034604519773694e+01 5.732574152542373014e+01
2.453742937853107264e+01 6.214795197740112798e+01 5.739742231638417991e+01
2.470850988700565054e+01 6.212129237288135641e+01 5.743361581920903802e+01
2.469544491525423879e+01 6.213153248587570943e+01 5.747351694915253972e+01
2.487835451977401036e+01 6.218132062146892736e+01 5.756055790960451901e+01
2.496786723163841870e+01 6.232026836158192395e+01 5.762782485875705873e+01
2.508898305084745672e+01 6.232203389830508655e+01 5.759286723163841515e+01
2.513788841807909691e+01 6.237588276836158485e+01 5.740307203389830448e+01
2.539848163841807960e+01 6.225088276836158485e+01 5.747510593220339103e+01
2.534004237288135641e+01 6.243855932203389614e+01 5.728177966101694807e+01
2.545886299435028377e+01 6.247616525423728717e+01 5.748534604519773694e+01
2.544085451977401036e+01 6.242284604519773694e+01 5.737906073446328037e+01
2.546716101694915224e+01 6.237005649717514189e+01 5.741101694915253972e+01
2.545215395480225951e+01 6.241931497175141175e+01 5.747157485875705873e+01
2.548658192090395502e+01 6.247740112994350170e+01 5.747104519774011067e+01
2.541596045197740139e+01 6.250706214689265749e+01 5.725670903954802071e+01
2.551271186440677852e+01 6.258474576271186152e+01 5.720621468926553632e+01
2.565766242937852937e+01 6.258492231638417991e+01 5.728336864406779938e+01
2.555826271186440835e+01 6.260346045197739784e+01 5.733933615819208995e+01
2.557344632768361592e+01 6.241666666666666430e+01 5.750000000000000000e+01
2.563647598870056399e+01 6.253725282485875425e+01 5.749735169491525255e+01
2.551182909604519722e+01 6.266331214689265749e+01 5.751394774011299660e+01
2.522651836158192040e+01 6.262976694915253972e+01 5.747669491525423524e+01
2.501553672316384080e+01 6.258580508474576476e+01 5.755826271186440835e+01
2.507344632768361592e+01 6.264865819209039444e+01 5.764477401129943246e+01
2.519897598870056399e+01 6.267814265536723184e+01 5.755561440677966090e+01
2.545356638418079243e+01 6.274593926553671963e+01 5.692443502824858825e+01
2.539000706214689274e+01 6.281938559322033910e+01 5.700211864406779938e+01
2.547475282485875780e+01 6.282079802259887202e+01 5.689512711864406924e+01
2.546045197740113153e+01 6.264901129943503122e+01 5.694826977401130108e+01
2.528778248587570587e+01 6.247210451977401391e+01 5.691401836158192395e+01
2.519491525423728717e+01 6.254555084745762628e+01 5.717161016949152241e+01
2.490501412429378547e+01 6.253601694915253972e+01 5.777083333333333570e+01
2.477012711864406924e+01 6.235028248587570943e+01 5.764936440677966090e+01
2.483862994350282349e+01 6.242655367231638763e+01 5.780614406779660897e+01
2.465925141242937713e+01 6.231391242937853292e+01 5.758615819209039444e+01
2.473375706214689274e+01 6.232238700564971623e+01 5.765112994350282349e+01
2.479837570621468856e+01 6.236511299435028377e+01 5.773093220338983400e+01
2.487500000000000000e+01 6.243361581920903802e+01 5.783651129943503122e+01
2.469297316384180618e+01 6.232009180790960556e+01 5.783810028248587543e+01
2.471468926553672318e+01 6.237500000000000000e+01 5.769173728813559165e+01
2.453442796610169552e+01 6.219968220338983400e+01 5.751147598870056754e+01
2.461899717514124220e+01 6.233227401129943246e+01 5.750988700564971623e+01
2.453230932203389969e+01 6.233810028248587543e+01 5.735999293785310726e+01
2.452383474576271283e+01 6.232962570621469212e+01 5.737941384180791005e+01
2.431991525423728717e+01 6.235593220338983400e+01 5.726483050847457434e+01
2.448481638418079243e+01 6.239088983050847759e+01 5.759110169491525255e+01
2.447687146892655363e+01 6.244509180790960556e+01 5.754608050847457434e+01
2.445833333333333215e+01 6.244314971751412457e+01 5.760275423728813848e+01
2.447492937853107264e+01 6.239336158192090664e+01 5.769279661016949490e+01
2.494138418079096198e+01 6.250812146892655363e+01 5.763594632768361237e+01
2.509251412429378547e+01 6.258439265536723184e+01 5.760451977401130108e+01
2.532485875706214529e+01 6.254872881355932179e+01 5.769014830508474745e+01
2.530296610169491700e+01 6.244668079096044977e+01 5.769226694915253972e+01
2.549858757062147063e+01 6.236811440677966090e+01 5.768167372881355703e+01
2.548181497175141175e+01 6.253283898305084421e+01 5.740007062146892736e+01
2.525564971751412457e+01 6.255296610169491345e+01 5.738912429378530788e+01
2.522210451977401036e+01 6.252436440677966090e+01 5.722210451977401391e+01
2.529184322033898269e+01 6.282397598870056754e+01 5.694774011299435301e+01
2.532627118644067821e+01 6.266631355932203462e+01 5.695391949152542566e+01
2.517584745762711762e+01 6.240572033898305193e+01 5.704078389830508655e+01
2.504590395480225951e+01 6.222704802259887202e+01 5.719826977401130108e+01
2.516101694915254328e+01 6.228884180790960556e+01 5.726571327683615920e+01
2.506267655367231484e+01 6.220956920903955023e+01 5.721963276836158485e+01
2.490183615819208995e+01 6.224435028248587543e+01 5.703160310734462968e+01
2.489106638418079243e+01 6.227171610169491345e+01 5.705190677966101731e+01
2.489053672316384080e+01 6.230932203389830448e+01 5.705067090395480278e+01
2.477612994350282349e+01 6.233192090395480278e+01 5.675759180790960556e+01
2.449540960451977512e+01 6.215289548022598609e+01 5.686740819209039444e+01
2.456126412429378547e+01 6.205808615819208995e+01 5.704343220338983400e+01
2.479007768361582009e+01 6.201783192090395147e+01 5.693608757062146708e+01
2.505932203389830448e+01 6.214936440677966090e+01 5.686493644067796538e+01
2.544103107344632875e+01 6.196327683615819382e+01 5.708598163841807605e+01
2.551659604519774049e+01 6.198870056497175085e+01 5.698287429378530788e+01
2.561246468926553632e+01 6.198181497175141175e+01 5.712764830508474745e+01
2.564141949152542210e+01 6.218026129943503122e+01 5.719367937853107264e+01
2.561334745762711762e+01 6.233298022598869892e+01 5.683015536723164018e+01
2.556656073446327682e+01 6.220639124293785471e+01 5.678160310734462968e+01
2.556779661016949134e+01 6.233545197740112798e+01 5.683651129943503122e+01
2.556762005649717651e+01 6.246557203389830448e+01 5.666507768361582009e+01
2.548093220338983045e+01 6.230049435028248439e+01 5.685646186440678207e+01
2.502295197740113153e+01 6.217019774011299660e+01 5.717002118644067821e+01
2.470868644067796538e+01 6.219703389830508655e+01 5.723040254237287883e+01
2.467019774011299305e+01 6.221998587570621453e+01 5.724417372881355703e+01
2.472616525423728717e+01 6.213682909604519722e+01 5.725494350282485811e+01
2.476041666666666785e+01 6.212447033898305193e+01 5.729237288135593076e+01
2.465236581920903802e+01 6.220568502824858825e+01 5.736723163841807605e+01
2.462500000000000000e+01 6.228990112994350170e+01 5.740766242937853292e+01
2.457962570621468856e+01 6.220356638418078887e+01 5.740642655367231839e+01
2.457556497175141175e+01 6.215572033898305193e+01 5.744862288135593076e+01
2.460911016949152597e+01 6.208757062146892736e+01 5.749099576271186152e+01
2.477860169491525255e+01 6.206355932203389614e+01 5.752277542372881669e+01
2.518114406779660897e+01 6.190572033898305193e+01 5.741772598870056754e+01
2.544226694915254328e+01 6.192178672316384080e+01 5.748887711864406924e+01
2.558986581920903802e+01 6.187235169491525255e+01 5.752913135593220062e+01
2.564159604519774049e+01 6.187323446327683740e+01 5.751447740112994467e+01
2.567867231638417991e+01 6.170974576271186152e+01 5.734180790960451901e+01
2.574735169491525255e+01 6.173110875706214529e+01 5.741754943502824915e+01
2.568679378531073354e+01 6.170303672316384080e+01 5.725706214689265749e+01
2.570780367231638408e+01 6.154819915254237372e+01 5.718697033898305193e+01
2.563329802259886847e+01 6.171945621468926646e+01 5.711528954802260216e+01
2.578442796610169552e+01 6.214000706214689274e+01 5.683280367231638763e+01
2.579643361581920757e+01 6.210628531073446368e+01 5.695462570621469212e+01
2.579943502824858825e+01 6.194615112994350170e+01 5.722245762711864359e+01
2.577895480225988578e+01 6.187482344632768161e+01 5.730296610169491345e+01
2.593061440677966090e+01 6.205049435028248439e+01 5.699487994350282349e+01
2.598499293785310726e+01 6.204555084745762628e+01 5.723004943502824915e+01
2.586581920903954668e+01 6.228760593220339103e+01 5.701588983050847759e+01
2.587093926553672318e+01 6.228213276836158485e+01 5.700547316384180618e+01
2.581497175141242906e+01 6.222881355932203462e+01 5.703177966101694807e+01
2.596204096045197574e+01 6.230632062146892736e+01 5.697828389830508655e+01
2.601659604519774049e+01 6.264071327683615920e+01 5.652401129943503122e+01
2.609445621468926646e+01 6.272563559322033910e+01 5.633280367231638763e+01
2.621186440677966090e+01 6.297616525423728717e+01 5.616278248587570943e+01
2.630508474576271283e+01 6.310540254237287883e+01 5.614795197740112798e+01
2.613365112994350170e+01 6.290677966101694807e+01 5.634869350282485811e+01
2.591596045197740139e+01 6.285363700564971623e+01 5.651165254237287883e+01
2.597122175141242906e+01 6.284533898305084421e+01 5.697793079096044977e+01
2.572439971751412457e+01 6.262923728813559165e+01 5.738930084745762628e+01
2.573358050847457790e+01 6.253919491525423524e+01 5.738435734463276816e+01
2.572916666666666785e+01 6.247263418079096198e+01 5.750988700564971623e+01
2.626871468926553632e+01 6.253072033898305193e+01 5.764865819209039444e+01
2.629290254237288238e+01 6.248181497175141175e+01 5.778019067796610386e+01
2.625953389830508300e+01 6.244844632768361237e+01 5.776942090395480278e+01
2.626465395480225951e+01 6.239530367231638763e+01 5.776430084745762628e+01
2.604572740112994467e+01 6.234904661016949490e+01 5.769509180790960556e+01
2.586052259887005533e+01 6.226024011299435301e+01 5.771433615819208995e+01
2.584639830508474745e+01 6.222563559322033910e+01 5.798411016949152241e+01
2.569879943502824915e+01 6.222987288135593076e+01 5.800247175141242906e+01
2.567514124293785471e+01 6.207627118644067821e+01 5.775847457627118331e+01
2.569897598870056399e+01 6.214177259887005533e+01 5.762411723163841515e+01
2.575847457627118686e+01 6.219985875706214529e+01 5.767408192090395147e+01
2.582591807909604498e+01 6.209498587570621453e+01 5.756214689265537032e+01
2.596521892655367125e+01 6.220180084745762628e+01 5.767037429378530788e+01
2.589918785310734606e+01 6.213223870056496878e+01 5.766931497175141175e+01
2.566454802259886847e+01 6.232697740112994467e+01 5.757379943502824915e+01
2.553372175141242906e+01 6.233456920903955023e+01 5.724540960451977156e+01
2.566701977401130108e+01 6.271574858757062287e+01 5.669579802259887202e+01
2.540430790960451901e+01 6.298128531073446368e+01 5.615625000000000000e+01
2.550300141242937713e+01 6.296239406779660897e+01 5.600794491525423524e+01
2.569191384180791005e+01 6.266649011299435301e+01 5.686528954802260216e+01
2.578707627118643941e+01 6.254978813559321793e+01 5.738135593220339103e+01
2.586387711864406924e+01 6.224170197740112798e+01 5.741860875706214529e+01
2.579978813559322148e+01 6.228707627118644297e+01 5.741807909604519722e+01
2.578319209039548099e+01 6.226024011299435301e+01 5.749470338983050510e+01
2.567796610169491700e+01 6.231850282485875425e+01 5.749170197740112798e+01
2.530455508474576121e+01 6.231973870056496878e+01 5.742372881355932179e+01
2.535522598870056399e+01 6.273870056497175085e+01 5.666684322033898269e+01
2.535363700564971623e+01 6.281232344632768161e+01 5.675670903954802071e+01
2.534657485875706229e+01 6.262217514124294127e+01 5.710699152542373014e+01
2.555932203389830448e+01 6.234410310734462968e+01 5.711405367231638763e+01
2.611917372881356059e+01 6.227612994350282349e+01 5.719156073446328037e+01
2.614177259887005533e+01 6.233757062146892736e+01 5.707503531073446368e+01
2.596857344632768516e+01 6.241084039548022844e+01 5.708545197740112798e+01
2.589495056497175085e+01 6.220233050847457434e+01 5.705773305084746028e+01
2.591772598870056399e+01 6.218626412429378547e+01 5.717514124293785471e+01
2.539936440677966090e+01 6.224152542372881669e+01 5.718679378531073354e+01
2.524329096045197574e+01 6.221045197740112798e+01 5.723552259887005533e+01
2.514901129943502767e+01 6.207097457627118331e+01 5.715077683615819382e+01
2.530384887005649830e+01 6.207185734463276816e+01 5.720109463276835982e+01
2.526765536723164018e+01 6.207556497175141175e+01 5.711634887005649830e+01
2.575776836158192040e+01 6.212323446327683740e+01 5.720621468926553632e+01
2.595250706214689274e+01 6.193237994350282349e+01 5.717178672316384080e+01
2.616454802259886847e+01 6.191807909604519722e+01 5.726235875706214529e+01
2.599435028248587543e+01 6.179661016949152241e+01 5.715572033898305193e+01
2.603478107344632875e+01 6.181161723163841515e+01 5.719615112994350170e+01
2.582150423728813493e+01 6.165060028248587543e+01 5.702030367231638763e+01
2.583757062146892736e+01 6.178672316384180618e+01 5.716384180790960556e+01
2.574841101694915224e+01 6.187552966101694807e+01 5.745815677966101731e+01
2.565501412429378547e+01 6.194385593220339103e+01 5.731461864406779938e+01
2.555949858757062287e+01 6.193802966101694807e+01 5.720639124293785471e+01
2.592884887005649830e+01 6.200123587570621453e+01 5.719826977401130108e+01
2.588259180790960556e+01 6.217567090395480278e+01 5.673534604519773694e+01
2.606867937853107264e+01 6.207768361581921113e+01 5.707997881355932179e+01
2.610081214689265394e+01 6.202683615819208995e+01 5.717355225988700340e+01
2.595886299435028377e+01 6.217302259887005533e+01 5.691719632768361237e+01
2.590430790960451901e+01 6.206726694915253972e+01 5.697916666666666430e+01
2.589530367231638408e+01 6.210063559322033910e+01 5.701889124293785471e+01
2.550229519774011422e+01 6.181867937853107264e+01 5.676500706214689274e+01
2.550158898305084776e+01 6.173605225988700340e+01 5.693520480225988933e+01
2.573958333333333215e+01 6.178760593220339103e+01 5.703195621468926646e+01
2.602754237288135641e+01 6.172951977401130108e+01 5.700105932203389614e+01
2.609198446327683740e+01 6.161069915254237372e+01 5.696380649717514189e+01
2.624399717514124220e+01 6.157344632768361237e+01 5.706320621468926646e+01
2.638965395480225951e+01 6.135822740112994467e+01 5.703336864406779938e+01
2.594703389830508300e+01 6.165889830508474745e+01 5.705261299435028377e+01
2.568555790960451901e+01 6.158386299435028377e+01 5.680314265536723184e+01
2.581197033898305193e+01 6.170427259887005533e+01 5.694156073446328037e+01
2.558068502824858825e+01 6.181973870056496878e+01 5.670921610169491345e+01
2.564618644067796538e+01 6.182591807909604853e+01 5.674929378531073354e+01
2.542514124293785471e+01 6.161193502824858825e+01 5.663206214689265749e+01
2.557362288135593076e+01 6.166260593220339103e+01 5.687517655367231839e+01
2.560540254237288238e+01 6.158951271186440835e+01 5.698463983050847759e+01
2.564706920903954668e+01 6.155031779661016600e+01 5.692178672316384080e+01
2.555173022598869892e+01 6.145674435028248439e+01 5.685116525423728717e+01
2.574735169491525255e+01 6.192602401129943246e+01 5.683033192090395147e+01
2.562376412429378547e+01 6.201500706214689274e+01 5.650476694915253972e+01
2.561387711864406924e+01 6.190342514124294127e+01 5.634092514124294127e+01
2.559480932203389969e+01 6.179466807909604853e+01 5.651182909604519722e+01
2.570038841807909691e+01 6.213859463276835982e+01 5.642319915254237372e+01
2.554378531073446368e+01 6.205649717514124575e+01 5.616137005649717651e+01
2.558227401129943601e+01 6.201977401129943246e+01 5.606709039548022844e+01
2.566295903954802426e+01 6.233280367231638763e+01 5.595250706214689274e+01
2.585752118644067821e+01 6.256285310734462968e+01 5.588788841807909336e+01
2.567884887005649830e+01 6.217443502824858825e+01 5.559516242937853292e+01
2.573252118644067821e+01 6.218114406779660897e+01 5.575264830508474745e+01
2.569809322033898269e+01 6.175741525423728717e+01 5.686193502824858825e+01
2.567902542372881314e+01 6.168608757062146708e+01 5.696045197740112798e+01
2.547069209039548099e+01 6.138276836158192395e+01 5.686052259887005533e+01
2.552206920903954668e+01 6.164071327683615920e+01 5.705031779661016600e+01
2.545939265536723184e+01 6.166490112994350170e+01 5.720798022598869892e+01
2.542937853107344637e+01 6.156461864406779938e+01 5.673446327683615920e+01
2.529643361581920757e+01 6.133668785310734251e+01 5.660187146892655363e+01
2.528389830508474745e+01 6.161581920903955023e+01 5.686016949152542566e+01
2.528142655367231484e+01 6.183298022598869892e+01 5.662217514124294127e+01
2.555084745762711762e+01 6.160805084745762628e+01 5.679272598870056754e+01
2.549770480225988578e+01 6.145568502824858825e+01 5.671521892655367481e+01
2.580914548022598964e+01 6.165095338983050510e+01 5.699099576271186152e+01
2.568979519774011422e+01 6.145180084745762628e+01 5.684657485875705873e+01
2.591366525423728717e+01 6.132432909604519722e+01 5.666860875706214529e+01
2.579713983050847403e+01 6.128442796610169552e+01 5.684516242937853292e+01
2.589106638418079243e+01 6.148993644067796538e+01 5.698004943502824915e+01
2.571910310734463323e+01 6.140236581920903802e+01 5.701818502824858825e+01
2.555967514124293771e+01 6.124470338983050510e+01 5.681638418079096198e+01
2.541419491525423879e+01 6.141137005649717651e+01 5.694350282485875425e+01
2.554872881355932179e+01 6.170656779661016600e+01 5.697281073446328037e+01
2.524205508474576121e+01 6.144085451977401391e+01 5.679466807909604853e+01
2.538506355932203462e+01 6.142708333333333570e+01 5.682432909604519722e+01
2.544473870056497233e+01 6.158103813559321793e+01 5.688788841807909336e+01
2.547545903954802426e+01 6.165060028248587543e+01 5.694262005649717651e+01
2.572828389830508300e+01 6.110081214689265749e+01 5.671663135593220062e+01
2.585010593220339103e+01 6.131973870056496878e+01 5.665695621468926646e+01
2.581673728813559165e+01 6.139230225988700340e+01 5.684816384180791005e+01
2.599452683615819382e+01 6.124487994350282349e+01 5.683880649717514189e+01
2.588047316384180618e+01 6.103407485875705873e+01 5.669650423728813848e+01
2.600406073446327682e+01 6.138435734463276816e+01 5.678619350282485811e+01
2.556002824858757094e+01 6.146610169491525255e+01 5.612500000000000000e+01
2.542708333333333215e+01 6.139088983050847759e+01 5.609516242937853292e+01
2.513418079096045332e+01 6.149152542372881669e+01 5.582485875706214529e+01
2.527348163841807960e+01 6.184339689265537032e+01 5.575229519774011067e+01
2.525794491525423879e+01 6.179113700564971623e+01 5.581020480225988933e+01
2.527507062146892736e+01 6.155473163841807605e+01 5.608439265536723184e+01
2.528972457627118686e+01 6.151959745762712117e+01 5.624593926553671963e+01
2.538965395480225951e+01 6.161952683615819382e+01 5.634586864406779938e+01
2.530190677966101731e+01 6.141878531073446368e+01 5.621115819209039444e+01
2.544420903954802426e+01 6.158015536723164018e+01 5.624858757062146708e+01
2.528125000000000000e+01 6.158386299435028377e+01 5.623534604519773694e+01
2.529502118644067821e+01 6.161317090395480278e+01 5.626747881355932179e+01
2.519774011299434946e+01 6.152718926553671963e+01 5.617231638418078887e+01
2.524399717514124220e+01 6.146009887005649830e+01 5.642408192090395147e+01
2.509939971751412457e+01 6.133615819209039444e+01 5.627206920903955023e+01
2.530120056497175085e+01 6.149276129943503122e+01 5.628742937853107264e+01
2.516225282485875780e+01 6.143573446327683740e+01 5.633774717514124575e+01
2.531673728813559165e+01 6.146062853107344637e+01 5.639653954802260216e+01
2.523781779661016955e+01 6.140289548022598609e+01 5.639459745762712117e+01
2.497881355932203462e+01 6.173305084745762628e+01 5.597704802259887202e+01
2.477718926553672318e+01 6.166066384180791005e+01 5.568432203389830448e+01
2.487588276836158130e+01 6.172828389830508655e+01 5.584798728813559165e+01
2.490536723163841870e+01 6.159639830508474745e+01 5.574876412429378547e+01
2.485204802259886847e+01 6.161793785310734251e+01 5.571592514124294127e+01
2.495144774011299305e+01 6.134904661016949490e+01 5.592355225988700340e+01
2.525353107344632875e+01 6.119385593220339103e+01 5.617478813559321793e+01
2.543520480225988578e+01 6.108810028248587543e+01 5.633033192090395147e+01
2.548870056497175085e+01 6.114159604519773694e+01 5.638382768361582009e+01
2.555967514124293771e+01 6.098234463276835982e+01 5.636793785310734251e+01
2.550776836158192040e+01 6.124823446327683740e+01 5.640819209039548099e+01
2.529413841807909691e+01 6.127895480225988933e+01 5.623658192090395147e+01
2.506126412429378547e+01 6.120250706214689274e+01 5.626924435028248439e+01
2.460593220338983045e+01 6.106991525423728717e+01 5.608968926553671963e+01
2.475229519774011422e+01 6.133527542372881669e+01 5.622051553672316260e+01
2.467637711864406924e+01 6.118591101694915579e+01 5.614036016949152241e+01
2.470833333333333215e+01 6.141807909604519722e+01 5.551977401129943246e+01
2.471786723163841870e+01 6.138064971751412457e+01 5.551200564971751561e+01
2.486793785310734606e+01 6.164053672316384080e+01 5.573199152542373014e+01
2.477083333333333215e+01 6.156814971751412457e+01 5.566949152542373014e+01
2.487959039548022488e+01 6.129413841807909336e+01 5.592584745762712117e+01
2.492266949152542210e+01 6.135451977401130108e+01 5.609887005649717651e+01
2.507662429378531144e+01 6.142055084745762628e+01 5.638912429378530788e+01
2.494067796610169552e+01 6.117372881355932179e+01 5.637676553672316260e+01
2.498764124293785471e+01 6.125776836158192395e+01 5.649223163841807605e+01
2.509304378531073354e+01 6.131514830508474745e+01 5.663541666666666430e+01
2.521539548022598964e+01 6.143644067796610386e+01 5.662429378531073354e+01
2.517955508474576121e+01 6.131797316384180618e+01 5.661811440677966090e+01
2.527436440677966090e+01 6.126518361581921113e+01 5.666207627118644297e+01
2.521733757062147063e+01 6.117602401129943246e+01 5.663435734463276816e+01
2.521733757062147063e+01 6.131691384180791005e+01 5.666754943502824915e+01
2.495815677966101731e+01 6.108915960451977156e+01 5.640695621468926646e+01
2.501341807909604498e+01 6.104661016949152241e+01 5.643467514124294127e+01
2.488718220338983045e+01 6.097439971751412457e+01 5.621927966101694807e+01
2.474081920903954668e+01 6.125635593220339103e+01 5.634021892655367481e+01
2.488365112994350170e+01 6.109092514124294127e+01 5.630278954802260216e+01
2.525935734463276816e+01 6.093979519774011067e+01 5.633668785310734251e+01
2.533527542372881314e+01 6.101677259887005533e+01 5.628478107344632519e+01
2.554855225988700695e+01 6.115942796610169552e+01 5.635469632768361237e+01
2.553301553672316260e+01 6.096451271186440835e+01 5.635893361581921113e+01
2.551906779661016955e+01 6.092690677966101731e+01 5.650423728813559165e+01
2.544632768361582009e+01 6.104802259887005533e+01 5.663418079096044977e+01
2.546627824858757094e+01 6.100547316384180618e+01 5.674452683615819382e+01
2.527877824858757094e+01 6.088153248587570943e+01 5.689036016949152241e+01
2.549664548022598964e+01 6.087341101694915579e+01 5.695003531073446368e+01
2.530225988700565054e+01 6.108015536723164018e+01 5.693079096045197929e+01
2.519685734463276816e+01 6.117814265536723184e+01 5.660469632768361237e+01
2.507397598870056399e+01 6.145674435028248439e+01 5.601959745762712117e+01
2.506038135593220417e+01 6.152789548022598609e+01 5.615007062146892736e+01
2.503125000000000000e+01 6.146980932203389614e+01 5.613859463276835982e+01
2.511511299435028377e+01 6.147916666666666430e+01 5.635275423728813848e+01
2.503531073446327682e+01 6.135981638418078887e+01 5.635911016949152241e+01
2.501889124293785471e+01 6.128089689265537032e+01 5.650900423728813848e+01
2.480667372881356059e+01 6.129184322033898269e+01 5.663506355932203462e+01
2.493714689265536677e+01 6.134145480225988933e+01 5.669262005649717651e+01
2.486670197740113153e+01 6.138047316384180618e+01 5.635487288135593076e+01
2.494403248587570587e+01 6.143273305084746028e+01 5.637817796610169552e+01
2.486528954802259861e+01 6.153584039548022844e+01 5.631426553672316260e+01
2.487270480225988578e+01 6.151359463276835982e+01 5.637888418079096198e+01
2.488912429378531144e+01 6.139018361581921113e+01 5.617990819209039444e+01
2.476112288135593076e+01 6.135187146892655363e+01 5.639795197740112798e+01
2.402295197740113153e+01 6.131214689265537032e+01 5.655173022598869892e+01
2.356320621468926646e+01 6.128072033898305193e+01 5.647122175141242906e+01
2.350512005649717651e+01 6.117319915254237372e+01 5.648305084745762628e+01
2.371998587570621453e+01 6.137217514124294127e+01 5.666631355932203462e+01
2.409586864406779583e+01 6.123252118644067821e+01 5.652524717514124575e+01
2.435875706214689274e+01 6.112252824858757094e+01 5.650918079096044977e+01
2.455561440677966090e+01 6.110187146892655363e+01 5.655490819209039444e+01
2.470497881355932179e+01 6.125547316384180618e+01 5.670144774011299660e+01
2.472139830508474745e+01 6.123799435028248439e+01 5.668573446327683740e+01
2.463047316384180618e+01 6.116189971751412457e+01 5.657221045197739784e+01
2.471045197740113153e+01 6.112217514124294127e+01 5.662464689265537032e+01
2.490466101694915224e+01 6.143185028248587543e+01 5.698269774011299660e+01
2.478619350282485811e+01 6.123040254237287883e+01 5.677948446327683740e+01
2.474452683615819382e+01 6.104396186440678207e+01 5.667496468926553632e+01
2.495780367231638408e+01 6.123923022598869892e+01 5.681444209039548099e+01
2.513294491525423879e+01 6.143202683615819382e+01 5.698075564971751561e+01
2.506867937853107264e+01 6.128160310734462968e+01 5.688329802259887202e+01
2.511069915254237372e+01 6.121733757062146708e+01 5.700123587570621453e+01
2.529572740112994467e+01 6.140413135593220062e+01 5.730773305084746028e+01
2.542178672316384080e+01 6.161493644067796538e+01 5.726076977401130108e+01
2.525670903954802426e+01 6.141101694915253972e+01 5.638594632768361237e+01
2.529837570621468856e+01 6.141701977401130108e+01 5.636511299435028377e+01
2.519262005649717651e+01 6.180137711864406924e+01 5.630914548022598609e+01
2.531461864406779583e+01 6.198305084745762628e+01 5.624399717514124575e+01
2.500459039548022488e+01 6.135275423728813848e+01 5.683933615819208995e+01
2.503001412429378547e+01 6.133439265536723184e+01 5.692549435028248439e+01
2.516013418079096198e+01 6.148428672316384080e+01 5.735610875706214529e+01
2.515007062146892736e+01 6.146115819209039444e+01 5.729096045197739784e+01
2.497987288135593076e+01 6.125247175141242906e+01 5.711370056497175085e+01
2.505861581920903802e+01 6.130967514124294127e+01 5.719314971751412457e+01
2.509781073446327682e+01 6.143926553672316260e+01 5.717019774011299660e+01
2.516843220338983045e+01 6.143008474576271283e+01 5.719209039548022844e+01
2.497563559322033910e+01 6.109675141242937713e+01 5.717549435028248439e+01
2.512605932203389969e+01 6.117655367231638763e+01 5.720021186440678207e+01
2.506073446327683740e+01 6.132203389830508655e+01 5.701906779661016600e+01
2.503478107344632875e+01 6.126500706214689274e+01 5.658562853107344637e+01
2.501394774011299305e+01 6.119438559322033910e+01 5.618591101694915579e+01
2.524788135593220417e+01 6.162005649717514189e+01 5.614936440677966090e+01
2.535840395480225951e+01 6.182344632768361237e+01 5.621186440677966090e+01
2.531726694915254328e+01 6.150370762711864359e+01 5.628301553672316260e+01
2.523269774011299305e+01 6.133192090395480278e+01 5.617867231638417991e+01
2.550247175141242906e+01 6.180826271186440835e+01 5.648870056497175085e+01
2.478213276836158130e+01 6.147563559322033910e+01 5.701483050847457434e+01
2.469067796610169552e+01 6.115112994350282349e+01 5.677789548022598609e+01
2.474964689265536677e+01 6.121009887005649830e+01 5.683686440677966090e+01
2.503160310734463323e+01 6.164954096045197929e+01 5.722545903954802071e+01
2.503848870056497233e+01 6.158298022598869892e+01 5.721327683615819382e+01
2.481938559322033910e+01 6.115060028248587543e+01 5.711987994350282349e+01
2.502630649717514189e+01 6.142602401129943246e+01 5.735928672316384080e+01
2.532644774011299305e+01 6.189212570621469212e+01 5.773781779661016600e+01
2.522387005649717651e+01 6.164901129943503122e+01 5.754413841807909336e+01
2.504431497175141175e+01 6.133915960451977156e+01 5.736917372881355703e+01
2.527295197740113153e+01 6.166207627118644297e+01 5.755861581920903802e+01
2.545692090395480278e+01 6.192019774011299660e+01 5.777012711864406924e+01
2.525582627118643941e+01 6.154890536723164018e+01 5.756197033898305193e+01
2.520162429378531144e+01 6.141596045197739784e+01 5.749046610169491345e+01
2.523781779661016955e+01 6.156973870056496878e+01 5.748746468926553632e+01
2.534233757062147063e+01 6.167425847457626986e+01 5.757362288135593076e+01
2.494721045197740139e+01 6.139177259887005533e+01 5.729961158192090664e+01
2.495109463276835982e+01 6.153548728813559165e+01 5.735999293785310726e+01
2.476359463276835982e+01 6.172828389830508655e+01 5.724611581920903802e+01
2.478637005649717651e+01 6.174823446327683740e+01 5.726677259887005533e+01
2.455084745762711762e+01 6.144067796610169552e+01 5.709269067796610386e+01
2.469314971751412457e+01 6.166490112994350170e+01 5.725158898305084421e+01
2.465854519774011422e+01 6.174187853107344637e+01 5.729943502824858825e+01
2.470497881355932179e+01 6.168944209039548099e+01 5.731832627118644297e+01
2.464353813559322148e+01 6.143061440677966090e+01 5.729307909604519722e+01
2.475582627118643941e+01 6.163188559322033910e+01 5.744032485875705873e+01
2.475829802259886847e+01 6.172581214689265749e+01 5.742814265536723184e+01
2.480914548022598964e+01 6.149699858757062287e+01 5.725158898305084421e+01
2.471663135593220417e+01 6.134445621468926646e+01 5.677630649717514189e+01
2.487341101694915224e+01 6.174593926553671963e+01 5.667108050847457434e+01
2.500582627118643941e+01 6.205773305084746028e+01 5.658103813559321793e+01
2.489247881355932179e+01 6.185222457627118331e+01 5.641295903954802071e+01
2.487058615819208995e+01 6.162305790960451901e+01 5.650300141242937713e+01
2.501094632768361592e+01 6.182274011299435301e+01 5.687641242937853292e+01
2.505614406779660897e+01 6.175953389830508655e+01 5.715466101694915579e+01
2.491843220338983045e+01 6.140042372881355703e+01 5.701483050847457434e+01
2.494332627118643941e+01 6.132256355932203462e+01 5.716613700564971623e+01
2.515607344632768516e+01 6.171045197740112798e+01 5.742231638418078887e+01
2.516596045197740139e+01 6.173128531073446368e+01 5.738771186440678207e+01
2.505331920903954668e+01 6.147245762711864359e+01 5.717831920903955023e+01
2.514283192090395502e+01 6.156620762711864359e+01 5.725229519774011067e+01
2.527807203389830448e+01 6.173746468926553632e+01 5.737411723163841515e+01
2.526483050847457790e+01 6.171998587570621453e+01 5.736087570621469212e+01
2.505296610169491700e+01 6.154802259887005533e+01 5.731603107344632519e+01
2.516278248587570587e+01 6.150317796610169552e+01 5.741419491525423524e+01
2.502948446327683740e+01 6.186317090395480278e+01 5.730278954802260216e+01
2.508492231638417991e+01 6.172722457627118331e+01 5.732256355932203462e+01
2.522669491525423879e+01 6.166454802259887202e+01 5.736899717514124575e+01
2.527771892655367125e+01 6.174487994350282349e+01 5.725688559322033910e+01
2.537358757062147063e+01 6.192761299435028377e+01 5.732803672316384080e+01
2.537305790960451901e+01 6.190271892655367481e+01 5.732432909604519722e+01
2.535504943502824915e+01 6.179290254237287883e+01 5.730173022598869892e+01
2.542514124293785471e+01 6.193926553672316260e+01 5.736652542372881669e+01
2.535293079096045332e+01 6.196062853107344637e+01 5.729890536723164018e+01
2.517108050847457790e+01 6.177771892655367481e+01 5.720709745762712117e+01
2.517037429378531144e+01 6.171380649717514189e+01 5.721009887005649830e+01
2.529572740112994467e+01 6.171592514124294127e+01 5.722651836158192395e+01
2.530208333333333215e+01 6.172369350282485811e+01 5.720886299435028377e+01
