7.474069122598534420e+01 1.373063973063973151e+02 1.101637948108536307e+02
7.490280253515547315e+01 1.375979401861754923e+02 1.104642008318478901e+02
7.498613586848881596e+01 1.376860269360269342e+02 1.105503069914834668e+02
7.514646464646465063e+01 1.378422955040602176e+02 1.107077639136462608e+02
7.504570211923153522e+01 1.379794018617548090e+02 1.107475242622301437e+02
7.479530600118835082e+01 1.382285105961576619e+02 1.107327193503664091e+02
7.393132303426421004e+01 1.388625470390176133e+02 1.105173796791443834e+02
7.388517528223410125e+01 1.390877401465636751e+02 1.105252525252525260e+02
7.367458902753020311e+01 1.392351950881362654e+02 1.103755694196870678e+02
7.356139829669241692e+01 1.394600911071499354e+02 1.100819469201822187e+02
7.351950881362645873e+01 1.396827094474153341e+02 1.101511685482273748e+02
7.351520102990691896e+01 1.397704000792236059e+02 1.101813230342642100e+02
7.359120617944147114e+01 1.399051297286591478e+02 1.098026836997425164e+02
7.359214695979402165e+01 1.399630124777183653e+02 1.095671915230738733e+02
7.359016636957812807e+01 1.399355813032283606e+02 1.095895721925133728e+02
7.357709447415329862e+01 1.400522380669439428e+02 1.094688552188552251e+02
7.352589621707268464e+01 1.401536442859972169e+02 1.094204297880768451e+02
7.377886710239651791e+01 1.400963557140027831e+02 1.097494553376906339e+02
7.388646266587443279e+01 1.402512873836403173e+02 1.100134184987126105e+02
7.393929490988314512e+01 1.402993662111309163e+02 1.101680530798177813e+02
7.392874826698356117e+01 1.403339770251535015e+02 1.101819667260843687e+02
7.399361259655377410e+01 1.403479401861754923e+02 1.102582194493959236e+02
7.394969300851653315e+01 1.403480887304416740e+02 1.101754802931273503e+02
7.397875816993463616e+01 1.403909189938601685e+02 1.101778074866310106e+02
7.389844523668053000e+01 1.404378589819766319e+02 1.101354228560110897e+02
7.387155872449990568e+01 1.405159437512378702e+02 1.101409189938601685e+02
7.386868686868686495e+01 1.405334719746484495e+02 1.101267082590612034e+02
7.387482669835611659e+01 1.406315111903347201e+02 1.102408892850069293e+02
7.399697959992077756e+01 1.407030600118835366e+02 1.104947514359279097e+02
7.397618340265398729e+01 1.405441176470588118e+02 1.106737967914438485e+02
7.395058427411368029e+01 1.405779362249950566e+02 1.107161319073083803e+02
7.397162804515745904e+01 1.405856110120816140e+02 1.107562883739354334e+02
7.395197068726480438e+01 1.406026936026935914e+02 1.106062586650821942e+02
7.401247771836007416e+01 1.406317092493563052e+02 1.105768469003763101e+02
7.398460091107149594e+01 1.406179936621113029e+02 1.103840364428599656e+02
7.400376312141017365e+01 1.405877401465636751e+02 1.103049613784907876e+02
7.396727074668251589e+01 1.405604575163398806e+02 1.104284016636957801e+02
7.399064171122994082e+01 1.405704594969300842e+02 1.106009110714993113e+02
7.382204396910279343e+01 1.404115666468607628e+02 1.104597445038621544e+02
7.380327787680728591e+01 1.403230837789661223e+02 1.104320657555951612e+02
7.377995642701525014e+01 1.403923549217666960e+02 1.105173796791443834e+02
7.385417904535552225e+01 1.403846801346801385e+02 1.106225490196078454e+02
7.345177262824321929e+01 1.405357496533967208e+02 1.104079025549613817e+02
7.312576747870865290e+01 1.407240047534165228e+02 1.101667161814220606e+02
7.300812041988513101e+01 1.407900574371162747e+02 1.099489502871855819e+02
7.290993265993266448e+01 1.409199841552782857e+02 1.097935234699940565e+02
7.290463458110517081e+01 1.411037334125569487e+02 1.097864428599722686e+02
7.297014260249554241e+01 1.411844424638542250e+02 1.100173301643889943e+02
7.273385818974054473e+01 1.411425529807882810e+02 1.101701326995444674e+02
7.276213111507229314e+01 1.410448603683897772e+02 1.104149831649831697e+02
7.274123588829471032e+01 1.410591206179441599e+02 1.104027035056446806e+02
7.281887502475737506e+01 1.411293325410972557e+02 1.106113586848881027e+02
7.285908100613983152e+01 1.412707466825114011e+02 1.101108635373341258e+02
7.286982570806100057e+01 1.412981283422460024e+02 1.097293523469994057e+02
7.282867894632600780e+01 1.412727272727272805e+02 1.094459794018617487e+02
7.289582095464447775e+01 1.413294711824123624e+02 1.092245494157258889e+02
7.294003763121409634e+01 1.414246880570410099e+02 1.091796395325807083e+02
7.314517726282431909e+01 1.415129728659140369e+02 1.093657654981184351e+02
7.326861754802931159e+01 1.414675183204595044e+02 1.093783917607447052e+02
7.344186967716379399e+01 1.413036739948504703e+02 1.093237769855416843e+02
7.342181620122796915e+01 1.409531095266389400e+02 1.092946623093681922e+02
7.353263022380669156e+01 1.410676866706278361e+02 1.094422162804515750e+02
7.362002376708258566e+01 1.410287185581303220e+02 1.096720142602495542e+02
7.375227767874827123e+01 1.410031194295900150e+02 1.098279362249950424e+02
7.377629233511586904e+01 1.409892057833234276e+02 1.098536343830461419e+02
7.389151317092493798e+01 1.410709546444840612e+02 1.099813329372152850e+02
7.392300455535749393e+01 1.411198752228164039e+02 1.101742424242424221e+02
7.402450980392157476e+01 1.410438205585264484e+02 1.101922162804515750e+02
7.409333531392354644e+01 1.409756882551000103e+02 1.101776589423648289e+02
7.411898395721925681e+01 1.409222123192711535e+02 1.102018221429986085e+02
7.416686472568825650e+01 1.409564270152505401e+02 1.102045454545454533e+02
7.414884135472371440e+01 1.409853436324024472e+02 1.102653990889285041e+02
7.406313131313130782e+01 1.410294612794612874e+02 1.102501980590215851e+02
7.389047336106159491e+01 1.409351356704297871e+02 1.102454941572588609e+02
7.382590612002377384e+01 1.408694791047732338e+02 1.101310160427807432e+02
7.382219251336898935e+01 1.406830560507031009e+02 1.099379580114874244e+02
7.375589225589224895e+01 1.404445434739552354e+02 1.097787185581303220e+02
7.365245593186769213e+01 1.403071895424836555e+02 1.096457714398890886e+02
7.343949296890473022e+01 1.401620617944147398e+02 1.094290453555159388e+02
7.338839374133492299e+01 1.400609526638938291e+02 1.094992572786690488e+02
7.335056446821153031e+01 1.400371360665478448e+02 1.095251039809863300e+02
7.336155674390968784e+01 1.400159437512378702e+02 1.094529114676173549e+02
7.361873638344226833e+01 1.400779362249950566e+02 1.095093582887700592e+02
7.386408199643493333e+01 1.400800653594771177e+02 1.095850663497722337e+02
7.417384630619925190e+01 1.400507526242820404e+02 1.096943949296890537e+02
7.435853634383046540e+01 1.400602594573182671e+02 1.096553773024361220e+02
7.450930877401465580e+01 1.399367201426024963e+02 1.097128639334521694e+02
7.476346801346801385e+01 1.398639829669241408e+02 1.095030699148346258e+02
7.497123192711427464e+01 1.399438007526242700e+02 1.093469994058229418e+02
7.496915230738760272e+01 1.399703406615171275e+02 1.090948702713408665e+02
7.496009110714993540e+01 1.399478114478114605e+02 1.091145276292335069e+02
7.505446623093682490e+01 1.399853436324024472e+02 1.091262131115072265e+02
7.490542681719152540e+01 1.401211130917013179e+02 1.091246286393345173e+02
7.461769657357892527e+01 1.401839473163002481e+02 1.091961774608833480e+02
7.432234105763517107e+01 1.402350960586254587e+02 1.090532283620518967e+02
7.423336304218656778e+01 1.401347296494355419e+02 1.089904931669637591e+02
7.400658546246781100e+01 1.401131412160823970e+02 1.088365022776787470e+02
7.393067934244405137e+01 1.400730837789661223e+02 1.086619627649039472e+02
7.380763517528222906e+01 1.401047237076648742e+02 1.085585264408793762e+02
7.371598336304218435e+01 1.400381263616557703e+02 1.083711130917013321e+02
7.368667062784709287e+01 1.400249554367201483e+02 1.083135769459298814e+02
7.384184987126162980e+01 1.401361655773420409e+02 1.084715290156466665e+02
7.369226579520697840e+01 1.402734699940582175e+02 1.084916815210932839e+02
7.345776391364626079e+01 1.403861655773420409e+02 1.083880966528025311e+02
7.324688057040998501e+01 1.403505644682115303e+02 1.083999306793424466e+02
7.316790453555159957e+01 1.403654188948306683e+02 1.083095662507427193e+02
7.314928698752228797e+01 1.404002772826302134e+02 1.084444444444444429e+02
7.337324222618340741e+01 1.404409288968112435e+02 1.085812537136066567e+02
7.359665280253516073e+01 1.404643493761140860e+02 1.086330461477520259e+02
7.373945335710041604e+01 1.403931471578530363e+02 1.085500594177064784e+02
7.375376312141017365e+01 1.403401168548227247e+02 1.085931867696573647e+02
7.384135472370766706e+01 1.403545256486432891e+02 1.087329669241433976e+02
7.386541889483065404e+01 1.403210536739948395e+02 1.089409288968112435e+02
7.380550604080015376e+01 1.402491582491582562e+02 1.090475836799366220e+02
7.376594375123787017e+01 1.401039809863339372e+02 1.090134680134680139e+02
7.369939591998415551e+01 1.400488215488215360e+02 1.090691225985343635e+02
7.366022974846504212e+01 1.400709546444840612e+02 1.092017726282432193e+02
7.352569815805109954e+01 1.398909685086155719e+02 1.093631412160823970e+02
7.331446821152702853e+01 1.398671519112695592e+02 1.095539710833828480e+02
7.317592592592592382e+01 1.399503367003366918e+02 1.095935828877005349e+02
7.286715191126955915e+01 1.398149633590810197e+02 1.095283224400871518e+02
7.297940186175480903e+01 1.400113883937413277e+02 1.096411665676371570e+02
7.298019409784116363e+01 1.401341849871261616e+02 1.095904634581105199e+02
7.290092097445038632e+01 1.400906615171321050e+02 1.095483264012675733e+02
7.280699148346207039e+01 1.400344622697563750e+02 1.093350663497722337e+02
7.264324618736382888e+01 1.401513666072489741e+02 1.092954050306991434e+02
7.258556149732619645e+01 1.402394533571004160e+02 1.093199148346207181e+02
7.254921766686472040e+01 1.402802040007922244e+02 1.086958308575955670e+02
7.249955436720142643e+01 1.402493563081798413e+02 1.085073281837987764e+02
7.243216478510596801e+01 1.403089225589225464e+02 1.083727965933848338e+02
7.240770449593979663e+01 1.404154783125371466e+02 1.082803030303030312e+02
7.246212121212121815e+01 1.404654387007328182e+02 1.083312041988512533e+02
7.318642305407011861e+01 1.401942959001782469e+02 1.091133392751039821e+02
7.367409387997622616e+01 1.399263220439690940e+02 1.097227668845315947e+02
7.400713012477717712e+01 1.398374925727866867e+02 1.102112794612794602e+02
7.416453753218459610e+01 1.397677262824321645e+02 1.103245197068726497e+02
7.427668845315903923e+01 1.395968013468013567e+02 1.103474450386215153e+02
7.430436720142601814e+01 1.396564666270548685e+02 1.098192711428005595e+02
7.425203010497128275e+01 1.395647157853040312e+02 1.093747771836007132e+02
7.430085165379283296e+01 1.395182214299861414e+02 1.091702812438106491e+02
7.428639334521687942e+01 1.394537532184590987e+02 1.089375618934442400e+02
7.436368587839176314e+01 1.394434046345810998e+02 1.087906516141810300e+02
7.413557140027728565e+01 1.394741532976827045e+02 1.092540602099425655e+02
7.396741929094869761e+01 1.395292137056842989e+02 1.094118142206377513e+02
7.390270350564468060e+01 1.395773420479302729e+02 1.095707070707070727e+02
7.391577540106952426e+01 1.396469597940186134e+02 1.097201426024955424e+02
7.386408199643493333e+01 1.397086551792434079e+02 1.098168944345414957e+02
7.385937809467220916e+01 1.396175975440681327e+02 1.100654089918795790e+02
7.383169934640523024e+01 1.395638740344622590e+02 1.101451772628243191e+02
7.382333135274311076e+01 1.394898494751435862e+02 1.100693701723113520e+02
7.388581897405427412e+01 1.394268667062784743e+02 1.099608338284808866e+02
7.400302040007922244e+01 1.393646266587442994e+02 1.099828678946326050e+02
7.409690037631213499e+01 1.392913448207565921e+02 1.100044563279857357e+02
7.415948702713409091e+01 1.393262032085561373e+02 1.101160625866508269e+02
7.423128342245989586e+01 1.392973856209150370e+02 1.101018023370964585e+02
7.442696573578926689e+01 1.392711428005545713e+02 1.102233115468409608e+02
7.438596751832045584e+01 1.391715191126955915e+02 1.101297286591404259e+02
7.412492572786690914e+01 1.392446028916617138e+02 1.100880372350960528e+02
7.416473559120618120e+01 1.392294513765102124e+02 1.101259655377302380e+02
7.388096652802535402e+01 1.392466329966329965e+02 1.100188651218063001e+02
7.387368785898198098e+01 1.392207367795602977e+02 1.099679144385026746e+02
7.373866112101406145e+01 1.392920875420875291e+02 1.098041691424044330e+02
7.407555951673599282e+01 1.392681224004753346e+02 1.097621806298276823e+02
7.462512378688849424e+01 1.391021984551396429e+02 1.097456922162804460e+02
7.480481283422460592e+01 1.390589720736779498e+02 1.097013765102000349e+02
7.497009308774015324e+01 1.392009308774014755e+02 1.097379183996831102e+02
7.519766290354525040e+01 1.392255892255892320e+02 1.097246484452366815e+02
7.516696375519904905e+01 1.392816399286987519e+02 1.096897900574371221e+02
7.506912259853436353e+01 1.392148445236680629e+02 1.096562190532778800e+02
7.502272727272726627e+01 1.393029312735195049e+02 1.095777381659734573e+02
7.488057040998216962e+01 1.393885918003564939e+02 1.095011388393741356e+02
7.477733214497919789e+01 1.392535155476331852e+02 1.095322836205189105e+02
7.438844325609031216e+01 1.390962566844919763e+02 1.094899980194097822e+02
7.395850663497722621e+01 1.390272826302237945e+02 1.094327094474153341e+02
7.376396316102199080e+01 1.389976232917409504e+02 1.094972271736977660e+02
7.367315309962368985e+01 1.389265696177460825e+02 1.094505842741136803e+02
7.369875222816399685e+01 1.389033471974648535e+02 1.095834323628441211e+02
7.383462071697366014e+01 1.387920380273321541e+02 1.096527530204000840e+02
7.389042384630620575e+01 1.388042681719152256e+02 1.095638740344622732e+02
7.395528817587640447e+01 1.387044959397900641e+02 1.095480293127351956e+02
7.398549217666864308e+01 1.383780946722123133e+02 1.095177262824321645e+02
7.400792236086353171e+01 1.384362745098039227e+02 1.094231035848682865e+02
7.394172113289759807e+01 1.384250346603287767e+02 1.091825113883937348e+02
7.390968508615567600e+01 1.384076549811843790e+02 1.091526539908892914e+02
7.387378688849277353e+01 1.382970885323826451e+02 1.089633590810061463e+02
7.390527827292532947e+01 1.383195682313329371e+02 1.089864329570211936e+02
7.382986730045553259e+01 1.383324915824915706e+02 1.089008219449395938e+02
7.352346999405823169e+01 1.383256585462467854e+02 1.088626955832838235e+02
7.314052287581699829e+01 1.384254802931273503e+02 1.088714101802337098e+02
7.275826896415131273e+01 1.384944048326401287e+02 1.089081501287383702e+02
7.267914438502673136e+01 1.385203505644682025e+02 1.089555852644087963e+02
7.254357298474945992e+01 1.385339176074470231e+02 1.089041889483065972e+02
7.271316102198454701e+01 1.385108932461873508e+02 1.088413547237076671e+02
7.292607447019211975e+01 1.385065359477124218e+02 1.089446425034660280e+02
7.310422856011091142e+01 1.385452564864329474e+02 1.090045553574965282e+02
7.320865517924340793e+01 1.385457021192315210e+02 1.090130223806694403e+02
7.326638938403644374e+01 1.386772628243216445e+02 1.089662804515745762e+02
7.315537730243612202e+01 1.387010299069122539e+02 1.084679639532580779e+02
7.322370766488413096e+01 1.387684194890077265e+02 1.078253614577143935e+02
7.320850663497722621e+01 1.388564072093483901e+02 1.076536938007526203e+02
7.317859972271736524e+01 1.388811645870469533e+02 1.075108932461873650e+02
7.310863537334125795e+01 1.388944840562487570e+02 1.073005050505050519e+02
7.320504060209943020e+01 1.388457120221826244e+02 1.075911071499306786e+02
7.326569617746088170e+01 1.388521984551396429e+02 1.079321152703505646e+02
7.329159239453356633e+01 1.387884234501881622e+02 1.080144583085759535e+02
7.333367993662110962e+01 1.387878292731233785e+02 1.080924935630818027e+02
7.339096850861557186e+01 1.387168746286393457e+02 1.080736284412755026e+02
7.308467023172904931e+01 1.387643097643097576e+02 1.081275004951475580e+02
7.280025747672806347e+01 1.386756783521489353e+02 1.082653495741731007e+02
7.278421469597940074e+01 1.387249950485244483e+02 1.083516042780748734e+02
7.271162606456724120e+01 1.387286591404238436e+02 1.083947811447811489e+02
7.276208160031688976e+01 1.387975341651812187e+02 1.085227767874826696e+02
7.284625668449197633e+01 1.388629926718162153e+02 1.081535947712418277e+02
7.310408001584471549e+01 1.387824816795404956e+02 1.077031590413943292e+02
7.315309962368786501e+01 1.387282135076252700e+02 1.074408298673004509e+02
7.320073281837987622e+01 1.386695880372350871e+02 1.075742226183402721e+02
7.322747078629431883e+01 1.386699841552782857e+02 1.074588532382650072e+02
7.300222816399286785e+01 1.384707862943157011e+02 1.076380471380471420e+02
7.290498118439295183e+01 1.383319469201822187e+02 1.076697365815012830e+02
7.275188156070508683e+01 1.381399782135076180e+02 1.077554961378490788e+02
7.257278669043374464e+01 1.381627054862348984e+02 1.079124083977025208e+02
7.258585858585858830e+01 1.380551594375123727e+02 1.078788373935432787e+02
7.267236086353733526e+01 1.380871954842542948e+02 1.079366211130917037e+02
7.273128342245989586e+01 1.382441572588631402e+02 1.080844721727074642e+02
7.274267181620122358e+01 1.383067439096850819e+02 1.080953654188948292e+02
7.282640126757773658e+01 1.383700732818379890e+02 1.080849178055060378e+02
7.280897207367794977e+01 1.382930283224400796e+02 1.080330263418498760e+02
7.284224598930481420e+01 1.383173895820954726e+02 1.077475242622301437e+02
7.285056446821153031e+01 1.383228362051891338e+02 1.074833135274311786e+02
7.283051099227569125e+01 1.382760942760942839e+02 1.071494850465438731e+02
7.285957615369379425e+01 1.382192018221429919e+02 1.070031689443454184e+02
7.284491978609625562e+01 1.381410675381263502e+02 1.068290750643691780e+02
7.270781342840166417e+01 1.381430976430976330e+02 1.069659833630421844e+02
7.261046741929095560e+01 1.382322242028124322e+02 1.071721628045157502e+02
7.253406615171320482e+01 1.383598237274707969e+02 1.073175876411170577e+02
7.239799960388195643e+01 1.384874232521291333e+02 1.074182016240839772e+02
7.235313923549217918e+01 1.386542879778173756e+02 1.075410477322242002e+02
7.232917409387997054e+01 1.388087740146563647e+02 1.076200237670825857e+02
7.232214299861358597e+01 1.387945632798573854e+02 1.076438898791840018e+02
7.231461675579322446e+01 1.388007526242820404e+02 1.075474351356704261e+02
7.225326797385621092e+01 1.386849871261636054e+02 1.075855119825708073e+02
7.229089918795801850e+01 1.387216775599128482e+02 1.076275004951475580e+02
7.252188552188552251e+01 1.387923351158645175e+02 1.081295801148742299e+02
7.291077441077440824e+01 1.387735195088136209e+02 1.085694692018221446e+02
7.310145573380867745e+01 1.387821845910081322e+02 1.088291740938799705e+02
7.327822341057634503e+01 1.386633491780550571e+02 1.090058427411368598e+02
7.324579124579125278e+01 1.386336898395721846e+02 1.089959893048128379e+02
7.338032283620519536e+01 1.385044068132303323e+02 1.088841849871261616e+02
7.346088334323628999e+01 1.384479104773222389e+02 1.088465042582689648e+02
7.345221826104179286e+01 1.382196969696969688e+02 1.086023469994058246e+02
7.343899782135076748e+01 1.380620915032679648e+02 1.083788373935432787e+02
7.352129134482075301e+01 1.380149534561299163e+02 1.083659635571400344e+02
7.343513567042978707e+01 1.380960586254703912e+02 1.081592889681124916e+02
7.340438700732818234e+01 1.380802634184987028e+02 1.081545850663497674e+02
7.329035452564863817e+01 1.382348979996038736e+02 1.080751138839374192e+02
7.334333531392354644e+01 1.382658942364824668e+02 1.081479005743711639e+02
7.346147752030104527e+01 1.383785898197662902e+02 1.082662408397702478e+02
7.333635373341255104e+01 1.385095563477916301e+02 1.082265300059417683e+02
7.321637948108536875e+01 1.384683105565458447e+02 1.079424638542285635e+02
7.304287977817389788e+01 1.384264210734799008e+02 1.078851257674787121e+02
7.303198653198653290e+01 1.384491978609625562e+02 1.078027332144979198e+02
7.293944345414934105e+01 1.383614081996435061e+02 1.077598039215686327e+02
7.309848484848484418e+01 1.383891364626658742e+02 1.076007130124777120e+02
7.322890671420083208e+01 1.383482372747078557e+02 1.069838581897405447e+02
7.338423450188156494e+01 1.382264804911863791e+02 1.067993166963755129e+02
7.344706872648049512e+01 1.382070707070706987e+02 1.066961774608833480e+02
7.363581897405427412e+01 1.383292731233907773e+02 1.067989700930877461e+02
7.375589225589224895e+01 1.384085462467815546e+02 1.073846801346801385e+02
7.377510398098633004e+01 1.384064171122994651e+02 1.078993365022776771e+02
7.388349178055059951e+01 1.384026044761338881e+02 1.081303228362051954e+02
7.391013071895424957e+01 1.384018122400475477e+02 1.083569023569023528e+02
7.397519310754604760e+01 1.384122598534363249e+02 1.085256486432956962e+02
7.399782135076252132e+01 1.384420182214299757e+02 1.084764804911863791e+02
7.403287779758368004e+01 1.384408298673004651e+02 1.081887007328183756e+02
7.403728461081402656e+01 1.384471182412358985e+02 1.081240839770251512e+02
7.410937809467220916e+01 1.385083184789067161e+02 1.081562685680332692e+02
7.419632600514952969e+01 1.385562487621311050e+02 1.080426817191523128e+02
7.433709645474351646e+01 1.386231431966726007e+02 1.082633689839572213e+02
7.433328381857793943e+01 1.385572390572390589e+02 1.082786690433749328e+02
7.440161418102594837e+01 1.385476331946920254e+02 1.083019409784115652e+02
7.455030699148346685e+01 1.386714695979401881e+02 1.085459001782531203e+02
7.461626064567241201e+01 1.386932560903149181e+02 1.085213408595761564e+02
7.466795405030698873e+01 1.386722123192711535e+02 1.087892156862745168e+02
7.470741731035847977e+01 1.386433452168746214e+02 1.091455733808675035e+02
7.476921172509408109e+01 1.387112299465240710e+02 1.093514062190532741e+02
7.476465636759753863e+01 1.387792632204397023e+02 1.094564270152505401e+02
7.475495147553971265e+01 1.388376906318082717e+02 1.095759556347791630e+02
7.484893048128341775e+01 1.389194890077243087e+02 1.094923747276688459e+02
7.506412160823926172e+01 1.391163101604278154e+02 1.092508417508417438e+02
7.508526440879381880e+01 1.392556941968706781e+02 1.093473460091107086e+02
7.511888492770845005e+01 1.392743612596553646e+02 1.092774806892453938e+02
7.507303426421073311e+01 1.392416815210932839e+02 1.090689245395127784e+02
7.488448207565853920e+01 1.391494355317884697e+02 1.086175480293127293e+02
7.484873242226183265e+01 1.391665676371558789e+02 1.083591800356506241e+02
7.484591008120419531e+01 1.391619627649039330e+02 1.082414834620716988e+02
7.478446226975638922e+01 1.392424242424242493e+02 1.081821152703505646e+02
7.475406020994256551e+01 1.392371756783521448e+02 1.080815012873836451e+02
7.480560507031094630e+01 1.392119231530996331e+02 1.082422756981580534e+02
7.478446226975638922e+01 1.392795107942166624e+02 1.083067934244404853e+02
7.487631214101801902e+01 1.393695781342840121e+02 1.085060903149138483e+02
7.495622895622895498e+01 1.393317488611606336e+02 1.086889978213507675e+02
7.502044959397900925e+01 1.393806199247375730e+02 1.086178451178451212e+02
7.475940780352544834e+01 1.395577837195484392e+02 1.086696375519904905e+02
7.465795206971677089e+01 1.397728263022380588e+02 1.089480590215884348e+02
7.449366211130916327e+01 1.397234105763517391e+02 1.088650722915428730e+02
7.445434739552386816e+01 1.397090512972865781e+02 1.089375618934442400e+02
7.426490394137452711e+01 1.397053872053872112e+02 1.089249851455733875e+02
7.425698158051099540e+01 1.396339869281045765e+02 1.089286492374727686e+02
7.429832640126757326e+01 1.395593681917211200e+02 1.089738562091503269e+02
7.438265002970885575e+01 1.395267379679144426e+02 1.089441968706674544e+02
7.440309962368786501e+01 1.395237175678352060e+02 1.089948504654387023e+02
7.439814814814815236e+01 1.394722222222222285e+02 1.089476133887898612e+02
7.412571796395326373e+01 1.395761041790453589e+02 1.087400475341651855e+02
7.407516339869280841e+01 1.395925925925925810e+02 1.084957912457912528e+02
7.383922558922559176e+01 1.397371261635967414e+02 1.084493959199841555e+02
7.379382055852643418e+01 1.397366805307981679e+02 1.083486333927510401e+02
7.363175876411170862e+01 1.397845612992671818e+02 1.084086947910477363e+02
7.399143394731629542e+01 1.397318280847692620e+02 1.085615963557140020e+02
7.414007724301842472e+01 1.397082590612002377e+02 1.086184392949098765e+02
7.429164190928896971e+01 1.394975242622301437e+02 1.085996732026143832e+02
7.445543672014260039e+01 1.393980986333927490e+02 1.085250049514755375e+02
7.444578134284016357e+01 1.391468112497524316e+02 1.083794810853634374e+02
7.360343632402455682e+01 1.391107645078233190e+02 1.081552782729253295e+02
7.272712418300653781e+01 1.393907209348385834e+02 1.080839275103980981e+02
7.249301841948900460e+01 1.394849970291146803e+02 1.080668944345414957e+02
7.232610417904535893e+01 1.396241830065359579e+02 1.081245296098237247e+02
7.229822737175678071e+01 1.397000891265597033e+02 1.082916419092889697e+02
7.247405426817191199e+01 1.398280847692612383e+02 1.080483759160229766e+02
7.285239651416121376e+01 1.397087542087542147e+02 1.077980788274905990e+02
7.312413349178055455e+01 1.396553773024361362e+02 1.075589225589225606e+02
7.328555159437512145e+01 1.396601307189542354e+02 1.074787086551792470e+02
7.338745296098237247e+01 1.396369082986730064e+02 1.073404634581105199e+02
7.341587443058031681e+01 1.396780550604080133e+02 1.075571400277282663e+02
7.344786096256684971e+01 1.397054862348979896e+02 1.077917409387997623e+02
7.344865319865320430e+01 1.397353931471578505e+02 1.079101802337096387e+02
7.351435927906516099e+01 1.398296197266785441e+02 1.080389681124975283e+02
7.356243810655575999e+01 1.398710635769459429e+02 1.081190829867300494e+02
7.349173103584868727e+01 1.398231332937215257e+02 1.083724995048524420e+02
7.347118241235888547e+01 1.398943850267379787e+02 1.085354030501089255e+02
7.345310952663894000e+01 1.398575955634779291e+02 1.085795206971677516e+02
7.343127351950880666e+01 1.398626955832838235e+02 1.086028421469597873e+02
7.347940186175480903e+01 1.398772529213705695e+02 1.087262329174093907e+02
7.355694196870668122e+01 1.399080510992275777e+02 1.088484353337294550e+02
7.358922558922559176e+01 1.399363735393147294e+02 1.088945830857595496e+02
7.361467617349970283e+01 1.399012180629827640e+02 1.089345910081204210e+02
7.372147950089126311e+01 1.399591998415527883e+02 1.089404832640126699e+02
7.360710041592395214e+01 1.398652208358090832e+02 1.088276886512180681e+02
7.363042186571598791e+01 1.398312041988512533e+02 1.087238562091503269e+02
7.362269756387404129e+01 1.397862448009506693e+02 1.085801643889879244e+02
7.359551396316102512e+01 1.397995642701525014e+02 1.083883937413349230e+02
7.355956625074271926e+01 1.397423252129134426e+02 1.083147157853040170e+02
7.352218261041790015e+01 1.396620617944147398e+02 1.081650326797385588e+02
7.344721727074667683e+01 1.395501584472172567e+02 1.081862249950485193e+02
7.336774608833432865e+01 1.395250544662309267e+02 1.082241037829273154e+02
7.327262824321647372e+01 1.396548326401267559e+02 1.082040503069914905e+02
7.327376708259060933e+01 1.397253911665676469e+02 1.082697563874034472e+02
7.335883343236284304e+01 1.398076846900376324e+02 1.084486036838978009e+02
7.351421073479896506e+01 1.398092691622103416e+02 1.082321251733016396e+02
7.366211130917012895e+01 1.398064468211526901e+02 1.081364131511190294e+02
7.371845910081204067e+01 1.398033273915626751e+02 1.080617448999801979e+02
7.370994256288373947e+01 1.395139631610219908e+02 1.073974549415725903e+02
7.375831847890671611e+01 1.394732125173301540e+02 1.073467023172905499e+02
7.381937017231135201e+01 1.394658348187759884e+02 1.074169637551990490e+02
7.379565260447613184e+01 1.394027035056446948e+02 1.075588730441671572e+02
7.387641117052881157e+01 1.393730441671618223e+02 1.078135274311744922e+02
7.387353931471578505e+01 1.393618538324420797e+02 1.077654981184392966e+02
7.386348781937017804e+01 1.393227866904337588e+02 1.077579223608635317e+02
7.406917211328976691e+01 1.393870568429391881e+02 1.077458407605466419e+02
7.417384630619925190e+01 1.393596256684492118e+02 1.076925628837393560e+02
7.416171519112695876e+01 1.393826500297088558e+02 1.076381461675579345e+02
7.430456526044761745e+01 1.392934739552386532e+02 1.075648148148148096e+02
7.429233511586453176e+01 1.392157853040205850e+02 1.075247573776985490e+02
7.439210734798970748e+01 1.391685977421271616e+02 1.075419389978213474e+02
7.434987126163596827e+01 1.390140621905327691e+02 1.076168548227371815e+02
7.434868290750644348e+01 1.389443454149336503e+02 1.075871459694989056e+02
7.443528421469598300e+01 1.389310754604872216e+02 1.074950980392156907e+02
7.454733610615963357e+01 1.389253812636165719e+02 1.077552980788274937e+02
7.456011091305208538e+01 1.389466726084373249e+02 1.074879183996831102e+02
7.454278074866310533e+01 1.389378589819766319e+02 1.074978213507625213e+02
7.451094276094275415e+01 1.388543275896217040e+02 1.073937908496732092e+02
7.448866112101406145e+01 1.388061992473757300e+02 1.073942859972271719e+02
7.442944147355912321e+01 1.387259853436324022e+02 1.072494058229352305e+02
7.421652802535155047e+01 1.386508219449395938e+02 1.074717270746682516e+02
7.394716775599128766e+01 1.385313923549217634e+02 1.076407704495939726e+02
7.387527233115469016e+01 1.384453357100416042e+02 1.076415626856803271e+02
7.378114478114477492e+01 1.383850762527233087e+02 1.076024955436720205e+02
7.369157258863141635e+01 1.383474945533769187e+02 1.076272529213705695e+02
7.330327787680728591e+01 1.384315706080411985e+02 1.077039017627252946e+02
7.311556743909684997e+01 1.385214398890869347e+02 1.078783422459893018e+02
7.304758367993662205e+01 1.387334125569419712e+02 1.079665280253515505e+02
7.297653000594176831e+01 1.387957516339869244e+02 1.079982669835610949e+02
7.307209348385819681e+01 1.389698455139631506e+02 1.081808774014656365e+02
7.307813428401664169e+01 1.391617647058823479e+02 1.082821845910081180e+02
7.303421469597940074e+01 1.393040205981382371e+02 1.079871261635967556e+02
7.296628045157457620e+01 1.393811645870469533e+02 1.077603485838779989e+02
7.282773816597345728e+01 1.393543275896217040e+02 1.075630817983759187e+02
7.285878391760745387e+01 1.393115963557140162e+02 1.075148049118637346e+02
7.279599920776391286e+01 1.392291047732224172e+02 1.074983660130719016e+02
7.258457120221825676e+01 1.392218756189344333e+02 1.074694493959199804e+02
7.253223410576352137e+01 1.391857793622499457e+02 1.074871261635967556e+02
7.249722717369776603e+01 1.391785006932065869e+02 1.074929193899782121e+02
7.246256684491979172e+01 1.391962764903941263e+02 1.075947217270746705e+02
7.273876015052485400e+01 1.391622103386809215e+02 1.079083481877599553e+02
7.285729847494553724e+01 1.391991483462071812e+02 1.079056743909685139e+02
7.297563874034462117e+01 1.391767676767676676e+02 1.079489502871855819e+02
7.304203802733213990e+01 1.390583778966131945e+02 1.079083977025153445e+02
7.302842146959794434e+01 1.390047534165181276e+02 1.078193206575559486e+02
7.297425232719349708e+01 1.389843533372945217e+02 1.078411071499306786e+02
7.280104971281441806e+01 1.389818775995246654e+02 1.077911962764903961e+02
7.270474351356703835e+01 1.389494454347395447e+02 1.077255892255892320e+02
7.274688057040998501e+01 1.390013864131511241e+02 1.077445533769063246e+02
7.275326797385621092e+01 1.389902951079421598e+02 1.077231134878193757e+02
7.278426421073480412e+01 1.390699148346207039e+02 1.077655971479500892e+02
7.294637551990493307e+01 1.391348781937017236e+02 1.076946920182214313e+02
7.306961774608834048e+01 1.391075955634779291e+02 1.076445335710041604e+02
7.311428005545653264e+01 1.390944246385422787e+02 1.076638443256090341e+02
7.319112695583284278e+01 1.391098732422261719e+02 1.075653099623687865e+02
7.369241433947316011e+01 1.388665577342048039e+02 1.074499405822935216e+02
7.388547237076649310e+01 1.388035254505842602e+02 1.072451970687264833e+02
7.428733412556941573e+01 1.387339572192513231e+02 1.072639136462665874e+02
7.445202020202020776e+01 1.384318181818181870e+02 1.069005248564072161e+02
7.457729253317488372e+01 1.385564963359080934e+02 1.070081699346405202e+02
7.435843731431967285e+01 1.386079916815210993e+02 1.071270053475935811e+02
7.426445830857595354e+01 1.386606753812636157e+02 1.074313230342642100e+02
7.401114081996435345e+01 1.387525747672806631e+02 1.077110814022578751e+02
7.382907506436917799e+01 1.389320657555951755e+02 1.078486333927510401e+02
7.375713012477717712e+01 1.388727965933848338e+02 1.079092889681124916e+02
7.371845910081204067e+01 1.388854228560111039e+02 1.078128837393543336e+02
7.368399683105565146e+01 1.388378886908298568e+02 1.077660427807486627e+02
7.363175876411170862e+01 1.388697266785501938e+02 1.078803723509605845e+02
7.367389582095464107e+01 1.388243216478510647e+02 1.078486333927510401e+02
7.370672410378293193e+01 1.387888195682313324e+02 1.079471182412358843e+02
7.339002772826302134e+01 1.388757674787086671e+02 1.080008912655971471e+02
7.304971281441869735e+01 1.390409982174687968e+02 1.081080907110318918e+02
7.283783917607446767e+01 1.389822737175678355e+02 1.080721925133689894e+02
7.273068924539512636e+01 1.388952267775797225e+02 1.079600911071499354e+02
7.253768072885719675e+01 1.386900376312140963e+02 1.078515547633194700e+02
7.245806100217865264e+01 1.386474549415725903e+02 1.078466032877797574e+02
7.230109922756982144e+01 1.385720934838581968e+02 1.078272925331748837e+02
7.226317092493563621e+01 1.384823727470786423e+02 1.077903545256486382e+02
7.225148544266191664e+01 1.384203802733214559e+02 1.078128342245989302e+02
7.223608635373341258e+01 1.383676470588235361e+02 1.077368290750643638e+02
7.232476728064963822e+01 1.384406813230342550e+02 1.079199841552782715e+02
7.236809269162210967e+01 1.386640918993860225e+02 1.081799861358684893e+02
7.248296692414339759e+01 1.387356902356902424e+02 1.082583184789067161e+02
7.256639928698751874e+01 1.387984254307783658e+02 1.082738165973460127e+02
7.263190730837789033e+01 1.388367993662111246e+02 1.082802040007922386e+02
7.273217468805704300e+01 1.388489304812834177e+02 1.083120419885125756e+02
7.275851653792830120e+01 1.388895820954644478e+02 1.081903347197464882e+02
7.268582887700534911e+01 1.388203604674192775e+02 1.078558130322836206e+02
7.262363834422657760e+01 1.387052881758764045e+02 1.076844919786096284e+02
7.255402059813825133e+01 1.386172509407803659e+02 1.075826896415131699e+02
7.255560507031094630e+01 1.385648643295702129e+02 1.078336304218657205e+02
7.259293919588037625e+01 1.385709051297286578e+02 1.081504258268964094e+02
7.261541889483065404e+01 1.385710536739948395e+02 1.083059021588433382e+02
7.261829075064369476e+01 1.385707565854624761e+02 1.084774212715389154e+02
7.271033868092690966e+01 1.385896217072687762e+02 1.085666963755199106e+02
7.290572390572390304e+01 1.385013864131511241e+02 1.089117151911269588e+02
7.299376114081997002e+01 1.385298078827490542e+02 1.089784115666468551e+02
7.310853634383046540e+01 1.384642503466032792e+02 1.089892057833234276e+02
7.308694791047732053e+01 1.383643295702119360e+02 1.090538720538720554e+02
7.313279857397503747e+01 1.384124579124579100e+02 1.090686274509803866e+02
7.334175084175083725e+01 1.384355317884729573e+02 1.086129926718162011e+02
7.341726084373142669e+01 1.385063874034462401e+02 1.084534066151713176e+02
7.347593582887699881e+01 1.385214894038423381e+02 1.082400475341651855e+02
7.353203604674192206e+01 1.385080709051297276e+02 1.080443157060804111e+02
7.344543473955238255e+01 1.384587046939988113e+02 1.077688651218063001e+02
7.328357100415924208e+01 1.383556644880174247e+02 1.081084868290750620e+02
7.317142008318478474e+01 1.382552980788274795e+02 1.082956030897207427e+02
7.303713606654783064e+01 1.382155872449989999e+02 1.084425628837393560e+02
7.295905129728659233e+01 1.380894731630025660e+02 1.084592493563081774e+02
7.283714596949890563e+01 1.380771935036640912e+02 1.084613289760348636e+02
7.276445830857595354e+01 1.380368389780154530e+02 1.086812240047534175e+02
7.250589225589224895e+01 1.380073281837987622e+02 1.087910477322242002e+02
7.238963161021985115e+01 1.379895028718558194e+02 1.088222420281243785e+02
7.232437116260645382e+01 1.379729649435531655e+02 1.088251138839374192e+02
7.217726282432164453e+01 1.380714497920380381e+02 1.088151614181025906e+02
7.220177262824321929e+01 1.382035056446821102e+02 1.086069518716577562e+02
7.216731035848683007e+01 1.381684491978609515e+02 1.083847296494355277e+02
7.210913052089522068e+01 1.381345315904139568e+02 1.081213606654783064e+02
7.188567042978807820e+01 1.380084175084174944e+02 1.078738364032481627e+02
7.191196276490394723e+01 1.381301742919389994e+02 1.078400178253119464e+02
7.202832244008715179e+01 1.381958308575955527e+02 1.083561596355714016e+02
7.212958011487422993e+01 1.381477520301049822e+02 1.087283620518914660e+02
7.215349574173103520e+01 1.381486928104575043e+02 1.088786393345216936e+02
7.232001386413151067e+01 1.381775599128540364e+02 1.091693899782135020e+02
7.250153495741730580e+01 1.382331154684095793e+02 1.093578431372549034e+02
7.290453555159437826e+01 1.381196771637948189e+02 1.091604278074866272e+02
7.311992473757179312e+01 1.380930382253911546e+02 1.089901960784313673e+02
7.332080610021786526e+01 1.381509704892057755e+02 1.089898494751435862e+02
7.365498118439295183e+01 1.381339869281045765e+02 1.090582293523469986e+02
7.370657555951673601e+01 1.381490394137452995e+02 1.089775203010497080e+02
7.329035452564863817e+01 1.380701128936423174e+02 1.087969895028718526e+02
7.299376114081997002e+01 1.380549613784907876e+02 1.088003565062388560e+02
7.277099425628837537e+01 1.380331253713606543e+02 1.087873341255694157e+02
7.263636363636364024e+01 1.380219845513963151e+02 1.088201624083977066e+02
7.257060804119628017e+01 1.378714596949891131e+02 1.086948900772430164e+02
7.250623885918002998e+01 1.378169934640522740e+02 1.085810061398296682e+02
7.246707268766091659e+01 1.378286294315706186e+02 1.083753713606654827e+02
7.250103980986334307e+01 1.378877500495147501e+02 1.083143691820162360e+02
7.249584076054664195e+01 1.379072093483858055e+02 1.082888690829867357e+02
7.246672608437314977e+01 1.378523469994058246e+02 1.082738165973460127e+02
7.253906714200832084e+01 1.378863636363636260e+02 1.082534660328777960e+02
7.261398296692414078e+01 1.378996831055654582e+02 1.082639136462665874e+02
7.267656961774608249e+01 1.378820558526441005e+02 1.082653000594177115e+02
7.275475341651812755e+01 1.379087443058031397e+02 1.082945632798573996e+02
7.272246979599920280e+01 1.378040701128936405e+02 1.082571796395325805e+02
7.272088532382649362e+01 1.377892156862745026e+02 1.081742919389978255e+02
7.259591008120419531e+01 1.377657456922162851e+02 1.081838978015448589e+02
7.247885719944542871e+01 1.378101109130520854e+02 1.082054862348980038e+02
7.241924143394732027e+01 1.378059516735987415e+02 1.081584472172707478e+02
7.240508021390374438e+01 1.378156565656565533e+02 1.080406020994256266e+02
7.260551594375124296e+01 1.378205090116854876e+02 1.081032877797583609e+02
7.278584868290751331e+01 1.378166468607645072e+02 1.082284610814022585e+02
7.305827886710240193e+01 1.376525054466230813e+02 1.083386314121608223e+02
7.314443454149336787e+01 1.375412457912457853e+02 1.084130025747672761e+02
7.324272133095662696e+01 1.374300851653792961e+02 1.084134482075658497e+02
7.342483660130719159e+01 1.376156664686076567e+02 1.082736185383244276e+02
7.354302832244009380e+01 1.375721429986136002e+02 1.081891958803723526e+02
7.372019211725094578e+01 1.375199544464250323e+02 1.078870568429392023e+02
7.389260249554367022e+01 1.374336997425232596e+02 1.076265102000396183e+02
7.399480095068329888e+01 1.373986432957021293e+02 1.075188651218063001e+02
7.404292929292928704e+01 1.374792533174885989e+02 1.076313626460685242e+02
7.390607050901168407e+01 1.374856902356902424e+02 1.076547336106159634e+02
7.368072885719944054e+01 1.374677163794810895e+02 1.074894038423450127e+02
7.349034462269756318e+01 1.373927015250544628e+02 1.074940087145969443e+02
7.344078035254506176e+01 1.373673994850465476e+02 1.074522677757971820e+02
7.357308377896613649e+01 1.373930481283422580e+02 1.074634581105169389e+02
7.367250940780353119e+01 1.373953258070905008e+02 1.074104773222420306e+02
7.380367399485047031e+01 1.373944840562487570e+02 1.073504159239453344e+02
7.388893840364428911e+01 1.373577441077441108e+02 1.073378391760744677e+02
7.400490196078430927e+01 1.374333036244800894e+02 1.074287482669835612e+02
7.377366805307981679e+01 1.374641018023370975e+02 1.071818676965735762e+02
7.358863141216082226e+01 1.374624678154089850e+02 1.070502079619726743e+02
7.338383838383838054e+01 1.373835412953060029e+02 1.068450188156070482e+02
7.331293325410972272e+01 1.373685878391760866e+02 1.068009506833036255e+02
7.316711229946524497e+01 1.374067637155872319e+02 1.067105862547038981e+02
7.331699346405228823e+01 1.373640324816795442e+02 1.066171519112695592e+02
7.342538126361655770e+01 1.372718855218855083e+02 1.064672707466825159e+02
7.347742127153891545e+01 1.372665874430580288e+02 1.064468211527035066e+02
7.334189938601703318e+01 1.370495642701525014e+02 1.060552089522677761e+02
7.351965735789265466e+01 1.372652505446623081e+02 1.062803030303030312e+02
7.356709249356308078e+01 1.373801247771835961e+02 1.065376807288571968e+02
7.345721925133689467e+01 1.374883145177262804e+02 1.067740146563675978e+02
7.358788869082987105e+01 1.375831352743117577e+02 1.070766983561101142e+02
7.371811249752425965e+01 1.376864230540701044e+02 1.071671122994652450e+02
7.379367201426025247e+01 1.377250445632798517e+02 1.072682214299861414e+02
7.385472370766488837e+01 1.377463854228560081e+02 1.075430778371954830e+02
7.376401267577737997e+01 1.377739156268567911e+02 1.076844919786096284e+02
7.373836403248168381e+01 1.376899386017033180e+02 1.077548029312735167e+02
7.377807486631016332e+01 1.376501287383640317e+02 1.077861952861952801e+02
7.381298276886512610e+01 1.377060308972073699e+02 1.077953555159437542e+02
7.367107347989700372e+01 1.375974945533769187e+02 1.077924836601307135e+02
7.346949891067538374e+01 1.374784115666468551e+02 1.076521093285799111e+02
7.338799762329173859e+01 1.374274113685878262e+02 1.076248762131115058e+02
7.340453555159437826e+01 1.373696771637948189e+02 1.075557536145771422e+02
7.321058625470389813e+01 1.373065458506634968e+02 1.074258764111705347e+02
7.312700534759358106e+01 1.371862249950485193e+02 1.075197563874034472e+02
7.310200039611804357e+01 1.371224004753416637e+02 1.077441077441077510e+02
7.310125767478709236e+01 1.371257179639532637e+02 1.077231630025747648e+02
7.307239057239057445e+01 1.370856605268369890e+02 1.077283620518914660e+02
7.311829075064369476e+01 1.370910576351752752e+02 1.077738661121014019e+02
7.322732224202812290e+01 1.371065062388591684e+02 1.075713507625272314e+02
7.323895820954643909e+01 1.371844919786096284e+02 1.076004159239453344e+02
7.318295702119230839e+01 1.372531689443454184e+02 1.075270845712022236e+02
7.319592988710635950e+01 1.372498019409784149e+02 1.073432857991681573e+02
7.308556149732619645e+01 1.371999405822935216e+02 1.071483462071697375e+02
7.279243414537532431e+01 1.371847890671420203e+02 1.069458308575955670e+02
7.219290948702713706e+01 1.373406615171321050e+02 1.068464052287581723e+02
7.203990889285006460e+01 1.373078827490592175e+02 1.069327589621707233e+02
7.179391958803724094e+01 1.372162804515745620e+02 1.068941374529609760e+02
7.178436324024559667e+01 1.371865220835809112e+02 1.068341750841750866e+02
7.178119429590017830e+01 1.372217765894236550e+02 1.068245692216280389e+02
7.189928698752228797e+01 1.373388789859378107e+02 1.070168350168350173e+02
7.194578134284016357e+01 1.373779461279461316e+02 1.072503961180431702e+02
7.200668449197860355e+01 1.373877500495147501e+02 1.073580411962764884e+02
7.193731431966726575e+01 1.374973262032085586e+02 1.073154585066349824e+02
7.221484452366804874e+01 1.375616953852247946e+02 1.074221628045157502e+02
7.261522083580906894e+01 1.373882947118241304e+02 1.075188156070508967e+02
7.275510001980590857e+01 1.372807981778570081e+02 1.074306298276886480e+02
7.287056842939195178e+01 1.370478312537136105e+02 1.072809962368785932e+02
7.281199247375718642e+01 1.368376411170528684e+02 1.071442859972271719e+02
7.269746484452366531e+01 1.366822142998613572e+02 1.068667557932263747e+02
7.254481085363438808e+01 1.366452762923351258e+02 1.067988215488215502e+02
7.241216082392553233e+01 1.365280748663101633e+02 1.066710239651416146e+02
7.243033273915627035e+01 1.364992077639136596e+02 1.067117746088334371e+02
7.229124579124578531e+01 1.364485541691423975e+02 1.064549415725886377e+02
7.204713804713804848e+01 1.363985937809467259e+02 1.062171717171717233e+02
7.187878787878787534e+01 1.362609427609427541e+02 1.061075460487225257e+02
7.168488809665279859e+01 1.361930085165379296e+02 1.059724697959992028e+02
7.162824321647850923e+01 1.361040800158447155e+02 1.059281045751634025e+02
7.166176470588234793e+01 1.360754604872252003e+02 1.059041889483065972e+02
7.178376906318082717e+01 1.361071994454347305e+02 1.061088829471182464e+02
7.191389384036442323e+01 1.361219548425430901e+02 1.062393048128342201e+02
7.192716379481085198e+01 1.361000693206575534e+02 1.063131808278867112e+02
7.214656367597544318e+01 1.361636957813428523e+02 1.064330560507031151e+02
7.222623291740939067e+01 1.361779065161418032e+02 1.064968805704099850e+02
7.207966924143394749e+01 1.361406714200831800e+02 1.062792137056842989e+02
7.171410180233709752e+01 1.361753812636165719e+02 1.058665082194494005e+02
7.166136858783917774e+01 1.362013765102000491e+02 1.055499603881956858e+02
7.119182016240839062e+01 1.360734303822539175e+02 1.052129134482075727e+02
7.128079817785700811e+01 1.361564666270548685e+02 1.053254604872251861e+02
7.149886116062586439e+01 1.362288571994454287e+02 1.053085264408793762e+02
7.169073083778965838e+01 1.362742622301445863e+02 1.053163002574767262e+02
7.174539512774806838e+01 1.363673499702911442e+02 1.053126361655773451e+02
7.199440483264012869e+01 1.363826995444642591e+02 1.052699049316696431e+02
7.228733412556941573e+01 1.364730144583085689e+02 1.054830164388987868e+02
7.223994850465439299e+01 1.365923945335709959e+02 1.057823331352743139e+02
7.218746286393344747e+01 1.367356902356902424e+02 1.062746088334323673e+02
7.223083778966132229e+01 1.367307387601505297e+02 1.064104773222420306e+02
7.209120617944147114e+01 1.366539908892850121e+02 1.064345414933650176e+02
7.207739156268567626e+01 1.366938502673796734e+02 1.063956724103782960e+02
7.221197266785502222e+01 1.366208655179243294e+02 1.062981283422459882e+02
7.230446623093682490e+01 1.365477817389582071e+02 1.062751534957417334e+02
7.244880174291938602e+01 1.365189641513170784e+02 1.063521489403842395e+02
7.258259061200237738e+01 1.365564468211526901e+02 1.064715785304020557e+02
7.266374529609824151e+01 1.365946226975638638e+02 1.064952960982372758e+02
7.267201426024955424e+01 1.366382451970687271e+02 1.065225787284610846e+02
7.229758367993662205e+01 1.367776787482669931e+02 1.066070509011685488e+02
7.222197464844524006e+01 1.369487522281639826e+02 1.066782036046741950e+02
7.206773618538323944e+01 1.370587244999009613e+02 1.067330164388987868e+02
7.207045949693008424e+01 1.371250247573777017e+02 1.067782234105763450e+02
7.198400673400674066e+01 1.370172806496335909e+02 1.068060507031095199e+02
7.189760348583878624e+01 1.369949494949495090e+02 1.067861952861952801e+02
7.176891463656168924e+01 1.369447910477322239e+02 1.067434640522875782e+02
7.171588433353139180e+01 1.368945335710041604e+02 1.069682115270350522e+02
7.158363042186572045e+01 1.368847791641909168e+02 1.068362547039017585e+02
7.159066151713210502e+01 1.368935927906516099e+02 1.069054763319469146e+02
7.147375717963953434e+01 1.369955436720142643e+02 1.069221628045157502e+02
7.141745890275302600e+01 1.370501584472172567e+02 1.069832144979203861e+02
7.143835412953059461e+01 1.371016537928302625e+02 1.069639037433155124e+02
7.151633986928104036e+01 1.371496335908100548e+02 1.070385224796989547e+02
7.154996038819568582e+01 1.371986036838978009e+02 1.070009407803525505e+02
7.165022776787482428e+01 1.371935036640919066e+02 1.068982966924143341e+02
7.182486631016043077e+01 1.370565953654189002e+02 1.069836106159635563e+02
7.183769063180828596e+01 1.370385224796989405e+02 1.069041394335511939e+02
7.192394533571004445e+01 1.371278470984353248e+02 1.070151515151515156e+02
7.180466428995841000e+01 1.373308080808080831e+02 1.068931966726084397e+02
7.167399485046543361e+01 1.373795801148742441e+02 1.067770845712022236e+02
7.163027332144979198e+01 1.373479401861754923e+02 1.065992770845711988e+02
7.165819964349375937e+01 1.373644781144781177e+02 1.065401564666270531e+02
7.172048920578332343e+01 1.373905228758169983e+02 1.063936918201624025e+02
7.137507427213309086e+01 1.374443949296890537e+02 1.064655872449990142e+02
7.137977817389581503e+01 1.374776193305605148e+02 1.065494157258863197e+02
7.119800950683303142e+01 1.375385719944543439e+02 1.066592889681124916e+02
7.116646860764507210e+01 1.375127748068924518e+02 1.067294513765101982e+02
7.104659338482868236e+01 1.375454050306991576e+02 1.067443553178847253e+02
7.131506238859179803e+01 1.374786591404238436e+02 1.069009209744503863e+02
7.131362646068528477e+01 1.374633590810061321e+02 1.068746781540899207e+02
7.146885521885522508e+01 1.374270647653000594e+02 1.068768072885719960e+02
7.144820756585463073e+01 1.373108536343830508e+02 1.068080312933254135e+02
7.154570211923153522e+01 1.372973361061596336e+02 1.068372945137651016e+02
7.163576945929887074e+01 1.372087542087542147e+02 1.074757872846108171e+02
7.171009110714993540e+01 1.371071994454347305e+02 1.078150128738364089e+02
7.165631808278867254e+01 1.371820657555951755e+02 1.083268964151317135e+02
7.169795999207764226e+01 1.373794315706080340e+02 1.086685977421271474e+02
7.170593186769657734e+01 1.374698950287185539e+02 1.089132501485442646e+02
7.171910279263219934e+01 1.375824915824915706e+02 1.088220439691027934e+02
7.160061398296691948e+01 1.376334422657951961e+02 1.086443355119825753e+02
7.154817785700139154e+01 1.377065260447613468e+02 1.085701128936423032e+02
7.130387205387205540e+01 1.375220340661517184e+02 1.079695979401861763e+02
7.138730441671617655e+01 1.376745890275302031e+02 1.081172509407803517e+02
7.156996434937610729e+01 1.376633491780550571e+02 1.080276292335115897e+02
7.163433353139235749e+01 1.376816696375519768e+02 1.079463260051495297e+02
7.173024361259655279e+01 1.377171222024163342e+02 1.078646761734997028e+02
7.179174093879976226e+01 1.377243513567042896e+02 1.078449693008516590e+02
7.188324420677362525e+01 1.377364824717765828e+02 1.077522776787482712e+02
7.212041988512577007e+01 1.377840661517132048e+02 1.077431669637552005e+02
7.239062190532779084e+01 1.377968904733610600e+02 1.078765102000396183e+02
7.273702713408596310e+01 1.378505644682115303e+02 1.079744503862150964e+02
7.297385620915032689e+01 1.380621410180233681e+02 1.081634482075658497e+02
7.321429986135868262e+01 1.381129431570608119e+02 1.083560606060606091e+02
7.321826104179045558e+01 1.381132402455931754e+02 1.085263913646266616e+02
7.321613190730838028e+01 1.382296494355317975e+02 1.088041196276490439e+02
7.320657555951673601e+01 1.382100911071499354e+02 1.088249653396712233e+02
7.307501485442661249e+01 1.382293523469994057e+02 1.088616557734204804e+02
7.285918003565062406e+01 1.380950188156070624e+02 1.087745593186769639e+02
7.274054268171914828e+01 1.379538027332145020e+02 1.086686967716379542e+02
7.273905723905724585e+01 1.379470687264804951e+02 1.086438403644285984e+02
7.271222024163201070e+01 1.379682610417904414e+02 1.083836898395721988e+02
7.278877005347592899e+01 1.379278074866310249e+02 1.083824024559318673e+02
7.284145375321845961e+01 1.379469201822143134e+02 1.082438601703307626e+02
7.289185977421271900e+01 1.380052485640721045e+02 1.082526737967914414e+02
7.298965141612200114e+01 1.380088631412160964e+02 1.082207367795603119e+02
7.303881956823133237e+01 1.380231729055258540e+02 1.083028817587641157e+02
7.312131115072291720e+01 1.381134878193701638e+02 1.083269459298871027e+02
7.317394533571004445e+01 1.381640423846306192e+02 1.082963953258070973e+02
7.319409784115666184e+01 1.381938997821350767e+02 1.082756486432956962e+02
7.309581105169340276e+01 1.380550108932461910e+02 1.081061596355714016e+02
7.306327985739750375e+01 1.380199049316696289e+02 1.082336601307189596e+02
7.302446028916617138e+01 1.379892057833234276e+02 1.081065062388591826e+02
7.304941572588631971e+01 1.378822539116656856e+02 1.080638245197068699e+02
7.309293919588037625e+01 1.377709942562883612e+02 1.079696969696969688e+02
7.308214497920380381e+01 1.377440582293523335e+02 1.079889086947910499e+02
7.305416914240443305e+01 1.376854822737175539e+02 1.078727965933848338e+02
7.309992077639137165e+01 1.376427015250544628e+02 1.078615072291542845e+02
7.317013269954446741e+01 1.377372747078629516e+02 1.079503367003367060e+02
7.304490988314518063e+01 1.378345712022182568e+02 1.080984848484848442e+02
7.271791443850267456e+01 1.378598237274707969e+02 1.084827688651218125e+02
7.270910081204198150e+01 1.380036145771439919e+02 1.086241830065359437e+02
7.259932659932660215e+01 1.379587046939988113e+02 1.086583977025153445e+02
7.253980986333927206e+01 1.380255496137849036e+02 1.087555456526044821e+02
7.256149732620320947e+01 1.381964745494157398e+02 1.086469102792632242e+02
7.247940186175480903e+01 1.382420281243810791e+02 1.083563576945929867e+02
7.243464052287581012e+01 1.382170726876609308e+02 1.083819073083778903e+02
7.237977817389581503e+01 1.381386908298673006e+02 1.083254604872251861e+02
7.233610615963557677e+01 1.380762032085561373e+02 1.082335611012081671e+02
7.263982966924143625e+01 1.379091404238463099e+02 1.082722816399286927e+02
7.284155278272925216e+01 1.378371459694989198e+02 1.083014458308576025e+02
7.303159041394334849e+01 1.379278570013863998e+02 1.084552386611210153e+02
7.309239453357101013e+01 1.379125569419687167e+02 1.085027728263022340e+02
7.321920182214299189e+01 1.378801247771835961e+02 1.086608734402852008e+02
7.307130124777184221e+01 1.380290156466627138e+02 1.087436621113091633e+02
7.290661517132105018e+01 1.382464844523668148e+02 1.087827787680728875e+02
7.272296494355317975e+01 1.383624975242622384e+02 1.089327589621707233e+02
7.269726678550208021e+01 1.384084967320261512e+02 1.089171618142206341e+02
7.261026936026935630e+01 1.384466726084373249e+02 1.090033174886116001e+02
7.258620518914636932e+01 1.384838086749851414e+02 1.089812339077044925e+02
7.264577143988908858e+01 1.384690037631214068e+02 1.089617746088334371e+02
7.261591404238463099e+01 1.382822836205189105e+02 1.087291542879778206e+02
7.253173895820954442e+01 1.380392652010299059e+02 1.082468805704099850e+02
7.262022182610418497e+01 1.381562685680332834e+02 1.083903248167953990e+02
7.276841948900772650e+01 1.382827292533174841e+02 1.083430382253911688e+02
7.286645870469399711e+01 1.383538324420677270e+02 1.082497524262230115e+02
7.297039017627253088e+01 1.383915131709249238e+02 1.081518617548029368e+02
7.307922360863537392e+01 1.385245098039215748e+02 1.083075361457714365e+02
7.319810853634382397e+01 1.385576846900376324e+02 1.083806694394929622e+02
7.324390968508615174e+01 1.385632798573975037e+02 1.083758665082194454e+02
7.330877401465636467e+01 1.383626955832838235e+02 1.082533670033670035e+02
7.324806892453950979e+01 1.383733907704495891e+02 1.082526737967914414e+02
7.317820360467419505e+01 1.383687858981976717e+02 1.083279857397504458e+02
7.324688057040998501e+01 1.384333036244800894e+02 1.083659635571400344e+02
7.321722123192711251e+01 1.382556941968706781e+02 1.083133293721529071e+02
7.307526242820360096e+01 1.381378985937809603e+02 1.082451475539710799e+02
7.310323826500297173e+01 1.383400673400673497e+02 1.084532580709051359e+02
7.319246385422856349e+01 1.385669439492968991e+02 1.087244999009704856e+02
7.322618340265398729e+01 1.385757080610021887e+02 1.087899088928500646e+02
7.314240443652208512e+01 1.384682610417904414e+02 1.086523569023568996e+02
7.326980590215883637e+01 1.384724202812438136e+02 1.087643097643097576e+02
7.354505842741136235e+01 1.384708853238265078e+02 1.088787383640324862e+02
7.372286591404238720e+01 1.384649435531788413e+02 1.089432560903149181e+02
7.381238859180035661e+01 1.383150128738363946e+02 1.089010695187165823e+02
7.364081996434937594e+01 1.382385125767478655e+02 1.086288373935432787e+02
7.363888888888888573e+01 1.382565854624678252e+02 1.085455040602099359e+02
7.358868092691622564e+01 1.383339275103980981e+02 1.084581600316894452e+02
7.353708655179242726e+01 1.383294711824123624e+02 1.084144880174291927e+02
7.352634184987125820e+01 1.382813428401663600e+02 1.083246187363834423e+02
7.343696771637948473e+01 1.384110219845513825e+02 1.084492473757179596e+02
7.350297088532383327e+01 1.384581600316894310e+02 1.086366607248960179e+02
7.333179837591602279e+01 1.383716577540106982e+02 1.087408892850069293e+02
7.329317686670627552e+01 1.382380174291938886e+02 1.087152406417112331e+02
7.323138245197068841e+01 1.382303921568627345e+02 1.085676866706278503e+02
7.331011091305208538e+01 1.382405921964745517e+02 1.086681025945731847e+02
7.327495543672014833e+01 1.381755298078827536e+02 1.089147851059615704e+02
7.317181620122796915e+01 1.381167557932263890e+02 1.089796989502871867e+02
7.312240047534164944e+01 1.380706080411962660e+02 1.090483264012675733e+02
7.310254505842740969e+01 1.380718459100812083e+02 1.092239552386611194e+02
7.318087740146563647e+01 1.382085561497326296e+02 1.090451574569221691e+02
7.309907902554961368e+01 1.381874628639334617e+02 1.085746682511388457e+02
7.311868686868686495e+01 1.381765696177460825e+02 1.085014854426619166e+02
7.308868092691622564e+01 1.382942661913250220e+02 1.084783125371360626e+02
7.310180233709645847e+01 1.382661913250148586e+02 1.084701426024955424e+02
7.278827490592196625e+01 1.383051099227569694e+02 1.081853337294513722e+02
7.257293523469994057e+01 1.383406615171321050e+02 1.079152307387601439e+02
7.242954050306991576e+01 1.384374133491780583e+02 1.077683699742523231e+02
7.233219449395919298e+01 1.385812041988512533e+02 1.078392751039809809e+02
7.229669241433947491e+01 1.385610516934046359e+02 1.077030600118835366e+02
7.230550604080015376e+01 1.385754109724697969e+02 1.078571499306793413e+02
7.238057040998216962e+01 1.385927411368587912e+02 1.080177757971875678e+02
7.244385026737967337e+01 1.386545355515943641e+02 1.083504159239453344e+02
7.246949891067538374e+01 1.386776094276094398e+02 1.083865616953852253e+02
7.249133491780550287e+01 1.385422856011091426e+02 1.083287779758368004e+02
7.227649039413745413e+01 1.385147058823529278e+02 1.082717864923747300e+02
7.219043374925728074e+01 1.386348286789463202e+02 1.084773717567835263e+02
7.205961576549812264e+01 1.387478213507625355e+02 1.085280748663101633e+02
7.198876015052485400e+01 1.387681719152307380e+02 1.085498118439294899e+02
7.189433551198257533e+01 1.387327688651218125e+02 1.084248861160625808e+02
7.192023172905525996e+01 1.388735393147157993e+02 1.085686274509803866e+02
7.195850663497722621e+01 1.389991582491582562e+02 1.086835511982570779e+02
7.193721529015647320e+01 1.388799267181620110e+02 1.086231431966726149e+02
7.159511784511784072e+01 1.385221330956624968e+02 1.083066943949296927e+02
7.157149930679342731e+01 1.385945731828084888e+02 1.083128837393543336e+02
7.164096850861557186e+01 1.385737274707862809e+02 1.084116656763715554e+02
7.178619528619528012e+01 1.385114874232521345e+02 1.086129431570607977e+02
7.173989898989898961e+01 1.384234006734006641e+02 1.085213903743315456e+02
7.170058427411368029e+01 1.382640621905327691e+02 1.085664488017429221e+02
7.168320459496929686e+01 1.382847098435333635e+02 1.085623390770449532e+02
7.156134878193701354e+01 1.383557635175282314e+02 1.084770251534957453e+02
7.145296098237274407e+01 1.384245395127747997e+02 1.083166468607645072e+02
7.133724499900969818e+01 1.383637849079025557e+02 1.082433650227767856e+02
7.116250742721331335e+01 1.383698752228164039e+02 1.081286393345216936e+02
7.105144583085760246e+01 1.383923054070112926e+02 1.080808575955634723e+02
7.109204793028322911e+01 1.385420380273321541e+02 1.082288076846900395e+02
7.088854228560110471e+01 1.384563775004951367e+02 1.083839374133491731e+02
7.087735195088136209e+01 1.382702020202020208e+02 1.084780154486036849e+02
7.089854426619132255e+01 1.382912953060011887e+02 1.085586254703901830e+02
7.084833630421866246e+01 1.384131016042780686e+02 1.087835214894038387e+02
7.099074074074074758e+01 1.383732917409388108e+02 1.091252723311546902e+02
7.104193899782134736e+01 1.382232620320855574e+02 1.091084373143196729e+02
7.104639532580709727e+01 1.380966032877797716e+02 1.089933650227767856e+02
7.115300059417705825e+01 1.380877401465636751e+02 1.090824420677361815e+02
7.127460883343236731e+01 1.381165577342048039e+02 1.091700831847890640e+02
7.134402852049910848e+01 1.380681323034264096e+02 1.091387898593780932e+02
7.143875024757377901e+01 1.378570509011685488e+02 1.088570013864131454e+02
7.154084967320261512e+01 1.378847791641909168e+02 1.086058130322836206e+02
7.162655971479500749e+01 1.380323826500297173e+02 1.085702614379084991e+02
7.173717567835214481e+01 1.382067736185383353e+02 1.087537631214101737e+02
7.178337294513765698e+01 1.381365121806298362e+02 1.088874034462269691e+02
7.180931867696573079e+01 1.379962863933452297e+02 1.088365517924341503e+02
7.186031887502475968e+01 1.381050207961972660e+02 1.089940087145969443e+02
7.193023370964547780e+01 1.383175381263616543e+02 1.092244503862150964e+02
7.195662507427213939e+01 1.382925331748861026e+02 1.093414537532184596e+02
7.192166765696177322e+01 1.382301445830857460e+02 1.084366211130917037e+02
7.198702713408596310e+01 1.383671023965141558e+02 1.078793820558526448e+02
7.207942166765695902e+01 1.384491978609625562e+02 1.077985739750445617e+02
7.228797781738958861e+01 1.385345612992671818e+02 1.078584868290750620e+02
7.230758566052683989e+01 1.384209744503862112e+02 1.076466627054862357e+02
7.228847296494355135e+01 1.383601703307585638e+02 1.077723311546840961e+02
7.252569815805109954e+01 1.384468706674589100e+02 1.077468310556545816e+02
7.265943751237868753e+01 1.384088928500693214e+02 1.079754901960784252e+02
7.270226777579718203e+01 1.383699247375718073e+02 1.079638542285601090e+02
7.259709843533373430e+01 1.381006634977223086e+02 1.077817884729649478e+02
7.245845712022182283e+01 1.379028025351554732e+02 1.075809566250742790e+02
7.240631808278867254e+01 1.377835214894038529e+02 1.074227569815805055e+02
7.236987522281640395e+01 1.377643097643097576e+02 1.073875024757377759e+02
7.234155278272925216e+01 1.374798970093087860e+02 1.070836799366211096e+02
7.221014062190532456e+01 1.373461081402257946e+02 1.068547237076648884e+02
7.196519112695582976e+01 1.374982669835611091e+02 1.069884630619924764e+02
7.166577540106952426e+01 1.376393345216874593e+02 1.071446821152703563e+02
7.136586452762922761e+01 1.377715884333531449e+02 1.072454941572588609e+02
7.131050703109526978e+01 1.376062091503268050e+02 1.071447316300257455e+02
7.132476728064963822e+01 1.376956327985739676e+02 1.072134085957615355e+02
7.117488611606258075e+01 1.378617548029312729e+02 1.074977223212517288e+02
7.107560903149138198e+01 1.377774311744900047e+02 1.079718261041790441e+02
7.101609229550406610e+01 1.376336403248167812e+02 1.077594078035254483e+02
7.092206377500495762e+01 1.373803723509605845e+02 1.075922955040602034e+02
7.096261635967518089e+01 1.374904436522083699e+02 1.077222717369776177e+02
7.104495939790056980e+01 1.374608833432362758e+02 1.078587839176074539e+02
7.100108932461873223e+01 1.374557338086749780e+02 1.080036640918993811e+02
7.097657952069717169e+01 1.373531887502475684e+02 1.079260744701921197e+02
7.073732422261834074e+01 1.373788373935432787e+02 1.081909784115666469e+02
7.078797781738958861e+01 1.376625074272133133e+02 1.084456327985739819e+02
7.070929887106358080e+01 1.378169439492968991e+02 1.083420974450386183e+02
7.057258863141215954e+01 1.376575559516736007e+02 1.080844226579520750e+02
7.042241037829272443e+01 1.375692711428005452e+02 1.079061200237670874e+02
7.021281441869676598e+01 1.375591206179441599e+02 1.078433848286789498e+02
7.018944345414934105e+01 1.375441671618142152e+02 1.078143196672608468e+02
7.032669835611011422e+01 1.374207763913646261e+02 1.078051099227569836e+02
7.055689245395127784e+01 1.373738859180035661e+02 1.079086452762923329e+02
7.071449792038026771e+01 1.374104773222420306e+02 1.080359477124183059e+02
7.077381659734601271e+01 1.373518518518518476e+02 1.081002178649237493e+02
7.083645276292335780e+01 1.373891364626658742e+02 1.081148742325212879e+02
7.081268568033273425e+01 1.374474648445236653e+02 1.079266191325014859e+02
7.082278669043374464e+01 1.374252822341057652e+02 1.078397207367795545e+02
7.077743117449000465e+01 1.374799465240641609e+02 1.077683204594969339e+02
7.067176668647256577e+01 1.374608338284809008e+02 1.074575163398692865e+02
7.072420281243810791e+01 1.375376312141017934e+02 1.074676668647256861e+02
7.066107149930680009e+01 1.374222123192711535e+02 1.074124579124579100e+02
7.063987918399682542e+01 1.373716082392552948e+02 1.075002970885323776e+02
7.070464448405624580e+01 1.373501188354129567e+02 1.075537730243612629e+02
7.060690235690235284e+01 1.374184491978609515e+02 1.075232719350366466e+02
7.059962368785897979e+01 1.373661121014062303e+02 1.074296395325807083e+02
7.043850267379679053e+01 1.372827292533174841e+02 1.074898494751435862e+02
7.033313527431174350e+01 1.371876609229550468e+02 1.076404238463062057e+02
7.037660922955041087e+01 1.372002376708259135e+02 1.077326203208556166e+02
7.024232521291344256e+01 1.371778570013863998e+02 1.076481481481481524e+02
7.020405030699149052e+01 1.370945236680530854e+02 1.076916716181422089e+02
7.023643295702119360e+01 1.370299564270152644e+02 1.074200336700336749e+02
7.036259655377303091e+01 1.371634482075658639e+02 1.073091206179441457e+02
7.046019013666072794e+01 1.372836205189146312e+02 1.072563874034462259e+02
7.050683303624479947e+01 1.373360071301247842e+02 1.072193503664091878e+02
7.050168350168350173e+01 1.372484650425826942e+02 1.071014062190532741e+02
7.054669241433947491e+01 1.371533471974648535e+02 1.071167557932263747e+02
7.067652010299069332e+01 1.370821449792038038e+02 1.075545157456922141e+02
7.071088334323628999e+01 1.370839275103980981e+02 1.075851158645276229e+02
7.071801346801346710e+01 1.369872747078629516e+02 1.076328480887304408e+02
7.077446028916617138e+01 1.369462764903941263e+02 1.076670132699544524e+02
7.082169736581501240e+01 1.370881857793622487e+02 1.077842642107348041e+02
7.092429193899782547e+01 1.372549514755397126e+02 1.078511091305208964e+02
7.094899980194098532e+01 1.373059021588433382e+02 1.079808873044167115e+02
7.091874628639334333e+01 1.372439591998415551e+02 1.080076747870865574e+02
7.086294315706079772e+01 1.371519112695583260e+02 1.079721727074668252e+02
7.084853436324024756e+01 1.371892949098831593e+02 1.077489106753812678e+02
7.074995048524459662e+01 1.371259655377302522e+02 1.075705090116854876e+02
7.067582689641513127e+01 1.371246286393345315e+02 1.072295008912656016e+02
7.069924737571795959e+01 1.370200039611804357e+02 1.070848682907506486e+02
7.067191523073876169e+01 1.368651218062982764e+02 1.069632600514953396e+02
7.049430580312933614e+01 1.369236977619330560e+02 1.067616854822737196e+02
7.034699940582294175e+01 1.369412259853436353e+02 1.065729847494553439e+02
7.022846108140225851e+01 1.369962863933452297e+02 1.064991087344028529e+02
7.007957021192315494e+01 1.371245791245791281e+02 1.063876510200039576e+02
7.000108932461873223e+01 1.371241334917805546e+02 1.062994652406417089e+02
7.020078233313527960e+01 1.371719152307387617e+02 1.063205090116854876e+02
7.036447811447811773e+01 1.371252723311546902e+02 1.061742919389978255e+02
7.047385620915032689e+01 1.371691919191919169e+02 1.062874331550802083e+02
7.055709051297286294e+01 1.371297286591404259e+02 1.064374628639334475e+02
7.066716181422063414e+01 1.370987819370172360e+02 1.063940384234501835e+02
7.066117052881759264e+01 1.370141612200435759e+02 1.065160922955040661e+02
7.064869281045751848e+01 1.369817785700138586e+02 1.066541394335511939e+02
7.060229748465042121e+01 1.368656664686076567e+02 1.068125371360665525e+02
7.060447613388789989e+01 1.364879183996831102e+02 1.068133293721529071e+02
7.061621113091700863e+01 1.365070806100217737e+02 1.068088730441671572e+02
7.077911467617350638e+01 1.366475044563279937e+02 1.068455139631610251e+02
7.085239651416121376e+01 1.368035749653396635e+02 1.065794216676569590e+02
7.093459100812042095e+01 1.369428104575163445e+02 1.065780352545058491e+02
7.085942760942761254e+01 1.369152802535155615e+02 1.064701921172509458e+02
7.100722915428798387e+01 1.369980194097841206e+02 1.064847989700930810e+02
7.114799960388195643e+01 1.370483759160229624e+02 1.065318875024757403e+02
7.135299069122598326e+01 1.370149039413745413e+02 1.065312933254109709e+02
7.145761536938007907e+01 1.368580907110318776e+02 1.064543969102792573e+02
7.151218062982768231e+01 1.366130917013269936e+02 1.063524955436720205e+02
7.158868092691622564e+01 1.365442166765696186e+02 1.063019409784115652e+02
7.153173895820954442e+01 1.365584769261239728e+02 1.063038225391166520e+02
7.140359477124182774e+01 1.365986829075064293e+02 1.062841156664686082e+02
7.132397504456328363e+01 1.365871954842542948e+02 1.062652010299069190e+02
7.126480491186373456e+01 1.366271538918597628e+02 1.062699049316696431e+02
7.116632006337889038e+01 1.366252228163992868e+02 1.061763715587244974e+02
7.104124579124578531e+01 1.364939096850861517e+02 1.064735591206179492e+02
7.081466627054862784e+01 1.363203109526639025e+02 1.066108140225787224e+02
7.058333333333332860e+01 1.361975638740344721e+02 1.067816399286987519e+02
7.040404040404040131e+01 1.360770944741532844e+02 1.069249851455733875e+02
7.033991879580115381e+01 1.360242127153891829e+02 1.069231530996236899e+02
7.019389978213507675e+01 1.359525648643295597e+02 1.065832343038225360e+02
6.997157853040205566e+01 1.358446226975638638e+02 1.060837294513765130e+02
6.974014656367597809e+01 1.357670825906120058e+02 1.057132600514953396e+02
6.967161814220638405e+01 1.357374727668845367e+02 1.055735294117647101e+02
6.966993464052288232e+01 1.358790849673202672e+02 1.054873737373737441e+02
6.983125371360665667e+01 1.358277876807288465e+02 1.056189839572192568e+02
7.011234897999604243e+01 1.358565557536145718e+02 1.058599227569815753e+02
7.030560507031094630e+01 1.359090909090909065e+02 1.060788770053475929e+02
7.050485244602892010e+01 1.361127946127946018e+02 1.063675480293127293e+02
7.070350564468211019e+01 1.362042978807684790e+02 1.066083877995642695e+02
7.083031293325410616e+01 1.363149633590810197e+02 1.066021984551396287e+02
7.091983561101207556e+01 1.363644781144781177e+02 1.065427807486631053e+02
7.105025747672806347e+01 1.364155278272925216e+02 1.064324618736383457e+02
7.109041394335511654e+01 1.364389483065953641e+02 1.064353832442067755e+02
7.106313131313130782e+01 1.363362051891463693e+02 1.063896811249752403e+02
7.095741731035847977e+01 1.361967221231926999e+02 1.062169241433947349e+02
7.090413943355119386e+01 1.361107645078233190e+02 1.062250445632798517e+02
7.084690037631213499e+01 1.360670924935630808e+02 1.062997128144186973e+02
7.090503069914834100e+01 1.361275004951475580e+02 1.064166666666666714e+02
7.077243018419488862e+01 1.360339176074470231e+02 1.063151614181025906e+02
7.076356704297880640e+01 1.360912556941968603e+02 1.062171717171717233e+02
7.075133689839572071e+01 1.359834620716973745e+02 1.060146068528421495e+02
7.083278867102396248e+01 1.360399584076054680e+02 1.059441473559120652e+02
7.083298673004554757e+01 1.359892552980788309e+02 1.058334323628441211e+02
7.078119429590017830e+01 1.360127748068924518e+02 1.057702515349574242e+02
7.070033670033670603e+01 1.359815309962368701e+02 1.057991186373539279e+02
7.069172113289759807e+01 1.359699445434739573e+02 1.058921073479897075e+02
7.057684690037631015e+01 1.358751733016438834e+02 1.058502178649237493e+02
7.034719746484452685e+01 1.358517033075856659e+02 1.058704198851257701e+02
7.024019607843136725e+01 1.357749059219647449e+02 1.058580907110318918e+02
7.042097445038621117e+01 1.357196969696969688e+02 1.058231828084769290e+02
7.074811843929491317e+01 1.356620617944147398e+02 1.058338779956426947e+02
7.088685878391760298e+01 1.357130124777183653e+02 1.058724995048524420e+02
7.102094474153297199e+01 1.358259061200237738e+02 1.059722717369776177e+02
7.114116656763715696e+01 1.358778966131907282e+02 1.060440681323034227e+02
7.118265993265993075e+01 1.358578431372548891e+02 1.054204297880768451e+02
7.122875816993463616e+01 1.358729946524064189e+02 1.052398494751435862e+02
7.125816993464052018e+01 1.359262725292137191e+02 1.050161418102594553e+02
7.148088730441671146e+01 1.355365418894830611e+02 1.043546741929094850e+02
7.134199841552782573e+01 1.355666468607645072e+02 1.043176866706278503e+02
7.061838978015448731e+01 1.357523271935036746e+02 1.047647058823529420e+02
7.004802931273519562e+01 1.358724004753416637e+02 1.050544662309368249e+02
6.983199643493760789e+01 1.360157456922162851e+02 1.055093582887700592e+02
6.972702515349574526e+01 1.361670627847098558e+02 1.056659239453357060e+02
6.983278867102396248e+01 1.363921568627451109e+02 1.059336007130124813e+02
6.994820756585463073e+01 1.365619429590017830e+02 1.060198059021588364e+02
7.000881362646067885e+01 1.366346306199247351e+02 1.060574371162606440e+02
7.018657159833630033e+01 1.366966230936819215e+02 1.060375321845910150e+02
7.023989898989898961e+01 1.368053079817785829e+02 1.061012576747870924e+02
7.021895424836601762e+01 1.368421964745494108e+02 1.061496335908100548e+02
7.031882551000198589e+01 1.368234303822539175e+02 1.062527728263022340e+02
7.047291542879777637e+01 1.368053079817785829e+02 1.063291245791245814e+02
7.070246583481878133e+01 1.367809467221231898e+02 1.064893048128342201e+02
7.077505446623094087e+01 1.366778570013863998e+02 1.064445929887106388e+02
7.087591602297484883e+01 1.366037334125569487e+02 1.064372152901564732e+02
7.099554367201426430e+01 1.366189839572192568e+02 1.063145177262824319e+02
7.102960982372746912e+01 1.366126460685284201e+02 1.061492374727668846e+02
7.106105169340463590e+01 1.366569122598534420e+02 1.061204693998811592e+02
7.109878193701723603e+01 1.366964250346603365e+02 1.060980887304416740e+02
7.115651614181025764e+01 1.367387601505248540e+02 1.060024262230144529e+02
7.132115270350564629e+01 1.368261536938007623e+02 1.061291344820756564e+02
7.136125965537729599e+01 1.367840661517132048e+02 1.062200930877401532e+02
7.155733808674985141e+01 1.367907011289364334e+02 1.063212022182610355e+02
7.166230936819171404e+01 1.367849574173103520e+02 1.064274608833432296e+02
7.167602495543671637e+01 1.367705486234897876e+02 1.064422657952069784e+02
7.153094672212318983e+01 1.367743612596553646e+02 1.063344226579520750e+02
7.148514557338086206e+01 1.367162804515745620e+02 1.061767181620122784e+02
7.143275896217072329e+01 1.366394335511982661e+02 1.061502772826302277e+02
7.140879382055852886e+01 1.366202218261041708e+02 1.060412457912457853e+02
7.140953654188948008e+01 1.366045256486432891e+02 1.060268369974252352e+02
7.129020598138245646e+01 1.366935036640919066e+02 1.060773420479302871e+02
7.113522479698950463e+01 1.368937413349177916e+02 1.062546048722519316e+02
7.090205981382452194e+01 1.369495444642503514e+02 1.062167260843731498e+02
7.082600514953456639e+01 1.369036938007526203e+02 1.061228461081402230e+02
7.076460685284214946e+01 1.369276589423648147e+02 1.060219350366409259e+02
7.085873440285205049e+01 1.369445434739552354e+02 1.061968706674588958e+02
7.114369182016240245e+01 1.369524163200633780e+02 1.063700237670825857e+02
7.130154486036839501e+01 1.369211229946523929e+02 1.064293424440483307e+02
7.137502475737770169e+01 1.369261239849475089e+02 1.065418399683105548e+02
7.151426024955436844e+01 1.370514953456130058e+02 1.066937512378688808e+02
7.124494949494949481e+01 1.371731530996236756e+02 1.066169538522479741e+02
7.085447613388789989e+01 1.372203901762725309e+02 1.064155278272925358e+02
7.049905921964744948e+01 1.372627748068924518e+02 1.063054070112893612e+02
7.037329174093879658e+01 1.372249455337690733e+02 1.061893444246385485e+02
7.034140423846305623e+01 1.372266290354525609e+02 1.061540899187958047e+02
7.029208754208754328e+01 1.372608437314319758e+02 1.062807486631016047e+02
7.038492770845712698e+01 1.372075658546246757e+02 1.062279164190928924e+02
7.044305803129331878e+01 1.371817191523073802e+02 1.064890077243018425e+02
7.048172905525846943e+01 1.371406714200831800e+02 1.064495444642503514e+02
7.050089126559714714e+01 1.371409189938601685e+02 1.065424341453753243e+02
7.041572588631412088e+01 1.372039017627252804e+02 1.066300257476728035e+02
7.041686472568825650e+01 1.371488908694791178e+02 1.065576846900376324e+02
7.037334125569419996e+01 1.371552782729253295e+02 1.066495345612992622e+02
7.027069716775599773e+01 1.372605961576549873e+02 1.066865220835809112e+02
7.022563874034462117e+01 1.372442562883739470e+02 1.068074371162606440e+02
6.994330560507030725e+01 1.373229847494553439e+02 1.065975440681323079e+02
6.984853436324024756e+01 1.373570509011685488e+02 1.065508021390374296e+02
6.973826500297089126e+01 1.374120617944147398e+02 1.063206080411962802e+02
6.940468409586055998e+01 1.374512774806892423e+02 1.060819964349376079e+02
6.946345811051693886e+01 1.375236185383244276e+02 1.060863042186571619e+02
6.983155080213903432e+01 1.375596652802535118e+02 1.063568033273915603e+02
7.036809269162210967e+01 1.375551594375123727e+02 1.066104179045355522e+02
7.056035848682907385e+01 1.376188849277084500e+02 1.067582194493959236e+02
7.078565062388591400e+01 1.375667458902753140e+02 1.068611111111111143e+02
7.082392552980788025e+01 1.375945731828084888e+02 1.069302832244008670e+02
7.067582689641513127e+01 1.376215587244998915e+02 1.069507328183798762e+02
7.050054466230936612e+01 1.376931570608041113e+02 1.070344127550009858e+02
7.021836007130124813e+01 1.377980788274905990e+02 1.072539116656763696e+02
7.020969498910675100e+01 1.378571499306793555e+02 1.072460388195682270e+02
7.016047732224203060e+01 1.379513269954446457e+02 1.072420776391364683e+02
7.009279065161418032e+01 1.380504060209942452e+02 1.071618637353931405e+02
7.005842741136858365e+01 1.381288373935432787e+02 1.071767181620122784e+02
7.006446821152702853e+01 1.381376510200039718e+02 1.071023469994058246e+02
6.996122994652407101e+01 1.381121014062190397e+02 1.069311744899980141e+02
7.002143988908694894e+01 1.380602099425628921e+02 1.068310556545850716e+02
6.997692612398495271e+01 1.380108437314319758e+02 1.068608140225787224e+02
7.003574965339670655e+01 1.379202317290552458e+02 1.069520697167755969e+02
7.006164587046940539e+01 1.378386809269162256e+02 1.069669736581501240e+02
7.011769657357892527e+01 1.378436324024559383e+02 1.069541988512576722e+02
7.018330362448008941e+01 1.379686076450782366e+02 1.071421073479897075e+02
6.983199643493760789e+01 1.380895721925133728e+02 1.076365616953852253e+02
6.940958605664488346e+01 1.381558724499900848e+02 1.081025450584274097e+02
6.920162408397702336e+01 1.382561398296692516e+02 1.081681025945731847e+02
6.902634184987125820e+01 1.383355614973262107e+02 1.083634878193701780e+02
6.902673796791444261e+01 1.383767577738165926e+02 1.085151020003961122e+02
6.922489601901366996e+01 1.384183501683501731e+02 1.085772925331748837e+02
6.924480095068329888e+01 1.382819865319865187e+02 1.083734897999603817e+02
6.930654585066349682e+01 1.382465834818775932e+02 1.082621311150722931e+02
6.934061200237670164e+01 1.381979599920776423e+02 1.081432957021192323e+02
6.936596355714003437e+01 1.381511190334719856e+02 1.080862547039017585e+02
6.939646464646465063e+01 1.382282135076252700e+02 1.077953060011883508e+02
6.934808873044167399e+01 1.381202218261041708e+02 1.076462170726876622e+02
6.937249950485244199e+01 1.381049217666864593e+02 1.074928698752228229e+02
6.939923747276688459e+01 1.380127252921370484e+02 1.073536343830461419e+02
6.945315904139432917e+01 1.380790255496137888e+02 1.073365517924341503e+02
6.927812438106555248e+01 1.379917805506040906e+02 1.076624083977025208e+02
6.895276292335115897e+01 1.380373836403248049e+02 1.081808774014656365e+02
6.879436522083581451e+01 1.379719746484452401e+02 1.083647256882551062e+02
6.877639136462666158e+01 1.379171618142206341e+02 1.085585759556347796e+02
6.869771241830065378e+01 1.379780154486036849e+02 1.086802337096454778e+02
6.860596157654981653e+01 1.379045850663497674e+02 1.088493265993266021e+02
6.863982966924143625e+01 1.379163695781342938e+02 1.091003664091899452e+02
6.854327589621706807e+01 1.379146860764507778e+02 1.091238859180035661e+02
6.853693800752624554e+01 1.378267478708655176e+02 1.090323826500297031e+02
6.848326401267577523e+01 1.376970192117250917e+02 1.090099029510794253e+02
6.912883739354327872e+01 1.373577441077441108e+02 1.088077837195484250e+02
6.951039809863338803e+01 1.371662210338680836e+02 1.084601901366607279e+02
6.965656565656566102e+01 1.370284214695979301e+02 1.082301445830857602e+02
6.968137254901961342e+01 1.369666765696177322e+02 1.082068231332937245e+02
6.989750445632797948e+01 1.368863141216082511e+02 1.081367102396514213e+02
7.013433353139235749e+01 1.366336403248167812e+02 1.080563973063973009e+02
7.045068330362448705e+01 1.364511784511784640e+02 1.081140819964349333e+02
7.070712022182610212e+01 1.362763418498712724e+02 1.081173994850465476e+02
7.078817587641117370e+01 1.360833828480887178e+02 1.080394137452961019e+02
7.071751832045949016e+01 1.361183897801544731e+02 1.080174787086551760e+02
7.055921964745493824e+01 1.361215092097445165e+02 1.078123390770449532e+02
7.055634779164191173e+01 1.361836007130124813e+02 1.076504258268964094e+02
7.054347395523866737e+01 1.361891463656169492e+02 1.076040800158447155e+02
7.025450584274113908e+01 1.361367597544068246e+02 1.073164983164983113e+02
7.033660130718953951e+01 1.362294513765102124e+02 1.073772034066151662e+02
7.029218657159833583e+01 1.363904238463061915e+02 1.072458407605466419e+02
7.029906912259853868e+01 1.364043870073281823e+02 1.072249950485244625e+02
7.017112299465240710e+01 1.363953753218459042e+02 1.071836997425232738e+02
7.016849871261635485e+01 1.362822341057635072e+02 1.071497821350762507e+02
7.015696177460883121e+01 1.362850069320657553e+02 1.071305208952267805e+02
7.027777777777777146e+01 1.362213309566250814e+02 1.072072687660922981e+02
7.035185185185184764e+01 1.362846108140225851e+02 1.073429391958803762e+02
7.038695781342839553e+01 1.362197959992077756e+02 1.073313032283620458e+02
7.039181025945731562e+01 1.361863240245593261e+02 1.073753713606654827e+02
7.049024559318677063e+01 1.361991978609625562e+02 1.073819073083778903e+02
7.045548623489800377e+01 1.362463359081006047e+02 1.074153792830263399e+02
7.036576549811843506e+01 1.362556446821152747e+02 1.073814121608239276e+02
7.037532184591007933e+01 1.362708457120221794e+02 1.073002574767280635e+02
7.021578530402059926e+01 1.363727470786294305e+02 1.073127351950881376e+02
7.019617746088334798e+01 1.363805704099821696e+02 1.074332541097247002e+02
7.003342245989304615e+01 1.363231828084769290e+02 1.071538423450188162e+02
6.994043374925728074e+01 1.362416815210932839e+02 1.069618736383442297e+02
6.990631808278867254e+01 1.362241037829273012e+02 1.069156763715587175e+02
6.989809863339274898e+01 1.362440087145969585e+02 1.068569023569023528e+02
6.993147157853040596e+01 1.362516339869281126e+02 1.067903545256486382e+02
6.973316498316498269e+01 1.361848385818973952e+02 1.071887997623291682e+02
6.963675975440681043e+01 1.361433947316300248e+02 1.075159437512378702e+02
6.968637353931471523e+01 1.361575559516736007e+02 1.077127153891859734e+02
6.965993265993266448e+01 1.362189047336106285e+02 1.079361259655377268e+02
6.963101604278074319e+01 1.361430481283422580e+02 1.080094078035254483e+02
6.905481283422460592e+01 1.362660922955040519e+02 1.078111012081600251e+02
6.873880966528025738e+01 1.362938205585264484e+02 1.076682016240839772e+02
6.841102198455139671e+01 1.364020598138245077e+02 1.076263616557734224e+02
6.819078035254506176e+01 1.364081006139829810e+02 1.075771439889086878e+02
6.809581105169340276e+01 1.364216676569617732e+02 1.075667458902752998e+02
6.832803525450584914e+01 1.366428005545652695e+02 1.069547435135670383e+02
6.852262824321647372e+01 1.368847791641909168e+02 1.062865914042384645e+02
6.865116854822737480e+01 1.368866607248960179e+02 1.059663299663299654e+02
6.872529213705684015e+01 1.367409387997623185e+02 1.058224896019013670e+02
6.879045355515943072e+01 1.367732224202812574e+02 1.058320954644484004e+02
6.896979599920776138e+01 1.368252129134482118e+02 1.058548722519310701e+02
6.920107942166765724e+01 1.368499207763913716e+02 1.061365616953852253e+02
6.928302634184987596e+01 1.367662903545256370e+02 1.061787977817389645e+02
6.945127748068924234e+01 1.367062289562289550e+02 1.061973163002574836e+02
6.946410180233709752e+01 1.369152307387601581e+02 1.063798772034066218e+02
7.002911467617350638e+01 1.367721826104179002e+02 1.063839869281045765e+02
7.056857793622499742e+01 1.366755298078827536e+02 1.063275896217072756e+02
7.082793622499504238e+01 1.367367300455535712e+02 1.063175876411170577e+02
7.109754406813230787e+01 1.366200237670825857e+02 1.062772331154684053e+02
7.129698950287185255e+01 1.366700336700336607e+02 1.064031986531986576e+02
7.149083977025154013e+01 1.367818875024757403e+02 1.065262428203604657e+02
7.168503664091899452e+01 1.368196177460883405e+02 1.066308179837591581e+02
7.179416716181421521e+01 1.369000297088532250e+02 1.067059813824519665e+02
7.191889483065953925e+01 1.368871063576945915e+02 1.067663398692810404e+02
7.205733808674985141e+01 1.368779461279461316e+02 1.069341948900772366e+02
7.230506040800158019e+01 1.368835412953060029e+02 1.071034858387799602e+02
7.221330956625074293e+01 1.368245692216280531e+02 1.071276985541691431e+02
7.222152901564666649e+01 1.367506932065755620e+02 1.071920677361853791e+02
7.227376708259060933e+01 1.366686472568825650e+02 1.071112101406219068e+02
7.224891067538126777e+01 1.366218062982768799e+02 1.071446821152703563e+02
7.246217072687660732e+01 1.364750445632798517e+02 1.071634482075658497e+02
7.274064171122994082e+01 1.362877797583680035e+02 1.071374034462269691e+02
7.293716577540106982e+01 1.362601505248564138e+02 1.071827094474153341e+02
7.309987126163596827e+01 1.360611507229154427e+02 1.068729946524064189e+02
7.312472766884530984e+01 1.361649831649831697e+02 1.069594474153297625e+02
7.317161814220638405e+01 1.361448306595365523e+02 1.070513963161021991e+02
7.318582887700534911e+01 1.361206674589027443e+02 1.071504753416518128e+02
7.318949296890473022e+01 1.361490889285007029e+02 1.071369082986730064e+02
7.318761140819964339e+01 1.361371063576945915e+02 1.071728560110913122e+02
7.306025945731828131e+01 1.361570112893642204e+02 1.070729352346999406e+02
7.294414735591206522e+01 1.361516141810259342e+02 1.071101208160031746e+02
7.275029708853237764e+01 1.361714695979401881e+02 1.070080213903743385e+02
7.251876609229550752e+01 1.361594870271340767e+02 1.069387997623291682e+02
7.244890077243017856e+01 1.361977619330560572e+02 1.070090612002376673e+02
7.237279659338483384e+01 1.362248465042582666e+02 1.069732125173301682e+02
7.238834422657951961e+01 1.362912953060011887e+02 1.070012378688849282e+02
7.254268171915231278e+01 1.363662111309170086e+02 1.071103188750247597e+02
7.256753812636165435e+01 1.364901960784313815e+02 1.071766686472568892e+02
7.271444840562487855e+01 1.365156961774608817e+02 1.074746979599920707e+02
7.286725094078035170e+01 1.365989799960388211e+02 1.075804614775203021e+02
7.292181620122796915e+01 1.367306397306397230e+02 1.076893939393939377e+02
7.286135868488810274e+01 1.367214795008912631e+02 1.077230144583085689e+02
7.275207961972667192e+01 1.367052881758764045e+02 1.076951376510200049e+02
7.267245989304812781e+01 1.365921964745494108e+02 1.076879084967320210e+02
7.267399485046543361e+01 1.365427312339077162e+02 1.076299762329174143e+02
7.238428401663695411e+01 1.364082986730045661e+02 1.075764507823331400e+02
7.221652802535155047e+01 1.363164983164983255e+02 1.076464646464646506e+02
7.213007526242820688e+01 1.363261041790453589e+02 1.077884729649435513e+02
7.210368389780154530e+01 1.363937908496731950e+02 1.078002079619726743e+02
7.196667656961774640e+01 1.363768072885719960e+02 1.077559417706476523e+02
7.199866310160427929e+01 1.364180035650623779e+02 1.073994355317884697e+02
7.192137056842939558e+01 1.362960487225193162e+02 1.072950089126559732e+02
7.189260249554367022e+01 1.363579916815210993e+02 1.070713012477718422e+02
7.183694791047732053e+01 1.362946127946127888e+02 1.068579916815210993e+02
7.180481283422460592e+01 1.361997920380273399e+02 1.067798078827490542e+02
7.199826698356109489e+01 1.359363240245593261e+02 1.067004357298474986e+02
7.236408199643493333e+01 1.358420974450386325e+02 1.068095662507427193e+02
7.265255496137848468e+01 1.357294018617548090e+02 1.067688651218063001e+02
7.260239651416121376e+01 1.356070509011685488e+02 1.067123687858981924e+02
7.280258467023172386e+01 1.355337195484254380e+02 1.067296494355317833e+02
7.278990889285006460e+01 1.355432263814616647e+02 1.066721132897603468e+02
7.281476530005942038e+01 1.357394038423450127e+02 1.066788472964943537e+02
7.291894434541492842e+01 1.358052584670231795e+02 1.066762725292137048e+02
7.295330758566052509e+01 1.358112992671816244e+02 1.066272529213705695e+02
7.300321845910080754e+01 1.359067637155872319e+02 1.066887502475737790e+02
7.290106951871658225e+01 1.359861358684888160e+02 1.068605169340463448e+02
7.277520301049712259e+01 1.358471974648445268e+02 1.068826005149534524e+02
7.259506833036245155e+01 1.356341849871261616e+02 1.066872152901564732e+02
7.250519904931670112e+01 1.354333036244800894e+02 1.066019013666072510e+02
7.232862943157060442e+01 1.352487126163596827e+02 1.066890968508615600e+02
7.209897999603882113e+01 1.353427906516141945e+02 1.063405129728659091e+02
7.187764903941373973e+01 1.353360566448801876e+02 1.060496632996632940e+02
7.161893444246385343e+01 1.355198059021588506e+02 1.058989403842345070e+02
7.162725292137056954e+01 1.356027431174489948e+02 1.058472469795999160e+02
7.147187561893444752e+01 1.356260150524856272e+02 1.059125074272133133e+02
7.161373539314715231e+01 1.356741929094870329e+02 1.060131709249356362e+02
7.164067142008318001e+01 1.356823133293721639e+02 1.059871261635967556e+02
7.171444840562487855e+01 1.357410378292731252e+02 1.060506040800158445e+02
7.165517924341453693e+01 1.356380966528025453e+02 1.059721231927114218e+02
7.165339671222024265e+01 1.356174985145573260e+02 1.059561794414735658e+02
7.175628837393543336e+01 1.355324321647850923e+02 1.058932957021192323e+02
