1.399462381560578592e+02 1.547814180057623332e+02 1.284545994594112983e+02
1.413097098048534122e+02 1.562647102503935628e+02 1.298370808209819813e+02
1.413097098048534122e+02 1.562647102503935628e+02 1.298370808209819813e+02
1.416270977515074208e+02 1.565986722903733721e+02 1.300461728101701908e+02
1.412250423263135986e+02 1.562503193037692597e+02 1.294415154305402780e+02
1.408305313808774031e+02 1.560162028098731639e+02 1.288244720349303520e+02
1.406785873407193890e+02 1.565890931772952683e+02 1.286755279650696480e+02
1.405054801437609626e+02 1.568562390471381605e+02 1.286142810467223114e+02
1.398684914010752323e+02 1.566916119642379783e+02 1.279374610152374743e+02
1.393281551667805331e+02 1.562218195859447007e+02 1.271963643924317608e+02
1.391581964535004659e+02 1.561283749665844880e+02 1.270757715270145809e+02
1.395896278254670619e+02 1.566980722963139101e+02 1.274888169424065154e+02
1.398154424213621780e+02 1.568781744735200618e+02 1.276423055217275078e+02
1.394969257730121512e+02 1.563833130365046031e+02 1.271478896248551962e+02
1.392458044969851869e+02 1.560868654765794474e+02 1.268866397362402409e+02
1.393930555143018353e+02 1.562929871981465624e+02 1.270095048563875650e+02
1.394796833694715872e+02 1.563671993346600573e+02 1.271562212255324198e+02
1.395221878991297046e+02 1.564157038049128232e+02 1.272103989069415206e+02
1.393598033682834796e+02 1.563286749636142190e+02 1.271131820477024945e+02
1.394896486173404355e+02 1.564633617488935613e+02 1.272279086345679815e+02
1.396178008138533357e+02 1.566619092880268624e+02 1.274563370659696488e+02
1.397466213205809709e+02 1.567775121038405644e+02 1.275052870763655761e+02
1.394041494638667018e+02 1.563019722577004131e+02 1.270812516707755435e+02
1.393612587994178398e+02 1.561825972020079121e+02 1.270313511747408484e+02
1.396465084504113747e+02 1.565079454658864790e+02 1.273436599637627324e+02
1.400457124186889359e+02 1.569954851932158988e+02 1.277963584518965092e+02
1.396466569637924238e+02 1.565413906793002070e+02 1.273748477737844240e+02
1.392144830249205540e+02 1.559871387412005959e+02 1.267992396114889999e+02
1.390667864674607301e+02 1.558108088038732149e+02 1.265947218344372800e+02
1.394827130424451127e+02 1.562253987584281276e+02 1.270120444352036060e+02
1.397209582083345651e+02 1.565058217245373839e+02 1.272778536846169857e+02
1.397063890456530260e+02 1.565150444055009302e+02 1.272471262660765774e+02
1.394296195087177352e+02 1.562001663349867897e+02 1.270051385629845271e+02
1.393070514153325234e+02 1.560590340689696234e+02 1.268349273769566707e+02
1.395266433005613749e+02 1.563272195324798872e+02 1.271479044761933039e+02
1.398692191166423981e+02 1.567650518311699841e+02 1.275361927109632632e+02
1.396465678557638057e+02 1.564922624528470010e+02 1.273627587845664948e+02
1.394470252769774561e+02 1.562781952653934070e+02 1.270575340838209542e+02
1.392597499034663144e+02 1.561270977515074208e+02 1.270002673240858968e+02
1.394015356283601079e+02 1.562820417619627449e+02 1.271203106899931754e+02
1.394737279828912619e+02 1.564914010752368654e+02 1.273119672082454628e+02
1.395184305105890132e+02 1.565477470520093846e+02 1.273673329967029986e+02
1.392021564142929151e+02 1.561512460272670637e+02 1.270557519232482804e+02
1.390950634152137013e+02 1.559761636023405629e+02 1.269281343749071738e+02
1.391975970534945191e+02 1.560260343956990425e+02 1.271141919386936792e+02
1.400049603469272483e+02 1.568985059553865824e+02 1.279687824873021071e+02
1.402433094721834550e+02 1.572294977277452688e+02 1.282772002257403301e+02
1.404380847714379001e+02 1.574331541271868673e+02 1.284893515905783090e+02
1.405413906793002070e+02 1.575866872605221829e+02 1.286552410372174506e+02
1.410040989693171412e+02 1.581453648973772488e+02 1.291947604479163658e+02
1.414880892268393495e+02 1.586852852942050163e+02 1.296959485549648150e+02
1.421016574093325744e+02 1.593258829120503890e+02 1.303510410788011882e+02
1.420750883654617382e+02 1.593312739477827051e+02 1.303489173374520931e+02
1.417668488430807656e+02 1.589201146523301702e+02 1.297412748388629780e+02
1.416596518846347976e+02 1.588020168117147364e+02 1.295643359966732930e+02
1.423692636706567214e+02 1.595819645350046017e+02 1.302940861971663651e+02
1.423297739626340217e+02 1.595371580479401246e+02 1.302408441500579102e+02
1.420896723794813852e+02 1.592346511420678894e+02 1.299593667389431744e+02
1.419415599845546012e+02 1.590148364867674502e+02 1.297965812219680970e+02
1.418589122879971569e+02 1.589830100692072392e+02 1.296943891644637290e+02
1.418446698547539029e+02 1.590877862595419856e+02 1.296734042237205529e+02
1.423663082543737062e+02 1.596418302789081167e+02 1.302295868357739153e+02
1.422729378917040322e+02 1.594429857130127459e+02 1.301192859476638830e+02
1.417224581934832202e+02 1.587595271333947267e+02 1.294310749398520670e+02
1.412636855080642704e+02 1.581482906109840485e+02 1.288963228086850563e+02
1.415229601687111938e+02 1.584130899694062293e+02 1.290755784596192086e+02
1.417786408055365825e+02 1.587413936495678399e+02 1.294549410401877196e+02
1.422714230552172694e+02 1.592661062761754920e+02 1.299322481955624085e+02
1.421308699913862199e+02 1.591467015178067470e+02 1.297312798883179426e+02
1.418259126147265761e+02 1.587611310779101075e+02 1.294032435322422430e+02
1.416107464282531794e+02 1.585241928297739662e+02 1.291463747883684334e+02
1.425958059821189750e+02 1.595916476074494312e+02 1.301751269789407957e+02
1.435576528945258019e+02 1.605756527163097473e+02 1.311877357649924249e+02
1.435357620221581954e+02 1.605139305551430198e+02 1.311246472807199837e+02
1.426132414530549113e+02 1.594612231562063869e+02 1.300978406154394520e+02
1.425062969673567466e+02 1.592607449431193629e+02 1.299038969911188985e+02
1.433907090028811524e+02 1.601863842932248190e+02 1.307603291056524313e+02
1.443975257670716132e+02 1.613633676894288271e+02 1.318230463064722073e+02
1.442415570142869967e+02 1.613170909198918821e+02 1.318677191314937431e+02
1.437097454480648651e+02 1.607348145067870746e+02 1.312967000326729305e+02
1.429314610746428116e+02 1.598547984673419080e+02 1.304722874030950095e+02
1.430254700448510334e+02 1.599383223928475957e+02 1.305767220126533346e+02
1.435852763834021459e+02 1.606067217156265770e+02 1.312390916921614519e+02
1.440509994950544979e+02 1.611243056999435623e+02 1.318167641904535685e+02
1.436576915080048593e+02 1.607224136394689253e+02 1.313956842011465369e+02
1.430565538955059992e+02 1.600228710606825757e+02 1.306933495707963289e+02
1.424544360946921415e+02 1.593962782546707331e+02 1.300665488460510346e+02
1.426449490599102887e+02 1.596094543618380044e+02 1.303128731398699074e+02
1.429999851486618923e+02 1.602015178067543957e+02 1.309331541271868673e+02
1.431676419045355999e+02 1.605143018385956566e+02 1.311914040455044983e+02
1.424697775269551698e+02 1.597678735854100580e+02 1.305147473787388321e+02
1.421026375976475435e+02 1.593436748151008544e+02 1.301326670032970014e+02
1.422380669498321879e+02 1.594011346422312556e+02 1.300830783853625121e+02
1.428096503995009812e+02 1.598765408263284655e+02 1.304889803071256722e+02
1.430659547925268100e+02 1.600790239700596942e+02 1.307383639765942860e+02
1.429723022544331172e+02 1.599058870704250523e+02 1.306034544212433559e+02
1.421878545756972585e+02 1.590061633053138053e+02 1.297212255324204762e+02
1.417615172127008520e+02 1.586028752190572391e+02 1.292536014494905885e+02
1.415661627112602901e+02 1.588253185612023515e+02 1.294016692904030776e+02
1.419836486767457870e+02 1.594243175810140372e+02 1.299224908664270686e+02
1.418555707369233971e+02 1.594199215849347979e+02 1.299438767932990686e+02
1.415538658033088666e+02 1.591201473252740186e+02 1.296394986188255700e+02
1.411198948525262153e+02 1.584200998009920625e+02 1.290852912347402537e+02
1.414102533638280761e+02 1.585010544450055079e+02 1.291752160869694421e+02
1.418999168325066194e+02 1.590245789645647108e+02 1.297655419253274829e+02
1.424286244690646583e+02 1.594480203166305330e+02 1.302187453589568520e+02
1.418017940416431486e+02 1.586992009980099283e+02 1.295658953871743790e+02
1.412201562360768605e+02 1.582153146998544457e+02 1.291247809427629534e+02
1.411298452490569275e+02 1.583710309798912874e+02 1.292503193037692597e+02
1.411445629251195442e+02 1.586998841595627709e+02 1.294712329580895300e+02
1.408116107761309195e+02 1.585220393857486556e+02 1.292933287789229837e+02
1.408960406332610660e+02 1.585760239997623842e+02 1.293068583479371512e+02
1.410580984346689775e+02 1.585563608281106269e+02 1.293369768616152271e+02
1.411275135889743524e+02 1.583097098048534122e+02 1.291600083167493267e+02
1.406049544063920109e+02 1.575602221760180726e+02 1.283531648201502833e+02
1.406130780883357545e+02 1.574815249353966919e+02 1.281899337630320588e+02
1.407984673419074966e+02 1.576599934654112474e+02 1.283601746517361164e+02
1.410627320521579122e+02 1.579281195235690802e+02 1.286777556657854973e+02
1.407365521133454251e+02 1.576282858585558699e+02 1.285052573736893748e+02
1.405737220423560245e+02 1.574502777200225694e+02 1.283013485014999731e+02
1.399060355838061014e+02 1.570087177354679682e+02 1.277254433124424509e+02
1.405646924287878221e+02 1.576982950663854695e+02 1.284350996524786979e+02
1.413713131553153062e+02 1.584198176255680721e+02 1.291482460569697253e+02
1.417748685656577550e+02 1.586441767903287996e+02 1.293554073722042403e+02
1.409555647963881597e+02 1.575807170226037499e+02 1.283601746517361164e+02
1.407150622271066709e+02 1.570194552529182772e+02 1.277791903050464839e+02
1.409367035969940787e+02 1.572483440758012421e+02 1.280695933703626679e+02
1.416053553925208632e+02 1.581133899664359888e+02 1.287705319749309467e+02
1.415224997772299389e+02 1.583531648201502833e+02 1.289203077197255425e+02
1.411673151750972863e+02 1.579588914961238117e+02 1.285251730180889354e+02
1.399469361689488096e+02 1.567271363649864782e+02 1.273443579766536971e+02
1.395499896040633132e+02 1.561982505123711746e+02 1.268065613211750389e+02
1.401793893129770936e+02 1.568138087741705533e+02 1.273910208809813724e+02
1.412937891704042670e+02 1.580292274333917533e+02 1.284522232453143999e+02
1.410214007782101078e+02 1.577772150770784378e+02 1.280764992425817468e+02
1.402089731784833759e+02 1.568060266730032311e+02 1.270975287373392320e+02
1.395532717497846420e+02 1.560611875129949340e+02 1.263464520153265767e+02
1.401685775388362458e+02 1.567307897941604438e+02 1.270227968039920370e+02
1.407478688329818510e+02 1.574725250245047050e+02 1.278714913713725565e+02
1.409845991623845407e+02 1.576889387233789819e+02 1.281106870229007768e+02
1.402855466777556614e+02 1.569491341669884434e+02 1.274204562331066057e+02
1.396389194166394532e+02 1.561839041197611948e+02 1.266859387530816576e+02
1.395582617993881342e+02 1.560975732913535410e+02 1.266336768942881719e+02
1.406166721121573175e+02 1.572229037336263957e+02 1.276404342531262017e+02
1.410688805061336097e+02 1.577164879555647872e+02 1.282071464638964073e+02
1.407370570588410033e+02 1.572909228621498698e+02 1.277582350669795375e+02
1.397944574806190019e+02 1.562241660973653836e+02 1.267733685805091000e+02
1.398031306620726468e+02 1.563440758012296783e+02 1.269180503163335061e+02
1.401580924941337116e+02 1.570763210265244822e+02 1.277065227076959673e+02
1.406558053880654597e+02 1.577486262512252324e+02 1.284106989039712516e+02
1.402161166721121504e+02 1.573406599934654082e+02 1.280482668488430704e+02
1.396033801645528172e+02 1.566504886090236823e+02 1.274218671102266285e+02
1.393446550034157951e+02 1.563249324264116069e+02 1.271550925238364016e+02
1.400695933703626679e+02 1.569819407728636236e+02 1.277891109989009948e+02
1.404697329729408750e+02 1.574903466302313859e+02 1.282559331095731636e+02
1.404709656340036190e+02 1.573393530757121255e+02 1.281107315769150716e+02
1.397551162859773797e+02 1.564884456589538786e+02 1.273333976891317860e+02
1.395214007782101078e+02 1.561882555618261108e+02 1.270681973445807529e+02
1.397864674607181996e+02 1.565039059019217689e+02 1.273886892208987973e+02
1.404035702616805850e+02 1.572385421926515505e+02 1.281305135592716908e+02
1.402485371431966144e+02 1.571024296789140635e+02 1.280345887664478539e+02
1.399019366144889602e+02 1.567090474351739147e+02 1.275391481272462642e+02
1.396588202097009059e+02 1.564495351531172957e+02 1.270742715418659259e+02
1.399349659904357281e+02 1.567159681587311013e+02 1.272872397302997030e+02
1.401805477173493273e+02 1.570018564172631841e+02 1.275230789794160415e+02
1.404231146226275087e+02 1.571904832625419601e+02 1.275705290046633138e+02
1.399874209166245862e+02 1.567608786051623326e+02 1.271737458044969884e+02
1.398142394629756211e+02 1.564884902129682018e+02 1.269148721299789173e+02
1.398288680310095913e+02 1.566445332224433287e+02 1.271677755665785554e+02
1.403063831051177601e+02 1.572125820536430467e+02 1.277779724953218334e+02
1.403139424362134946e+02 1.573145958950901502e+02 1.278853031158107285e+02
1.401342412451361952e+02 1.570664597380223881e+02 1.276297115870139862e+02
1.396879585350640127e+02 1.566961564736982666e+02 1.271563400362372676e+02
1.398618974069563592e+02 1.568065316184988376e+02 1.271765378560608326e+02
1.397625568063682522e+02 1.567355867763685637e+02 1.271615825585885347e+02
1.398526153206403819e+02 1.567715567172602391e+02 1.271736418451302484e+02
1.396100929693765522e+02 1.565840734250155890e+02 1.269032286809041494e+02
1.396764933020465094e+02 1.565923753230165971e+02 1.270565093414916618e+02
1.396657557845962003e+02 1.565593310957317215e+02 1.271190780289304030e+02
1.398273828971990440e+02 1.566875129949208372e+02 1.273108533578875523e+02
1.392298987138741211e+02 1.562673537885763437e+02 1.270616033504618798e+02
1.393187691210978016e+02 1.562616211720676063e+02 1.269724656191522882e+02
1.396293551548994571e+02 1.564425253215314626e+02 1.270909941485727899e+02
1.400684795200047574e+02 1.567857694478272492e+02 1.272577449728220529e+02
1.396269640894644510e+02 1.563697686161523279e+02 1.267531113553331181e+02
1.395525440342174761e+02 1.561306769239908476e+02 1.264995247571806232e+02
1.397251462856803528e+02 1.562412599875248702e+02 1.266839189710993026e+02
1.399131493747586603e+02 1.565233908575162616e+02 1.268453975703210830e+02
1.396531915525588943e+02 1.562849971782457601e+02 1.267755665785487338e+02
1.394400005940535152e+02 1.561322808685062569e+02 1.265155047969822135e+02
1.388918822585914938e+02 1.555831823447292663e+02 1.260800784150652021e+02
1.388925060147919339e+02 1.554914307779130809e+02 1.259423174027979968e+02
1.391228651201473383e+02 1.558550360887516035e+02 1.261771022069088417e+02
1.393821694834704488e+02 1.561627261116226464e+02 1.262268244868862723e+02
1.389489559509311789e+02 1.557113939465945975e+02 1.257479579410104833e+02
1.386868149820298868e+02 1.554816288947634177e+02 1.252878189324858198e+02
1.385570588410015773e+02 1.552747646062910292e+02 1.251133899664359745e+02
1.389419015653310225e+02 1.556773101256423217e+02 1.258062791457510343e+02
1.390345887664478539e+02 1.559826981911070050e+02 1.262118246353996511e+02
1.389378322986901253e+02 1.558286452609380035e+02 1.261664537974871507e+02
1.380894496094097974e+02 1.549524905694003110e+02 1.254115751329194808e+02
1.380412570172572657e+02 1.547743784715002846e+02 1.253174919060207344e+02
1.386686072415124613e+02 1.554824011643449069e+02 1.258289125850239145e+02
1.394260403362343084e+02 1.562186265482519900e+02 1.264489708022692867e+02
1.389370600291086362e+02 1.556527757150919342e+02 1.258441203552440015e+02
1.382782546707458380e+02 1.547899723765111162e+02 1.250440193661448944e+02
1.379455252918288011e+02 1.544178572489381338e+02 1.247190720883951656e+02
1.382372352748982678e+02 1.547558142988683301e+02 1.249660201384144642e+02
1.384263076603201910e+02 1.550871625033415455e+02 1.253189918911693894e+02
1.386838298630706561e+02 1.554633468975554820e+02 1.255676923990851606e+02
1.381550776724982939e+02 1.549645053019277157e+02 1.251085038761992507e+02
1.377318293878278439e+02 1.544533073929960949e+02 1.245861674636884828e+02
1.378677488341699586e+02 1.547010871179493279e+02 1.248714913713725565e+02
1.390685537766952677e+02 1.559808120711676054e+02 1.261747705468262666e+02
1.390757715270145809e+02 1.560272967594380304e+02 1.262375323016603801e+02
1.387701458401402022e+02 1.556095731725428379e+02 1.258146701517806747e+02
1.385131434342234229e+02 1.553335313511747415e+02 1.255169453767784518e+02
1.385738260017227503e+02 1.555284106097959409e+02 1.256225680933852118e+02
1.386328006653399427e+02 1.557613538479816953e+02 1.258265512222651239e+02
1.387545667864674499e+02 1.559836041227314638e+02 1.260079306145483713e+02
1.383932188790209921e+02 1.556611667211215604e+02 1.257150770784447644e+02
1.378047346065880561e+02 1.549678914070157703e+02 1.250220987911010724e+02
1.377999673270561800e+02 1.548040662963732927e+02 1.247765913208780120e+02
1.385589449609409769e+02 1.554638666943891678e+02 1.253640954049959930e+02
1.385530786823892697e+02 1.553589419906733724e+02 1.252564083523925547e+02
1.382595122820566189e+02 1.548288531796714835e+02 1.247144978762586476e+02
1.377996405976178380e+02 1.542347253987584281e+02 1.241903793031752201e+02
1.379914159265749731e+02 1.545109454361837891e+02 1.245004603914812691e+02
1.381454688567440030e+02 1.549592330769002331e+02 1.249082335818457210e+02
1.382943386699141683e+02 1.552149137137255934e+02 1.251628746250037096e+02
1.379180503163335061e+02 1.548479520004752317e+02 1.248213978079424891e+02
1.374998663379570587e+02 1.543175513113731654e+02 1.243341551073751674e+02
1.373962634033326538e+02 1.542773932931357024e+02 1.243392639676834932e+02
1.379236195681230868e+02 1.548293135711527668e+02 1.248429173968574588e+02
1.381902901951465878e+02 1.551232215522618674e+02 1.251340036237264997e+02
1.382638934267977504e+02 1.551255680636825502e+02 1.250945287670419077e+02
1.379070157721210705e+02 1.547512549380699340e+02 1.247717497846555972e+02
1.378917634478866603e+02 1.546329046247066969e+02 1.246606172216116732e+02
1.382032702646508540e+02 1.550513113731547321e+02 1.250423411649389607e+02
1.387046365877565677e+02 1.554455995485193114e+02 1.254338372887397099e+02
1.383683131850179677e+02 1.551136127365075481e+02 1.252314135503608838e+02
1.382848635162028188e+02 1.549172334927376937e+02 1.249358273680458638e+02
1.381460183562539044e+02 1.546403896991118927e+02 1.246582410075147749e+02
1.386705230641280764e+02 1.550437371907208899e+02 1.250687171414144387e+02
1.389128523479965622e+02 1.553225413609766292e+02 1.253658478628924513e+02
1.389970891377313080e+02 1.553418183978376419e+02 1.253702438589716905e+02
1.385464698369323173e+02 1.548534172928980865e+02 1.249518519618617631e+02
1.383099325749249999e+02 1.545637419431490684e+02 1.247625122523539432e+02
1.383795704993019910e+02 1.547502598984168571e+02 1.251118602786111040e+02
1.386820774051741978e+02 1.550058068731992762e+02 1.254753467787447647e+02
1.386299492084236817e+02 1.549319957228146336e+02 1.255339798615855358e+02
1.384633617488935613e+02 1.546793002049484755e+02 1.253311254344016419e+02
1.381095137671904354e+02 1.543479965544895549e+02 1.250199304957376683e+02
1.382751210384055582e+02 1.545478807140523259e+02 1.249960643954020298e+02
1.383376600231680982e+02 1.546914783021950370e+02 1.250790091187216007e+02
1.384337778833873074e+02 1.548112097900020672e+02 1.250508509816734488e+02
1.381212611756319291e+02 1.544884159562776631e+02 1.247091662458787482e+02
1.379940000594053515e+02 1.544123622538390634e+02 1.245633112543440149e+02
1.378478331897703981e+02 1.545583509074167523e+02 1.246461223156206444e+02
1.378548430213562312e+02 1.546124394807972067e+02 1.247000623756200497e+02
1.374335105593013964e+02 1.543793328778922955e+02 1.244540945139157060e+02
1.374527875961624090e+02 1.543366798348531290e+02 1.244128374966584545e+02
1.375478807140523259e+02 1.542109335551133142e+02 1.243438827338343202e+02
1.378593281254641170e+02 1.542757002405916751e+02 1.243928178928921540e+02
1.378966198354471828e+02 1.543047643092642716e+02 1.244585944693616852e+02
1.381497014881040855e+02 1.544976980425936404e+02 1.246425282917990955e+02
1.379024118573083513e+02 1.542545073811150473e+02 1.244456738052098501e+02
1.377906406867258795e+02 1.540892713933525329e+02 1.242852496509935492e+02
1.378459173671547831e+02 1.542873288383283352e+02 1.244927525470044856e+02
1.380729497727745354e+02 1.546363501351471825e+02 1.247599726735378880e+02
1.377033296700032565e+02 1.544047880714052212e+02 1.246018059227136376e+02
1.375289155552915190e+02 1.541162265720141420e+02 1.243457688537737198e+02
1.375687171414144530e+02 1.541741467906258265e+02 1.243967089434758009e+02
1.379545400540588673e+02 1.544577033890753626e+02 1.246420976029940277e+02
1.379704161344937177e+02 1.545149552974723122e+02 1.246475480440787749e+02
1.381342115424599797e+02 1.544985445688656682e+02 1.246380283363531021e+02
1.379364065702319806e+02 1.543807289036742247e+02 1.244795200047524304e+02
1.377944871832952174e+02 1.542201265334006735e+02 1.242911456322214576e+02
1.378991891169394250e+02 1.543796299046544220e+02 1.244500846526271971e+02
1.383231205631627461e+02 1.548921347313392971e+02 1.249360649894555451e+02
1.378443876793299125e+02 1.545144800546529211e+02 1.246027564083523913e+02
1.373406896961416237e+02 1.539308521697805077e+02 1.240121780972465615e+02
1.372579380402174252e+02 1.539184364511242507e+02 1.240039504559360779e+02
1.377921703745507500e+02 1.545027177948733197e+02 1.245727270027029476e+02
1.378528677933881852e+02 1.546363946891615058e+02 1.247500074256690539e+02
1.378780705141533360e+02 1.546820031484836875e+02 1.246757952891555590e+02
1.374458371699290069e+02 1.541995128761101341e+02 1.242999376243799503e+02
1.369539460005346427e+02 1.537323343333234220e+02 1.238700656429144260e+02
1.368687884278373588e+02 1.539405203908872295e+02 1.239792229779903181e+02
1.376735972911159251e+02 1.549045950040098489e+02 1.248574865595390122e+02
1.376210681082365568e+02 1.550557370719101868e+02 1.250551430183859623e+02
1.370846971812160291e+02 1.544374758665755678e+02 1.244494757477648790e+02
1.366945822318591013e+02 1.538235512519678139e+02 1.237984524905694030e+02
1.370374847773784381e+02 1.539689607033593859e+02 1.238075563608281158e+02
1.376734042237205529e+02 1.545590786229839182e+02 1.244312977099236690e+02
1.383542489678320067e+02 1.551437461015237602e+02 1.248935010544450108e+02
1.382397748537143229e+02 1.550599845546083770e+02 1.247533044227284904e+02
1.377061068702290072e+02 1.544010900882169608e+02 1.240742121365134949e+02
1.371454391540677875e+02 1.538954614310749491e+02 1.236304244512430586e+02
1.375088365461728017e+02 1.544354412332551192e+02 1.241419193869367632e+02
1.374580152671755684e+02 1.550711082068494306e+02 1.247896456470728026e+02
1.374638666943891678e+02 1.550183265512222590e+02 1.246094692131761121e+02
1.370984643716398921e+02 1.543247987643686656e+02 1.240289601093058423e+02
1.369032880862565662e+02 1.536798645557964846e+02 1.235659844952030113e+02
1.368971247809427609e+02 1.535576528945258019e+02 1.235338016455282570e+02
1.377345471827011636e+02 1.542640270888406917e+02 1.242719577033890772e+02
1.381299640597617895e+02 1.546632459084563607e+02 1.247195621825526501e+02
1.377002554430154078e+02 1.543627736359046025e+02 1.244316244393619826e+02
1.368294769358719236e+02 1.536141919386936650e+02 1.236319838417441446e+02
1.367661805328660023e+02 1.535735289749606522e+02 1.235373214126592813e+02
1.372213294917872020e+02 1.540926277957644004e+02 1.241075385392223893e+02
1.375124899753467673e+02 1.545073811150384699e+02 1.244617875070543818e+02
1.370731131374936922e+02 1.542952891555529220e+02 1.241896367362699323e+02
1.365645736180829886e+02 1.536152166810229573e+02 1.235292868387441700e+02
1.358089375352719230e+02 1.527491460480589183e+02 1.226688597142602504e+02
1.359800100989099008e+02 1.528568925060147876e+02 1.227191017910713811e+02
1.368968277541806629e+02 1.538795407966257756e+02 1.237248492589182263e+02
1.374669112187008011e+02 1.545072474529955286e+02 1.243433777883387279e+02
1.369311194938663903e+02 1.538308135563014218e+02 1.238466747853981644e+02
1.362843882733834278e+02 1.530223809665250769e+02 1.230498856446965874e+02
1.362684824902723619e+02 1.530617221611667276e+02 1.230916921614637545e+02
1.369567974574509037e+02 1.538433629370006201e+02 1.238173136899634699e+02
1.374137879822972081e+02 1.544408471203255431e+02 1.243757685567469622e+02
1.374010009801883143e+02 1.542391808001900984e+02 1.240810437520420635e+02
1.365575786378352632e+02 1.531538598627736292e+02 1.230994148572786457e+02
1.363859417233492763e+02 1.527127305670240958e+02 1.227334333323432389e+02
1.371493450559895564e+02 1.535447470817120745e+02 1.235508955356877721e+02
1.382163691448599536e+02 1.547471559687527929e+02 1.247233344224314635e+02
1.379661835031336352e+02 1.546512163245908482e+02 1.246597112899872286e+02
1.372176315085989131e+02 1.538264769655745852e+02 1.239114563222146330e+02
1.366506965277571624e+02 1.531551370778507248e+02 1.232655716280036842e+02
1.371756170730982944e+02 1.536899783170463536e+02 1.237568093385214070e+02
1.377571360679597205e+02 1.544713963228086868e+02 1.244384560548905512e+02
1.380707220720586861e+02 1.548388926842308422e+02 1.247006861318204756e+02
1.376974039860991468e+02 1.544887723883921922e+02 1.243898030712567220e+02
1.373749368818130563e+02 1.541034247185671404e+02 1.239622181958594496e+02
1.374064959752873847e+02 1.541380728903674253e+02 1.239711438500608836e+02
1.377833635310541354e+02 1.547132058098434584e+02 1.244330501678201273e+02
1.378810556331125383e+02 1.550249056940030243e+02 1.246009593964416240e+02
1.376247660914248456e+02 1.547274482430867124e+02 1.243125315590934719e+02
1.371918198829714584e+02 1.543765705290046526e+02 1.239836932307600961e+02
1.371728250215344360e+02 1.543611993940654088e+02 1.239443817387946609e+02
1.377302105919743269e+02 1.549365847862892451e+02 1.245390738705557396e+02
1.385708854367778429e+02 1.558175067573588422e+02 1.254068375560638060e+02
1.382711260284551713e+02 1.554785992217898922e+02 1.251086523895802998e+02
1.374475153711349265e+02 1.544312680072474393e+02 1.240743903525707736e+02
1.370426975970534897e+02 1.539874506193008017e+02 1.236410877120028573e+02
1.378133038286749752e+02 1.548067395372323176e+02 1.245346036177859617e+02
1.382991208007841522e+02 1.555472866605281013e+02 1.253104078177443768e+02
1.380222621558202434e+02 1.551505777170523004e+02 1.250568954762824063e+02
1.368872486411025591e+02 1.538673478480411063e+02 1.238234175899248584e+02
1.364434906585083240e+02 1.533274720052276621e+02 1.233163929070009175e+02
1.371822556212314623e+02 1.540934743220364282e+02 1.239492084236789680e+02
1.387246710428609617e+02 1.558489173374520931e+02 1.255248611399887153e+02
1.389719903763329114e+02 1.561380283363531021e+02 1.257669230997712901e+02
1.375488311996910795e+02 1.544259215255294464e+02 1.241022811655330145e+02
1.362525618558232168e+02 1.528508925654201391e+02 1.226501618795853545e+02
1.368291502064336100e+02 1.534977574479460714e+02 1.231940772863634947e+02
1.382147354976683289e+02 1.551817061217215610e+02 1.247116612706804943e+02
1.386888644666884431e+02 1.557137256066771727e+02 1.252043841150087644e+02
1.376747853981643743e+02 1.548768527044286714e+02 1.242820269106246514e+02
1.368007395966376691e+02 1.537740368907238633e+02 1.232553687587251545e+02
1.366229987821902796e+02 1.535683755606380032e+02 1.231016871120087899e+02
1.376528796744586600e+02 1.546160186532806620e+02 1.241248551994534637e+02
1.383089523866100308e+02 1.553482193245611427e+02 1.249592033742240176e+02
1.378441649092583248e+02 1.548839070900287993e+02 1.245133067989425797e+02
1.370214601835625388e+02 1.539493717883981390e+02 1.236439391689191183e+02
1.372707250423263190e+02 1.540960733062048860e+02 1.238155612320670116e+02
1.377305373214126689e+02 1.545648854961831944e+02 1.244083226898743533e+02
1.377892743636201658e+02 1.544629310600885219e+02 1.244020108711794990e+02
1.375689696141622278e+02 1.541927258145958888e+02 1.241622508688032838e+02
1.376833397689131857e+02 1.542842546113404865e+02 1.242334036296670376e+02
1.379106097959426052e+02 1.546678498232690799e+02 1.246135830338313468e+02
1.380244155998455540e+02 1.547665666676567469e+02 1.247631805625686923e+02
1.378862833041256977e+02 1.547080969495351610e+02 1.246632459084563465e+02
1.375627320521579122e+02 1.543313482044732154e+02 1.243310214750349019e+02
1.375700686131820589e+02 1.543397837645171933e+02 1.243233878872486429e+02
1.379820150295541623e+02 1.548303234621439515e+02 1.247901951465827040e+02
1.378543974812130557e+02 1.548061900377223878e+02 1.247539133275908227e+02
1.373472836902604968e+02 1.541913743428282828e+02 1.242629874951733200e+02
1.368711646419342287e+02 1.536178602192057383e+02 1.237159681587311013e+02
1.370745388659518085e+02 1.538926693795110907e+02 1.239520450292571354e+02
1.373986544687676314e+02 1.543769715151335049e+02 1.242877446757952953e+02
1.375469599310897877e+02 1.545084058573677623e+02 1.243508925654201391e+02
1.370523064128077806e+02 1.539844060949891684e+02 1.238233878872486429e+02
1.364936584786289302e+02 1.532939970891377186e+02 1.231505331630379914e+02
1.367592004039563847e+02 1.536193305016782062e+02 1.234483321947307388e+02
1.374565746873793444e+02 1.543961594439658995e+02 1.241915674102236551e+02
1.374901684141741214e+02 1.545368016158255955e+02 1.243050019306739529e+02
1.370001782160572645e+02 1.539394659458817216e+02 1.237751210384055582e+02
1.366586716963198285e+02 1.534674458668725947e+02 1.233022692844625254e+02
1.367688834764012142e+02 1.535938753081652521e+02 1.234278373481450615e+02
1.372079038821397887e+02 1.542495767368639861e+02 1.238145810437520424e+02
1.376242165919149443e+02 1.547868387441708364e+02 1.243218433480856646e+02
1.373732141265928135e+02 1.545424599756437942e+02 1.240361481569489399e+02
1.364314759259809193e+02 1.535310987019930451e+02 1.229555796477262533e+02
1.358741794635696749e+02 1.528863278581400209e+02 1.223426797754477633e+02
1.366224047286660550e+02 1.536560281581370475e+02 1.231645379748715357e+02
1.377315769150800406e+02 1.549128523479965622e+02 1.245788457540024297e+02
1.379745002524727511e+02 1.551269937921406665e+02 1.248669765645884695e+02
1.370612023643330133e+02 1.541130632369976468e+02 1.239473223037395684e+02
1.363202394035702696e+02 1.532806457361808441e+02 1.231167463688478279e+02
1.370046336174889348e+02 1.538554667775566713e+02 1.236664686488252585e+02
1.385429500698012930e+02 1.554014762230077054e+02 1.251639142186710956e+02
1.390251581667508276e+02 1.559114266195384175e+02 1.257380223958178647e+02
1.384141147117355217e+02 1.550830189800101095e+02 1.249633171948792523e+02
1.371855229156146834e+02 1.535780437817447250e+02 1.235778655656874747e+02
1.371585825882912104e+02 1.536252116315679928e+02 1.235103216799833632e+02
1.380775091335729314e+02 1.549304511836516554e+02 1.247115424599756466e+02
1.387772447797546533e+02 1.557792645617370226e+02 1.255386134790744705e+02
1.384862625122523525e+02 1.555081533846199591e+02 1.252647696557459795e+02
1.375451183651647113e+02 1.544361095434698541e+02 1.242398045563905242e+02
1.373363382540766793e+02 1.540427570024059207e+02 1.239152731161077554e+02
1.379535301630676827e+02 1.545767814180057655e+02 1.244631983841744187e+02
1.388284967475569545e+02 1.555249948020316708e+02 1.254275106187067479e+02
1.390471381471470522e+02 1.556761814239463035e+02 1.256124097781210054e+02
1.383873823031455004e+02 1.549014465203314899e+02 1.249003178186354575e+02
1.377126266076573415e+02 1.541597112899872286e+02 1.241789289214958245e+02
1.380079751685626945e+02 1.545223364125107537e+02 1.245238512489975307e+02
1.383906941515430447e+02 1.551822110672171675e+02 1.250872516113701778e+02
1.382014435500638569e+02 1.552933139275848760e+02 1.249457926159146979e+02
1.380059850892565407e+02 1.550449847031217416e+02 1.247680072474529993e+02
1.378641845130246111e+02 1.547072652746012409e+02 1.245331778893278312e+02
1.376514985000148386e+02 1.542772744824308688e+02 1.240939495648557909e+02
1.377577449728220529e+02 1.543838773873526122e+02 1.242225324501737589e+02
1.379584459559806362e+02 1.545232423441352125e+02 1.243278878426946221e+02
1.380599845546083770e+02 1.546151869783467419e+02 1.245240294650547952e+02
1.376614934505599024e+02 1.542253987584281276e+02 1.241333798675260596e+02
1.374973564618172190e+02 1.540715091929782830e+02 1.239642231265036969e+02
1.377272848783675272e+02 1.543762586509044468e+02 1.242151216324590877e+02
1.378313779071494309e+02 1.546050138117444419e+02 1.244029168028039294e+02
1.378819912674131842e+02 1.546577063593429671e+02 1.244515400837615431e+02
1.379052930169008278e+02 1.546746220334452175e+02 1.244237532301660423e+02
1.374591291175334788e+02 1.541643894614904866e+02 1.239303026702705921e+02
1.370497965366679409e+02 1.537058395461430962e+02 1.234442777794279209e+02
1.376505480143760849e+02 1.543468084474411057e+02 1.239929604657379656e+02
1.387591855526182769e+02 1.554889506044494567e+02 1.251330234354115305e+02
1.384839902575222084e+02 1.552065078563578595e+02 1.248531648201502975e+02
1.368458579618023521e+02 1.532498440609498971e+02 1.230627766061722212e+02
1.362602994029762158e+02 1.525078118038435377e+02 1.223642587697151498e+02
1.372347253987584281e+02 1.535821873050761894e+02 1.233726052217304812e+02
1.387309828615558160e+02 1.552983336798645553e+02 1.250415837466955793e+02
1.389773071553746888e+02 1.557081415035494558e+02 1.254214809754358839e+02
1.376501618795853403e+02 1.542611459292482152e+02 1.240544153028187822e+02
1.356624884902129793e+02 1.520531974930941317e+02 1.219842575816081052e+02
1.357661953842041100e+02 1.521430332372946737e+02 1.220976475480440797e+02
1.374554014316690029e+02 1.541182166513202958e+02 1.239284759556836093e+02
1.386291620875040849e+02 1.555361036029346167e+02 1.252469183473430974e+02
1.376976861615231655e+02 1.544680250690587116e+02 1.242148988623874999e+02
1.359326640330293685e+02 1.523693230760091524e+02 1.222260670686428909e+02
1.356882407104880031e+02 1.520027326462114274e+02 1.218227938337244183e+02
1.368955653904416749e+02 1.533057593489173485e+02 1.230775536875872547e+02
1.382185968455757745e+02 1.547478688329818510e+02 1.245197522796804037e+02
1.380339056048950113e+02 1.545828407639528450e+02 1.242957346956960833e+02
1.366852407401906930e+02 1.530292274333917533e+02 1.228420708705854452e+02
1.362982148691597217e+02 1.525091929782873308e+02 1.223085514004811785e+02
1.371901268304274311e+02 1.535427570024059207e+02 1.232592449579707079e+02
1.377805714794903054e+02 1.544260700389104954e+02 1.241086672409184075e+02
1.375438114474114002e+02 1.544373867585469497e+02 1.241151127216562173e+02
1.365374402233641149e+02 1.532608489024861171e+02 1.230631775923010593e+02
1.359768913179077572e+02 1.526243799566341011e+02 1.224573024029465103e+02
1.363641399590103163e+02 1.530475688359521200e+02 1.229022633439272880e+02
1.371887753586598251e+02 1.540507173196305075e+02 1.237680369501292006e+02
1.371969287432797557e+02 1.540627914575103148e+02 1.238063979564558821e+02
1.365772566608251282e+02 1.533404966287462514e+02 1.230770635934297701e+02
1.356609290997118933e+02 1.522541806516767053e+02 1.220839249116345400e+02
1.360794546588647620e+02 1.526607657349927365e+02 1.224177087355570706e+02
1.371977307155374604e+02 1.539683963525113484e+02 1.236645379748715357e+02
1.374916981019989919e+02 1.543341254046989661e+02 1.240190988208037481e+02
1.363459173671547831e+02 1.530806427659132112e+02 1.228255858852882625e+02
1.350853951941069795e+02 1.516029940297620726e+02 1.214079662577598242e+02
1.355212819675052742e+02 1.520486826863100305e+02 1.218466450827219489e+02
1.373184720943357036e+02 1.541623548281700096e+02 1.238118335462025073e+02
1.379630498707933555e+02 1.551533846199542666e+02 1.246891317907743542e+02
1.369251047019336340e+02 1.539519262185523019e+02 1.235816526569043816e+02
1.351801170285442595e+02 1.519310600885139877e+02 1.216436866961713292e+02
1.351600974247779732e+02 1.519114860248908485e+02 1.216260730091781284e+02
1.366885822912644528e+02 1.536002168295363504e+02 1.231932010574152798e+02
1.383462737992693121e+02 1.553706893991148661e+02 1.247727745269848754e+02
1.380271333947188737e+02 1.550503014821635475e+02 1.243899218819615697e+02
1.360050494549558948e+02 1.524884902129682018e+02 1.217941604538568896e+02
1.352534677874476472e+02 1.516075830932367126e+02 1.208980752665815146e+02
1.362600469302284125e+02 1.528349719309709940e+02 1.220252769774556754e+02
1.376048504470252851e+02 1.545646924287878221e+02 1.237430867021118672e+02
1.374490599102979047e+02 1.545928505658359882e+02 1.237354828170018095e+02
1.359614756289541617e+02 1.528868922089880300e+02 1.221426322511658356e+02
1.349973564618172190e+02 1.517038643181750786e+02 1.210387025871031028e+02
1.355899991089197272e+02 1.522397154483618920e+02 1.216684141741170890e+02
1.371348798526747146e+02 1.539257136067959664e+02 1.233934119464163786e+02
1.374684557578637794e+02 1.542723289868417282e+02 1.237760566727062042e+02
1.364201443550063857e+02 1.530164849852971827e+02 1.226092018890902011e+02
1.354332135325392699e+02 1.518052989574360652e+02 1.214862625122523525e+02
1.358176552707398912e+02 1.522008197938634169e+02 1.218521400778210051e+02
1.363494816883001022e+02 1.528421005732616607e+02 1.224464906288056625e+02
1.365780586330828328e+02 1.530393411946416506e+02 1.226610479104167268e+02
1.364499509905842558e+02 1.529773220067127966e+02 1.225224255205394002e+02
1.363337541212463293e+02 1.528447886654587649e+02 1.224498618825556235e+02
1.363264769655745852e+02 1.528442837199631583e+02 1.224875545786675417e+02
1.365908159325155111e+02 1.531885525885882373e+02 1.228192889179315017e+02
1.364146345085692360e+02 1.530759348917337377e+02 1.226955030148216395e+02
1.358620607716755160e+02 1.524543024326491718e+02 1.220824249264858707e+02
1.357184334808566177e+02 1.522594083226898647e+02 1.219839457035078851e+02
1.362850714349362988e+02 1.529692725814595917e+02 1.226377016069147885e+02
1.364832625419550425e+02 1.533130959099414952e+02 1.228685656577657710e+02
1.359543024326491718e+02 1.527393144622330396e+02 1.222355273710161327e+02
1.350638459025158227e+02 1.517301660379600321e+02 1.212837348145067864e+02
1.351888941693646586e+02 1.518970059702379274e+02 1.213839813467193380e+02
1.359870347818338416e+02 1.527785219948317206e+02 1.222023791843645171e+02
1.365443163929070067e+02 1.533915555291531803e+02 1.227627795764398400e+02
1.357602994029762158e+02 1.525776576469539805e+02 1.219629904654409387e+02
1.349298571301274308e+02 1.515972465619152274e+02 1.210168562687498195e+02
1.349306442510470276e+02 1.515911129592776376e+02 1.209992277304185109e+02
1.356650874743814370e+02 1.524426441322363246e+02 1.217288888228829364e+02
1.359473074524014748e+02 1.527984970445837121e+02 1.220853951941069937e+02
1.356880476430926308e+02 1.525553954911337371e+02 1.217808982089286189e+02
1.351713250363857810e+02 1.519877327947247920e+02 1.212227403689072389e+02
1.349504410847417262e+02 1.517127008643478803e+02 1.209633617488935755e+02
1.352498143582736816e+02 1.520854694507975182e+02 1.213341699587132752e+02
1.357483737784774291e+02 1.527664924109662365e+02 1.219820447322303778e+02
1.354154958861793432e+02 1.524840793655508264e+02 1.217725517569133018e+02
1.352222948287640634e+02 1.522879080405144521e+02 1.216431520479995214e+02
1.356158998425758284e+02 1.527579380402174252e+02 1.220474500252472723e+02
1.366538747141117369e+02 1.539658122196809984e+02 1.231374045801526762e+02
1.372906703894020950e+02 1.546253601449490702e+02 1.238659518222591913e+02
1.369323224522529472e+02 1.541394392134731390e+02 1.233770606231621514e+02
1.366743101553449833e+02 1.536444886684290339e+02 1.229513173136899695e+02
1.373880654646983714e+02 1.543552440074850836e+02 1.236106276175483458e+02
1.382045623310660289e+02 1.552277304185107027e+02 1.245221433451153956e+02
1.384544509460302493e+02 1.554237680815041358e+02 1.248007247452995472e+02
1.376617904773220005e+02 1.545428312590964310e+02 1.239825793804021714e+02
1.366626221522559206e+02 1.533624469064662605e+02 1.228542044138176834e+02
1.366436569934951137e+02 1.533096801021771967e+02 1.228486054593518872e+02
1.376667953782635720e+02 1.545755487569429931e+02 1.239144859951881728e+02
1.381934238274868676e+02 1.556062316214691066e+02 1.247722101761368663e+02
1.375074108177146854e+02 1.548871892357501281e+02 1.240065048860902408e+02
1.357756408352392441e+02 1.528987287254581702e+02 1.221196572311165198e+02
1.353131850179701132e+02 1.524089464460747934e+02 1.216330828407639473e+02
1.363650013366204234e+02 1.536025039356046022e+02 1.228322541360976601e+02
1.374364659755844116e+02 1.548477292304036723e+02 1.240129949208423739e+02
1.371967653785605989e+02 1.545905634597677363e+02 1.238523331452163774e+02
1.360224255205394002e+02 1.532008494965396324e+02 1.224474114117682007e+02
1.354155404401936664e+02 1.525534499658419350e+02 1.218490807021712641e+02
1.359908218730507485e+02 1.532258591499094109e+02 1.224611043455015249e+02
1.369998069326046277e+02 1.543671399293076263e+02 1.236849288620904730e+02
1.371132860070692345e+02 1.544635102622746388e+02 1.237452698488133791e+02
1.360628211601865303e+02 1.532357204384115050e+02 1.225512519678023011e+02
1.357022603736596693e+02 1.528293878278432771e+02 1.220951673745804555e+02
1.361982208096949591e+02 1.533515460242967947e+02 1.226701072266611163e+02
1.367438886743695718e+02 1.538951941069890381e+02 1.232297947545073811e+02
1.364275700240591789e+02 1.536158849912377207e+02 1.229524757180622032e+02
1.361385184305106009e+02 1.532322006712804807e+02 1.226094543618380044e+02
1.358621944337184857e+02 1.529218671102266285e+02 1.223715359253868797e+02
1.358841595627766026e+02 1.529776635874892463e+02 1.223577093296106000e+02
1.359797279234859104e+02 1.530839249116345400e+02 1.225163364719161194e+02
1.356737903585112974e+02 1.527778982386313089e+02 1.222462797398045495e+02
1.352567944871832992e+02 1.522578043781744839e+02 1.217953040068910155e+02
1.353447441114444416e+02 1.523868922089880300e+02 1.219018772091365435e+02
1.355418956247957851e+02 1.525712121662161849e+02 1.219936139246146070e+02
1.359045653013336619e+02 1.528065761725131324e+02 1.221799982178394259e+02
1.353890753556895561e+02 1.521515133513529463e+02 1.214870347818338416e+02
1.350677072504232683e+02 1.516513945406481128e+02 1.209804407877149686e+02
1.352627647251017322e+02 1.517407698933673998e+02 1.211610627617548346e+02
1.358371105236581684e+02 1.524365699349511374e+02 1.219468619122582993e+02
1.359079217037455010e+02 1.526141919386936650e+02 1.222224433421451266e+02
1.355876377461609366e+02 1.522605815784002061e+02 1.218977336858050933e+02
1.348508628627439236e+02 1.515046781715032580e+02 1.212272254730151246e+02
1.349516588944663908e+02 1.515620191879288257e+02 1.212395669349808429e+02
1.355963851843050918e+02 1.523891199097038509e+02 1.220593607984079370e+02
1.358861644934208641e+02 1.527193245611429688e+02 1.222932990762467682e+02
1.354114266195384175e+02 1.521917159236047041e+02 1.216990079306145418e+02
1.351391570380491203e+02 1.518931297709923740e+02 1.214204413817684980e+02
1.349914901832655119e+02 1.517922743339174758e+02 1.212839130305640509e+02
1.352755665785487338e+02 1.520270145840140117e+02 1.214929307630617501e+02
1.355570588410015773e+02 1.522477648736151252e+02 1.217660171681468455e+02
1.356991564439956051e+02 1.523576647755962767e+02 1.218913327590815925e+02
1.353648231205631589e+02 1.518963228086850563e+02 1.215220393857486556e+02
1.351727210621677102e+02 1.516082811061276630e+02 1.212741259987524813e+02
1.351757952891555590e+02 1.517399679211096952e+02 1.213637241215433562e+02
1.357309531588796290e+02 1.524653815308759306e+02 1.220000000000000000e+02
1.358058633082840743e+02 1.527254878664567741e+02 1.222462648884664560e+02
1.353728873971544715e+02 1.522113642439183820e+02 1.217799031692755563e+02
1.349121394837674757e+02 1.516673300264353941e+02 1.213388778328927486e+02
1.352429678914070053e+02 1.519490302076217176e+02 1.216466866664686535e+02
1.358244126295779211e+02 1.525524846288650735e+02 1.224195354501440534e+02
1.363487539727329363e+02 1.530423411649389607e+02 1.229318472094335704e+02
1.357971455728161061e+02 1.524621587905070328e+02 1.224202780170493412e+02
1.351270680488312053e+02 1.516382808091009053e+02 1.216225680933852118e+02
1.350658359818219481e+02 1.515615142424332475e+02 1.215714943416401752e+02
1.357977841803546539e+02 1.523504024712626688e+02 1.222120474054712389e+02
1.359769804259363752e+02 1.525752814328571105e+02 1.224127186859536067e+02
1.356356372709180960e+02 1.521753646003504912e+02 1.221013455312323686e+02
1.349747230225443388e+02 1.513986693201057392e+02 1.213476104196988103e+02
1.346274393322838421e+02 1.510974841833249229e+02 1.209886238750111431e+02
1.350355986574390386e+02 1.517298690111979056e+02 1.214337036266967687e+02
1.357081415035494558e+02 1.525477767546856001e+02 1.221655033118483971e+02
1.353445510440490693e+02 1.521499094068375655e+02 1.218649716339442222e+02
1.343944812427599800e+02 1.511607805863308158e+02 1.208117741408500905e+02
1.342685121929485774e+02 1.509987524875991198e+02 1.205904297977247808e+02
1.350396827754180720e+02 1.519410104850446999e+02 1.214131048207443513e+02
1.353852288591202182e+02 1.522874773517093843e+02 1.217575816081028961e+02
1.349208423678973361e+02 1.517519529509608844e+02 1.210578905159354832e+02
1.342539430302670382e+02 1.510028366055781532e+02 1.203304571241868928e+02
1.339560251878694146e+02 1.505953455906377201e+02 1.199777972495321876e+02
1.339982920961178650e+02 1.506444738170909261e+02 1.201424985891228800e+02
1.346446074791338674e+02 1.512874625003712765e+02 1.207579231888793174e+02
1.344175453708378996e+02 1.510348560905337649e+02 1.206431966020138447e+02
1.336255532123444425e+02 1.501130038316452442e+02 1.197511658300412876e+02
1.331839932277898129e+02 1.494514658270710186e+02 1.192531707606855349e+02
1.339642825318561279e+02 1.502155374699260335e+02 1.200407372204235656e+02
1.346918941396619971e+02 1.510550390590192080e+02 1.208882882347699592e+02
1.348261799388124871e+02 1.510764843912436390e+02 1.209541390679300150e+02
1.345542073840853163e+02 1.507301957406362192e+02 1.207100870288413006e+02
1.344865001336620480e+02 1.507742893634716381e+02 1.206648647043098634e+02
1.341266967653785684e+02 1.503654171740873835e+02 1.203501797011910810e+02
1.343908129622479066e+02 1.506780081385332721e+02 1.206245136186770424e+02
1.351240532271957591e+02 1.516180681379392183e+02 1.214483173433926453e+02
1.353292987198146591e+02 1.519202334630350322e+02 1.216660379600202049e+02
1.344723616597855482e+02 1.509084266492411075e+02 1.207115573113137543e+02
1.339861139988713035e+02 1.503176255680636757e+02 1.201653102444530248e+02
1.343368283482341781e+02 1.506847357946951149e+02 1.205111830575934846e+02
1.348771348798526617e+02 1.511182909080108061e+02 1.209659161790477384e+02
1.350361481569489399e+02 1.512670567618142456e+02 1.211062167701309846e+02
1.348508480114058159e+02 1.510833308581103154e+02 1.208818279026940274e+02
1.339424807675171394e+02 1.501739834259066697e+02 1.199466391421867115e+02
1.336417708735557142e+02 1.498186800130691836e+02 1.194892179285353677e+02
1.339895149552974658e+02 1.502082157602399946e+02 1.198143285710042534e+02
1.342433688775358576e+02 1.504797427748240182e+02 1.200620637419431489e+02
1.331982356610330669e+02 1.494161047910416755e+02 1.191343452045029210e+02
1.326113850357917272e+02 1.487511658300412876e+02 1.185610984049662875e+02
1.324072088395164428e+02 1.486263551846021187e+02 1.184331392758487596e+02
1.327024979950693648e+02 1.489727923485906160e+02 1.187512400867318121e+02
1.328365907268244825e+02 1.491430332372946737e+02 1.189191641666914165e+02
1.328409421688894270e+02 1.491393946594588158e+02 1.189348026257165714e+02
1.323071108206849544e+02 1.485575934891733709e+02 1.183646449045058944e+02
1.321228799714854176e+02 1.483322244334214588e+02 1.181561766715181108e+02
1.324286987257551971e+02 1.486368847833189761e+02 1.184912822645320318e+02
1.331163899367332988e+02 1.494550598508925532e+02 1.192686458549915329e+02
1.327939525351234238e+02 1.491055336085781278e+02 1.188775061633053127e+02
1.323228532390768351e+02 1.485370986425876936e+02 1.182825764101345527e+02
1.324319957228146336e+02 1.486214987970416246e+02 1.183716101820774043e+02
1.328585113018683046e+02 1.490431431371966653e+02 1.187133840259007371e+02
1.328342442154037997e+02 1.490733210562271722e+02 1.186500282175423990e+02
1.328875456678646856e+02 1.491933347194582211e+02 1.187795764398372285e+02
1.326351917307749488e+02 1.491775031930376940e+02 1.187942198592093206e+02
1.325957614281046801e+02 1.491497163394421932e+02 1.187479282383342678e+02
1.323615112721656146e+02 1.489775150741081688e+02 1.186416966168651754e+02
1.325192918881991204e+02 1.491604538568925022e+02 1.188183978376451648e+02
1.323779220007722586e+02 1.490500935634300674e+02 1.187455817269135991e+02
1.327612944426292927e+02 1.493476549737131336e+02 1.189439659013277151e+02
1.329743071850773788e+02 1.495720141384738895e+02 1.191635429352184588e+02
1.329653963822140383e+02 1.494569459708319812e+02 1.190793061454837130e+02
1.323639468916149440e+02 1.487673389372382360e+02 1.184639855050940156e+02
1.323285413015712777e+02 1.486842011465232929e+02 1.183325214601835569e+02
1.328116404788071350e+02 1.492638934267977504e+02 1.189111741467906285e+02
1.335686428847239142e+02 1.501136275878456559e+02 1.196948198532687826e+02
1.336757655864793435e+02 1.502835120444352128e+02 1.198964564707280118e+02
1.333935753111355211e+02 1.499347283690260610e+02 1.196047910416728541e+02
1.327567944871832992e+02 1.492315917664181484e+02 1.188914961238007493e+02
1.330897020821576007e+02 1.495865387471411054e+02 1.191771764635993662e+02
1.338726943297590992e+02 1.505582915020643497e+02 1.200839991683250645e+02
1.341987406065286450e+02 1.510702171265631080e+02 1.205371134939258013e+02
1.336396768348828346e+02 1.503759764754804280e+02 1.198824368075563598e+02
1.330950040098612988e+02 1.497192948584667533e+02 1.192507648439124353e+02
1.333543677785368402e+02 1.500077969525054300e+02 1.195515341432263057e+02
1.342167998336650214e+02 1.509615350343065927e+02 1.204063029078919982e+02
1.343391303056405377e+02 1.510846377758635981e+02 1.206434639260997415e+02
1.337362996405976219e+02 1.503915109751388570e+02 1.199385154602429679e+02
1.328234918466153829e+02 1.494011197908931479e+02 1.190221730477916111e+02
1.329989901090088154e+02 1.495995188166453715e+02 1.191565331036326398e+02
1.336153206403897116e+02 1.503349867823090733e+02 1.198759022187899177e+02
1.339195948554964843e+02 1.508607538539222332e+02 1.202946505480143742e+02
1.335017376065583505e+02 1.502338491698102132e+02 1.197357946951020296e+02
1.325751329194760331e+02 1.492271363649864782e+02 1.187428045266878485e+02
1.323688923872040846e+02 1.491904090058514214e+02 1.186734339263967684e+02
1.333585113018683046e+02 1.503154127186859625e+02 1.196674191344640121e+02
1.337124186889238615e+02 1.509486440728309731e+02 1.202628389817922567e+02
1.331911367214185873e+02 1.504239165948852133e+02 1.197448837140226345e+02
1.322172305224700608e+02 1.492214780051682794e+02 1.186901565331036323e+02
1.324942079781388315e+02 1.492962990465441067e+02 1.187730864050850954e+02
1.333077494282234738e+02 1.501784536786764477e+02 1.196503103929664036e+02
1.337847001514836620e+02 1.506602756408352377e+02 1.200702319779012157e+02
1.334065553806397872e+02 1.501505480143760849e+02 1.195885733804615825e+02
1.330435886773398408e+02 1.496169988415956311e+02 1.190773012148394514e+02
1.328937238245165986e+02 1.492972643835209681e+02 1.188194671339887662e+02
1.333401104939555069e+02 1.496710280096236545e+02 1.191526272017108710e+02
1.336703596994089196e+02 1.500534351145038272e+02 1.195272819080999227e+02
1.337181216027564119e+02 1.501470579499212761e+02 1.196273205215789943e+02
1.328528083880357542e+02 1.493769121097811023e+02 1.187249086642706573e+02
1.323839664953812303e+02 1.489542281759586615e+02 1.182048890605043567e+02
1.326886713992930709e+02 1.493881100187126947e+02 1.186301571271571618e+02
1.333074226987851603e+02 1.501320580984346691e+02 1.192877595271333888e+02
1.331856714289957608e+02 1.501855823209671144e+02 1.192191166424094746e+02
1.332292601063355733e+02 1.501383996198057389e+02 1.192295868357739010e+02
1.330242670864644765e+02 1.499039415451332218e+02 1.189793863427094749e+02
1.331853595508955266e+02 1.501624587875367638e+02 1.191867258740012545e+02
1.332786556568746903e+02 1.503360115246383657e+02 1.193830011584043689e+02
1.335216681022960188e+02 1.505090147622300663e+02 1.195737962990465491e+02
1.335029999702973100e+02 1.504733269967624096e+02 1.196970178513084022e+02
1.334128077939822390e+02 1.503301749487628740e+02 1.196042415421629528e+02
1.335804942525321621e+02 1.505180889298125635e+02 1.197976505183116984e+02
1.345007722695814891e+02 1.515230195740636248e+02 1.207086613003831701e+02
1.347379184364511104e+02 1.518307690022870986e+02 1.209534410550390646e+02
1.346684290254551968e+02 1.515559449906436669e+02 1.208697834674904215e+02
1.343570261680577289e+02 1.510378709121691827e+02 1.204593815902812821e+02
1.347115424599756466e+02 1.512798140612469240e+02 1.207747200522767059e+02
1.348763329075949855e+02 1.514579410104850581e+02 1.209968960703359357e+02
1.348482787299135737e+02 1.513004722725517581e+02 1.208934862031069031e+02
1.344378917040425279e+02 1.509781833843229322e+02 1.206074345798556493e+02
1.342161463747883658e+02 1.507360620191879264e+02 1.204229364065702299e+02
1.337297650518311798e+02 1.502217304779160543e+02 1.200512668191404089e+02
1.336697210918703718e+02 1.502100721775032071e+02 1.200042920367125134e+02
1.338248730210592043e+02 1.503743428282888317e+02 1.202591558499420756e+02
1.337777942792645547e+02 1.503837882793239658e+02 1.201042860961772618e+02
1.332434579855645040e+02 1.497536905575192350e+02 1.194471886416966129e+02
1.326781269492381341e+02 1.492208839516440548e+02 1.188118186948644137e+02
1.320911723646300402e+02 1.486526123503727774e+02 1.182577449728220529e+02
1.325835536281819032e+02 1.492369530994742490e+02 1.187032851159889475e+02
1.331272759675646853e+02 1.499043276799239663e+02 1.193400065345887668e+02
1.328961742953040073e+02 1.497122850268809202e+02 1.190980336828348243e+02
1.316736121424540329e+02 1.482425372026019659e+02 1.177472153741052097e+02
1.314588766447857040e+02 1.479809605845486544e+02 1.174172928980901247e+02
1.326697804972228028e+02 1.494130602667300423e+02 1.188045415391926838e+02
1.335664151840080933e+02 1.503870704250452945e+02 1.197086613003831701e+02
1.331362907297947515e+02 1.498139869902278178e+02 1.191423203730656155e+02
1.326361570677518102e+02 1.490603706893991216e+02 1.184134761041969881e+02
1.322857100424748182e+02 1.486624587875367638e+02 1.180526628449223239e+02
1.326859090504054279e+02 1.490700240591677357e+02 1.184119018623577944e+02
1.335829447233195708e+02 1.500344551044049126e+02 1.192904921733448163e+02
1.343131256126177107e+02 1.506795972317105736e+02 1.199567826061128102e+02
1.336254492529776883e+02 1.497742596607954511e+02 1.192043841150087644e+02
1.326393055514301977e+02 1.484834259066741993e+02 1.180198859417233450e+02
1.325806427659132112e+02 1.483640508509816698e+02 1.178886298155463805e+02
1.338836991712953477e+02 1.498354620251284643e+02 1.192756259839011506e+02
1.344249858912288005e+02 1.507350818308729572e+02 1.201527014584013955e+02
1.341216918644369969e+02 1.505108266254789555e+02 1.199271096325778956e+02
1.326782903139572909e+02 1.489306145483708121e+02 1.185502420768111165e+02
1.319228918525559209e+02 1.480383758576647892e+02 1.177166067662696349e+02
1.326510084058573682e+02 1.489015504796982157e+02 1.184979208126652281e+02
1.341311818694864542e+02 1.507950366828051187e+02 1.201376273502242498e+02
1.339777675468559721e+02 1.507702349481688202e+02 1.199903911842456949e+02
1.326163008287046523e+02 1.491837407550420380e+02 1.184379659607330666e+02
1.317266611221671155e+02 1.480873704220750255e+02 1.174099414857278703e+02
1.321760626132414416e+02 1.486450084652627197e+02 1.179453025217572133e+02
1.328276056672706318e+02 1.495991029791784115e+02 1.188164077583390252e+02
1.333483529866040840e+02 1.502303145513410811e+02 1.194266195384204110e+02
1.329460153859862714e+02 1.499336293700062299e+02 1.191038257046959927e+02
1.322398788130810487e+02 1.491123058187542654e+02 1.184010158315264221e+02
1.319724062137998715e+02 1.486820625538360900e+02 1.180413164226096825e+02
1.329102979178423993e+02 1.496757655864793435e+02 1.189661686517955275e+02
1.336252413342442082e+02 1.506287462500371248e+02 1.198102890070395290e+02
1.332937743190661593e+02 1.501583598182196226e+02 1.194454658864763701e+02
1.323388332788784396e+02 1.490417471114147361e+02 1.184380105147473756e+02
1.325375590340689769e+02 1.491909585053613228e+02 1.186041227314581050e+02
1.331862209285056622e+02 1.498799566340927356e+02 1.193516351323254270e+02
1.336979237829328326e+02 1.504620251284640631e+02 1.198313779071494309e+02
1.332162354828170123e+02 1.498891199097038509e+02 1.192997297056464845e+02
1.327748834169958627e+02 1.492996108949416225e+02 1.186913594914901893e+02
1.326979386342709404e+02 1.492866159740992771e+02 1.186898001009891033e+02
1.332992841655033089e+02 1.499616835476876417e+02 1.193208780111088032e+02
1.333868625063118145e+02 1.500297175275492236e+02 1.194374758665755820e+02
1.329165057771705278e+02 1.494624409659310231e+02 1.188756051920278054e+02
1.321697359432084795e+02 1.486446223304719751e+02 1.180969049811388061e+02
1.323651052959871777e+02 1.490782962544925283e+02 1.183460064751834153e+02
1.326645231235334279e+02 1.498746398550509298e+02 1.190094008970208250e+02
1.328995455490539825e+02 1.501942852050969748e+02 1.192988386253601476e+02
1.323479668518133394e+02 1.496678943772834032e+02 1.187742893634716523e+02
1.314542281759586615e+02 1.485826328452193650e+02 1.178058187542697652e+02
1.311744438173879530e+02 1.482481361570677620e+02 1.175277274482430840e+02
1.322018593875308170e+02 1.493250660884545766e+02 1.185399352481658610e+02
1.329274957673686401e+02 1.501087117949327308e+02 1.193139572875516023e+02
1.328027148246056868e+02 1.497960614251344111e+02 1.191165235987762543e+02
1.317706804883119958e+02 1.485032969970594365e+02 1.179600944545103545e+02
1.314467133988772503e+02 1.479094810942465870e+02 1.174004960346927220e+02
1.318683428876941832e+02 1.483933673924020695e+02 1.177632845219354323e+02
1.329972822051266803e+02 1.495949000504945445e+02 1.188695309947426324e+02
1.331309739507529741e+02 1.498095315887961476e+02 1.190382421956218195e+02
1.325898654468767575e+02 1.490823061157810230e+02 1.183919862179582339e+02
1.318326402708884189e+02 1.482037752101464321e+02 1.175415837466955793e+02
1.317000326729438200e+02 1.482344729260106249e+02 1.174216294888169472e+02
1.318490509994950628e+02 1.487381412065226982e+02 1.177910119701785163e+02
1.322317551311373052e+02 1.494289214958267848e+02 1.183172988386253621e+02
1.323597588142691563e+02 1.497096266373600315e+02 1.185243710458312307e+02
1.320759942970861687e+02 1.492831407609825760e+02 1.180942317402797954e+02
1.313109870199305078e+02 1.483143731250185624e+02 1.173204918763180586e+02
1.313320907713784891e+02 1.483459025158166753e+02 1.173192592152553004e+02
1.319146939139216386e+02 1.490546232215522480e+02 1.179716933495707991e+02
1.324651290581281273e+02 1.496828496747556869e+02 1.186355036088751547e+02
1.322298244571835824e+02 1.493704072236908473e+02 1.184260403362342942e+02
1.318530014554311265e+02 1.488348234175899165e+02 1.178669023078979450e+02
1.316237264977574455e+02 1.484279561588499234e+02 1.174715596875278436e+02
1.319339115454302487e+02 1.487506757358838172e+02 1.177589330798705021e+02
1.323971396322808687e+02 1.493344372827991720e+02 1.183440609498915848e+02
1.325453114325600836e+02 1.497836457064781541e+02 1.186387560519202822e+02
1.319973267591410035e+02 1.492404134612528708e+02 1.181885822912644386e+02
1.317297650518311798e+02 1.488302195027771972e+02 1.178769418124573036e+02
1.317365669646835045e+02 1.489315947366857813e+02 1.181179196245581693e+02
1.320616033504618656e+02 1.493300264353818250e+02 1.185462916208750386e+02
1.317737992693141678e+02 1.490242225324501817e+02 1.181878545756972727e+02
1.320877565568657701e+02 1.492728042296610909e+02 1.184556539044167920e+02
1.324556242017405907e+02 1.497960168711200879e+02 1.190035791724834411e+02
1.324556093504024830e+02 1.498274868565657698e+02 1.190182077405174255e+02
1.315508212789972333e+02 1.488133929367035933e+02 1.181042118394867373e+02
1.309518668131998709e+02 1.482070722072058686e+02 1.175088513975109095e+02
1.306000683161552729e+02 1.480572816110731651e+02 1.173040217423589837e+02
1.314237829328422436e+02 1.489912525618558163e+02 1.181720824546291624e+02
1.319393619865149958e+02 1.496633350164849787e+02 1.187296610924644256e+02
1.316046128256155896e+02 1.493019128523480106e+02 1.183782190275343851e+02
1.302818338432292649e+02 1.477143939168919076e+02 1.169244215403807914e+02
1.300374699260403304e+02 1.474026643300561261e+02 1.165725636379837766e+02
1.312673389372382360e+02 1.487136810526628494e+02 1.177697300026732421e+02
1.325681973445807387e+02 1.501515579053672695e+02 1.191275284403124743e+02
1.319760150889595138e+02 1.495110493955505433e+02 1.185261383550657968e+02
1.309108177146760852e+02 1.483499717824576010e+02 1.175030593756497410e+02
1.302379035851130311e+02 1.476212760269700368e+02 1.168905010841476866e+02
1.307683785309056361e+02 1.483178780408114790e+02 1.175901327709626685e+02
1.319530400689102123e+02 1.499427926456173736e+02 1.190992663438975825e+02
1.320300442569875656e+02 1.500957168740903569e+02 1.192780616033504657e+02
1.302702497995069280e+02 1.480656874684408990e+02 1.174348323283927868e+02
1.290089999108919585e+02 1.464329462084533873e+02 1.158669617132503618e+02
1.297403243532242243e+02 1.471434490747616337e+02 1.164609112781061526e+02
1.314317283987287226e+02 1.489769210205839443e+02 1.181545727270027015e+02
1.315906525677963543e+02 1.491847654973713020e+02 1.184013574123028434e+02
1.306596815873110131e+02 1.481426173998277136e+02 1.172753883624914550e+02
1.295162473638874872e+02 1.468570855734101599e+02 1.160463510262274696e+02
1.298423678973475432e+02 1.470989099117830392e+02 1.163273234918466130e+02
1.311904832625419601e+02 1.486681319986930703e+02 1.177051415332521458e+02
1.323404075207176049e+02 1.500081533846199591e+02 1.189409065256779598e+02
1.316797308937535149e+02 1.492687943683725962e+02 1.182656458846942087e+02
1.305147919327531270e+02 1.477330769002287241e+02 1.168730359105355348e+02
1.303391897109929687e+02 1.474705349451985512e+02 1.166961564736982808e+02
1.318118038435262918e+02 1.490842070870585303e+02 1.182440668904268222e+02
1.325479401194047568e+02 1.499557875664597475e+02 1.190513707785071489e+02
1.321806071227017583e+02 1.495849793566400194e+02 1.189027385867466649e+02
1.306553746992603919e+02 1.480422520569103142e+02 1.176071672557697383e+02
1.299699408916743266e+02 1.472506014791932785e+02 1.169033474916089972e+02
1.305312175126979071e+02 1.478489173374520931e+02 1.175282472450767841e+02
1.323884218968129005e+02 1.500058514272135994e+02 1.195880535836278824e+02
1.329057682597201904e+02 1.504498024772032068e+02 1.199194908961297443e+02
1.316023108682092300e+02 1.487378738824368156e+02 1.181686220928505691e+02
1.301002613835506452e+02 1.467803932634330408e+02 1.162092107998930715e+02
1.311978940802566171e+02 1.475241779784358584e+02 1.167032851159889475e+02
1.331377461609291117e+02 1.498331452163839970e+02 1.188607687052603410e+02
1.334355451926218450e+02 1.507025722517598751e+02 1.195851278700210827e+02
1.317946653993524819e+02 1.490786526866070574e+02 1.180909495945584666e+02
1.303571746814388064e+02 1.475078860605340481e+02 1.165601924733418429e+02
1.301838595657468716e+02 1.474176790328808693e+02 1.164501143553034126e+02
1.312807942495618931e+02 1.487605221730478036e+02 1.177144533222443386e+02
1.324768319125553262e+02 1.498941545133216380e+02 1.189019366144889602e+02
1.323163929070009317e+02 1.493657290521875893e+02 1.184353521252264869e+02
1.306222859179612215e+02 1.472414679062583502e+02 1.165342471856714326e+02
1.306730329402679160e+02 1.470081088306056358e+02 1.164040455044999618e+02
1.322564826090830650e+02 1.488162295422817465e+02 1.181304838565954753e+02
1.332310719695844625e+02 1.499511836516469998e+02 1.191899931683844756e+02
1.321448005465292397e+02 1.486459143968871501e+02 1.180144057979623966e+02
1.310615290937713553e+02 1.472966851813348512e+02 1.167376214096890124e+02
1.310962366709240428e+02 1.473884515994891160e+02 1.168696943594617892e+02
1.320317521608697007e+02 1.483980158612290836e+02 1.178209225651231122e+02
1.324655448955950874e+02 1.490405887070425024e+02 1.183448332194730739e+02
1.321833546202512935e+02 1.487543588677339699e+02 1.180347818338432262e+02
1.313309026643300683e+02 1.477661062761754920e+02 1.170737962990465491e+02
1.313466302313838412e+02 1.477999524757180723e+02 1.170784150651973761e+02
1.319678320016633393e+02 1.486421124543321355e+02 1.177928832387798082e+02
1.326951614340452181e+02 1.493656993495114023e+02 1.186091424837377843e+02
1.323019722577004131e+02 1.488902931654141923e+02 1.181819140404550410e+02
1.319728369026049108e+02 1.483933673924020695e+02 1.176591469391392195e+02
1.320759348917337377e+02 1.485386728844268873e+02 1.177403837585766411e+02
1.327116761220185879e+02 1.492112454332135201e+02 1.183406896961416237e+02
1.326951762853833259e+02 1.493322095820833511e+02 1.185587815962218201e+02
1.322996703002940535e+02 1.489324264116196730e+02 1.182573142840169851e+02
1.316941218403778180e+02 1.482930763061751804e+02 1.177287551608399951e+02
1.316977010128612449e+02 1.483524371045831174e+02 1.177198889119909637e+02
1.320517272106216637e+02 1.488508183087296288e+02 1.181594885199156408e+02
1.325136038257047062e+02 1.494075949743071874e+02 1.186651765824100693e+02
1.321017613686993286e+02 1.489269314165206310e+02 1.182457302402946482e+02
1.316135830338313610e+02 1.483593578281403040e+02 1.176919683963525074e+02
1.313368283482341781e+02 1.481254641043157960e+02 1.173444619360204371e+02
1.315806130632369957e+02 1.484020702765319015e+02 1.176100484153622290e+02
1.320269403273235014e+02 1.487842397600023787e+02 1.180388511004841519e+02
1.322365669646835045e+02 1.488625805685092303e+02 1.180931327412599927e+02
1.317401758398431753e+02 1.482460124157186669e+02 1.175355838061009308e+02
1.313570855734101599e+02 1.478007841506519640e+02 1.171542757002405892e+02
1.311401669290403049e+02 1.474788665458757748e+02 1.169607033593726726e+02
1.318249027237354198e+02 1.483234027385867364e+02 1.176160335046187697e+02
1.320075741824338422e+02 1.489395550539103681e+02 1.180959693468381460e+02
1.316649389610003880e+02 1.487022752249977771e+02 1.177609380105147494e+02
1.307475421035435375e+02 1.476603053435114532e+02 1.167170374550747027e+02
1.307562152849971824e+02 1.476632459084563607e+02 1.166862357798437699e+02
1.310883654617281024e+02 1.480289007039534397e+02 1.171636914485995220e+02
1.315971277512103939e+02 1.485197225770041882e+02 1.176551667805269261e+02
1.316442956010336616e+02 1.485842367897347458e+02 1.177721656221225572e+02
1.314601835625389867e+02 1.482885614993911076e+02 1.175081533846199591e+02
1.309062880565539047e+02 1.476368550806427606e+02 1.169096147562895425e+02
1.308344224314610642e+02 1.477025128464074726e+02 1.168700062375620092e+02
1.311183800160394526e+02 1.483228829417530505e+02 1.174612677102206959e+02
1.313690409005851336e+02 1.487690171384441840e+02 1.178321650280690278e+02
1.307965663706299893e+02 1.482235720438411590e+02 1.172883238779814121e+02
1.305243264918169075e+02 1.478849169810199840e+02 1.169383223928475957e+02
1.307001366323105742e+02 1.479812724626488887e+02 1.170394303026702687e+02
1.311751566816170111e+02 1.484035108563281540e+02 1.173950752962841904e+02
1.312549974752725177e+02 1.484628568033979832e+02 1.175282323937386764e+02
1.310541331273947776e+02 1.482318145364897362e+02 1.172091810972168560e+02
1.305390293165414164e+02 1.476899486143701665e+02 1.167305224700745470e+02
1.302879674458668831e+02 1.473640954049959930e+02 1.164119464163721176e+02
1.306011970178513195e+02 1.477921258205364268e+02 1.168305016782012018e+02
1.309514212730566953e+02 1.481613300858407456e+02 1.171921911664240952e+02
1.304571984435797560e+02 1.476122761160780499e+02 1.166806219740398660e+02
1.301001425728458116e+02 1.471727656161820050e+02 1.162668339917426579e+02
1.299300650488609108e+02 1.469591736715478021e+02 1.160670240888704114e+02
1.301329788813972073e+02 1.470195443609469237e+02 1.161207413787982290e+02
1.301234443223334551e+02 1.469817625568063590e+02 1.160553360857813345e+02
1.305700537618439512e+02 1.474145305492024818e+02 1.164302729675943766e+02
1.307477797249532045e+02 1.476005435589746639e+02 1.166355036088751547e+02
1.307541806516767053e+02 1.477136959040009572e+02 1.167645765883506073e+02
1.304560548905456301e+02 1.474833219473074450e+02 1.166470728012593980e+02
1.307687795170344884e+02 1.478305907862298341e+02 1.170149255947960967e+02
1.310595538658033092e+02 1.483413134523420638e+02 1.174350848011405759e+02
1.315506727656161843e+02 1.488341848100513971e+02 1.179635993703032710e+02
1.314056048950010336e+02 1.487633439272878491e+02 1.177965515192918815e+02
1.309298274274512153e+02 1.481857753883624866e+02 1.172638934267977504e+02
1.306056227166067742e+02 1.478051355927169084e+02 1.168788576350729187e+02
1.309420649300502077e+02 1.481442807496955538e+02 1.171643597588142711e+02
1.311645676775477511e+02 1.484469510202869174e+02 1.174743665904297956e+02
1.312075474500252596e+02 1.486198800011881076e+02 1.176717705765289423e+02
1.306697953485609105e+02 1.481670775536875908e+02 1.173505212819675023e+02
1.302872694329759042e+02 1.476716220631478791e+02 1.169128077939822390e+02
1.300030742269878488e+02 1.474318323580954768e+02 1.167219383966495343e+02
1.302520420589895025e+02 1.477022752249977771e+02 1.169390649597528693e+02
1.303890456530133406e+02 1.478874268571598236e+02 1.170360887515965231e+02
1.306353105414797824e+02 1.482223839367927098e+02 1.172388986247660938e+02
1.304876288353580662e+02 1.480714349362877726e+02 1.171342560964742887e+02
1.304193126800724656e+02 1.479347729230403559e+02 1.169522380966525077e+02
1.304036742210473108e+02 1.479148275759646083e+02 1.168857189532776886e+02
1.308443579766536971e+02 1.482942941158998451e+02 1.172813140463955790e+02
1.310399946535182778e+02 1.484919802774229822e+02 1.174011791962455789e+02
1.311491668399322919e+02 1.485354204413817740e+02 1.174714408768229958e+02
1.308998277244779729e+02 1.482673092345620205e+02 1.171837259037039303e+02
1.308727091810972070e+02 1.482393887189235784e+02 1.171494490153562822e+02
1.310278462589479318e+02 1.483982386313006714e+02 1.173130216532509564e+02
1.313692042653042904e+02 1.486915674102236551e+02 1.177776457658835056e+02
1.314716487955564901e+02 1.488595360441975686e+02 1.179412481064543954e+02
1.315024801734636242e+02 1.488794071345828343e+02 1.179413669171592431e+02
1.310868209225651242e+02 1.484310749398520670e+02 1.175357768734963031e+02
1.311109691983247671e+02 1.483823922535420365e+02 1.175497371313155384e+02
1.312545964891436654e+02 1.485219502777200091e+02 1.176551370778507106e+02
1.316122612647399421e+02 1.489247928238334282e+02 1.179731784833813464e+02
1.315269403273235014e+02 1.488965010247423209e+02 1.178657290521876035e+02
1.312643092642647105e+02 1.485585142721359091e+02 1.176134048177740823e+02
1.309750497519826524e+02 1.482481955624201646e+02 1.173231948198532706e+02
1.312708587043692603e+02 1.485671428995752592e+02 1.176416372115127587e+02
1.315773160661775592e+02 1.489714408768230101e+02 1.181484985297175285e+02
1.316521222562152786e+02 1.490665339947129269e+02 1.182282353640062951e+02
1.310041435233314644e+02 1.483045266878545760e+02 1.175385540737220396e+02
1.307388392194136770e+02 1.479627082900169341e+02 1.172496955475688338e+02
1.309093771348798612e+02 1.482431164047880827e+02 1.175158166750824194e+02
1.315465886476371509e+02 1.489577627944277651e+02 1.182828288828823418e+02
1.314556687557548855e+02 1.489357531113553250e+02 1.183013633528380950e+02
1.313410906822704760e+02 1.487760269700299887e+02 1.182229928416550280e+02
1.309302581162562831e+02 1.483871743844120488e+02 1.176553301452460829e+02
1.310865090444649184e+02 1.485258413283036703e+02 1.176454540054058810e+02
1.310607716755279739e+02 1.486261621172067464e+02 1.176715775091335701e+02
1.311835179849704502e+02 1.489116196869337898e+02 1.175460094454510340e+02
1.309300353461846953e+02 1.485465737962990431e+02 1.172854575697270292e+02
1.305465589449609354e+02 1.481338105563311274e+02 1.169761784536786706e+02
1.304071197314877963e+02 1.480893605013811793e+02 1.170202423738378883e+02
1.311832952148988625e+02 1.490120592865417279e+02 1.179666141919386888e+02
1.313598776249740183e+02 1.492753141058009305e+02 1.182613538479817095e+02
1.316047761903347464e+02 1.495272225027474917e+02 1.185690735735289820e+02
1.316139394659458901e+02 1.495055544004514729e+02 1.185507024682923998e+02
1.319044761933050154e+02 1.497573588380313083e+02 1.187394481242759952e+02
1.320882615023613766e+02 1.499278076454688460e+02 1.188947188641696613e+02
1.323755160839991731e+02 1.502009237532301711e+02 1.191311521668102245e+02
1.321553301452460971e+02 1.499563222146315411e+02 1.189676686369441825e+02
1.319569756735081967e+02 1.497222354234116608e+02 1.187477500222770033e+02
1.315994445599548612e+02 1.495190691181275326e+02 1.186013752339085698e+02
1.318996792110969238e+02 1.498564618172097198e+02 1.189576885377372548e+02
1.319013722636409511e+02 1.499353224225502856e+02 1.190766774586390255e+02
1.319417382006118658e+02 1.499394510945436139e+02 1.191059642973831956e+02
1.318772239878813082e+02 1.496943743131256213e+02 1.188144325303709934e+02
1.321654142038197506e+02 1.498087147652003353e+02 1.188464371639884689e+02
1.323011257314284137e+02 1.498952683636795769e+02 1.187924376986366468e+02
1.325755933109573164e+02 1.500686577360620220e+02 1.189508272195324849e+02
1.325781328897733715e+02 1.500226334392728802e+02 1.189088721893842688e+02
1.324448718329521455e+02 1.499274215106781014e+02 1.189706092018890899e+02
1.322047702497995090e+02 1.497698042593637808e+02 1.189087830813556366e+02
1.324513618677042928e+02 1.501100781180384445e+02 1.192443045118365177e+02
1.324757774675498183e+02 1.503521846318353425e+02 1.194626191819883019e+02
1.324150503460361676e+02 1.502338937238245080e+02 1.193507440520390901e+02
1.322528737339234226e+02 1.499445896575281552e+02 1.191183206106870216e+02
1.325076632904624603e+02 1.501736269937921406e+02 1.192398342590667397e+02
1.325449698517836339e+02 1.502632696705973103e+02 1.192618736448153953e+02
1.327784774408174258e+02 1.504467579528915451e+02 1.194114117682003098e+02
1.326811566222116596e+02 1.503470015148364780e+02 1.192782398194077302e+02
1.325439451094543699e+02 1.503630855140048084e+02 1.193056108355362852e+02
1.321594291145632099e+02 1.502228146255977776e+02 1.190932218492886250e+02
1.322150919297828864e+02 1.504743368877535943e+02 1.193288531796714835e+02
1.322716458252888572e+02 1.506922951257908210e+02 1.194717824575994314e+02
1.322601063355808435e+02 1.506826269046840991e+02 1.195163216205780117e+02
1.320005792021861168e+02 1.503654171740873835e+02 1.192292304036593720e+02
1.321845575786378220e+02 1.504636142216413646e+02 1.192634478866545891e+02
1.322858585558558957e+02 1.506323996792110904e+02 1.194029762081563604e+02
1.325398609914753365e+02 1.508646300531677866e+02 1.196736418451302484e+02
1.322395817863189507e+02 1.505243116404787997e+02 1.193433926396768356e+02
1.320901030682864530e+02 1.502862595419847196e+02 1.191685775388362458e+02
1.316925178958624087e+02 1.498864763715210700e+02 1.188711794932723507e+02
1.318533430362075762e+02 1.500587370422074969e+02 1.191035583806100959e+02
1.319277185374402279e+02 1.502011019692874356e+02 1.192481807110820711e+02
1.320067425074999221e+02 1.502618290908010863e+02 1.192926901713844359e+02
1.315520836427362212e+02 1.497422104731636239e+02 1.187881011079098243e+02
1.315456530133365050e+02 1.496273650755933033e+02 1.186372560667716130e+02
1.318442837199631583e+02 1.500195889149612469e+02 1.189634508569222078e+02
1.323291353550955023e+02 1.506330828407639615e+02 1.193370362669676581e+02
1.321280630884842822e+02 1.504198621795823669e+02 1.192069830991772363e+02
1.321685626874981381e+02 1.504815694894109868e+02 1.192678290313957348e+02
1.320995039653072638e+02 1.505401728695755423e+02 1.193549469807229571e+02
1.321957554875694427e+02 1.507622152255918309e+02 1.194877624974010217e+02
1.321297115870139862e+02 1.507679329907624606e+02 1.195314996881218974e+02
1.321611518697834811e+02 1.508240859001396075e+02 1.196509787031811527e+02
1.320553509371194423e+02 1.506337511509786964e+02 1.195004158374669601e+02
1.323701696022811518e+02 1.509005108860308439e+02 1.196971366620132500e+02
1.326862506311818777e+02 1.512557697448540068e+02 1.200337422401758403e+02
1.328651201473252854e+02 1.513629072979475438e+02 1.200585142721359233e+02
1.324203077197255425e+02 1.509012831556123331e+02 1.196146820328511637e+02
1.319901684141741214e+02 1.503765705290046526e+02 1.191146820328511637e+02
1.318267739923367117e+02 1.502071167612201918e+02 1.191518697834674896e+02
1.322165770635934336e+02 1.505613063236997675e+02 1.196403748477737849e+02
1.324317878040811536e+02 1.508614667181512914e+02 1.199933168978524947e+02
1.327527846258948045e+02 1.512707398936644267e+02 1.203743725309650330e+02
1.328406599934654082e+02 1.513238037247155887e+02 1.204178126949238106e+02
1.331889684260551974e+02 1.514709656340036190e+02 1.204880743755012276e+02
1.334056643003534646e+02 1.516748596548549131e+02 1.207376214096890124e+02
1.336390827813586100e+02 1.517786853595509058e+02 1.208115365194403950e+02
1.331136424391837636e+02 1.511545430243265002e+02 1.202305521727507625e+02
1.331258502391065406e+02 1.511905129652181756e+02 1.202533044227284904e+02
1.331994831734339186e+02 1.513876793299076269e+02 1.204193720854248966e+02
1.335896872308194929e+02 1.518433777883387279e+02 1.208070811180087389e+02
1.333997683191255419e+02 1.516860130097721822e+02 1.206674488371402276e+02
1.328777437847149940e+02 1.510768705260343836e+02 1.201427213591944678e+02
1.324386491222859092e+02 1.505867763685508010e+02 1.196794487183295246e+02
1.326608251403451391e+02 1.507644280749695440e+02 1.198400213859268746e+02
1.328506994980247669e+02 1.510936673894318005e+02 1.200908753378679421e+02
1.332062553836100562e+02 1.514928862090474411e+02 1.204645795586182260e+02
1.329864852823239403e+02 1.513318382986307142e+02 1.202879674458668688e+02
1.327810021682953732e+02 1.510279799209908731e+02 1.201184245700537616e+02
1.326183503133632371e+02 1.507911901862357809e+02 1.200635043217393871e+02
1.328916446371817983e+02 1.510549202483143745e+02 1.204007782101167265e+02
1.327533489767428136e+02 1.509490896129741202e+02 1.203184126889832726e+02
1.328377194285205007e+02 1.509333917485965344e+02 1.203097840615439509e+02
1.326085929842278688e+02 1.507311759289511883e+02 1.201719636439243146e+02
1.325912317699824712e+02 1.506599043573826009e+02 1.200513262244928256e+02
1.324978317046365817e+02 1.505664151840080933e+02 1.198891050583657574e+02
1.328070068613182002e+02 1.508694121840377704e+02 1.201738349125256207e+02
1.327629429411589967e+02 1.508088632785814127e+02 1.201557608340511507e+02
1.323236849140107552e+02 1.504787031811566180e+02 1.196663052841061017e+02
1.319585053613330672e+02 1.501976713101850578e+02 1.193946891614934458e+02
1.322950069801289033e+02 1.507162800368313071e+02 1.198473579469510213e+02
1.322617845367867631e+02 1.508048682686309974e+02 1.199225799744557008e+02
1.324026940327323416e+02 1.509913119672082473e+02 1.200250839100603031e+02
1.322420174057682516e+02 1.508204473223037496e+02 1.198122196809932518e+02
1.322668042890664424e+02 1.507989277333887799e+02 1.196688003089078336e+02
1.321815576083405119e+02 1.506218997831704769e+02 1.195020791873347719e+02
1.324195057474678379e+02 1.508505212819675023e+02 1.195797219829506588e+02
1.324918466153800409e+02 1.509621587905070328e+02 1.197290818902783087e+02
1.325582320967119188e+02 1.509208720705735516e+02 1.197365075593311019e+02
1.322128493777289293e+02 1.505764101345531287e+02 1.196238453084622932e+02
1.322065078563578595e+02 1.505706329640300680e+02 1.196833843229274947e+02
1.322431461074642698e+02 1.506793893129770936e+02 1.198548430213562312e+02
1.325814150354947003e+02 1.510330442272848757e+02 1.201947455965782581e+02
1.325969346838150216e+02 1.509175156681617125e+02 1.201475034900644516e+02
1.324497727745269913e+02 1.505357917248344108e+02 1.197336115484005177e+02
1.322344580746725171e+02 1.502659429114563352e+02 1.194820001782160546e+02
1.325784596192116851e+02 1.504751240086731912e+02 1.196153206403896974e+02
1.326498500014851345e+02 1.506456619241393753e+02 1.198024326491816964e+02
1.325714200849496649e+02 1.506823892832744320e+02 1.198012890961475563e+02
1.320267918139424239e+02 1.501865328066058680e+02 1.193311551370778574e+02
1.319168473579469492e+02 1.500065791427807653e+02 1.191324590845635214e+02
1.318823179968515262e+02 1.500917812694923725e+02 1.192773635904595011e+02
1.322758784566489396e+02 1.505632518489915981e+02 1.198183978376451648e+02
1.322650221284937686e+02 1.506647607449431234e+02 1.196681468500311922e+02
1.320858258829120473e+02 1.504585647666854697e+02 1.191435975881426970e+02
1.317952148988623833e+02 1.501518252294531806e+02 1.188545608459322125e+02
1.322593637686755699e+02 1.506345382718982933e+02 1.189573172542846180e+02
1.326438352095523783e+02 1.513239967921109610e+02 1.196527460124157187e+02
1.327707398936644267e+02 1.514156146968841767e+02 1.198538182790269389e+02
1.321018356253898389e+02 1.506530578905159246e+02 1.192151810378115044e+02
1.317593637686755699e+02 1.502534380847714317e+02 1.188694418867139859e+02
1.317861407312798860e+02 1.503534024415599788e+02 1.190572964624112586e+02
1.323802982148691569e+02 1.510184305105890132e+02 1.197887694181245735e+02
1.324495500044554035e+02 1.511025930436332203e+02 1.199154067781507109e+02
1.322899872278492239e+02 1.507677250720289805e+02 1.196233997683191319e+02
1.318274571538895543e+02 1.502031663052840997e+02 1.191549588617934461e+02
1.321984287284284392e+02 1.505286927852199597e+02 1.193804170255740047e+02
1.325726081919980857e+02 1.509321590875337904e+02 1.198133483826892842e+02
1.328861199394065409e+02 1.512046811417708625e+02 1.201866516173107158e+02
1.323589271393352647e+02 1.505530638310511904e+02 1.196938248136157057e+02
1.320844298571301181e+02 1.501808744467876693e+02 1.193680904149463800e+02
1.320839397629726477e+02 1.502511658300412876e+02 1.194669557727151243e+02
1.326920872070573694e+02 1.509008673181453730e+02 1.200917070128018480e+02
1.328219324561142969e+02 1.510722072058692618e+02 1.202150176730923476e+02
1.326401966317165204e+02 1.507125226482906157e+02 1.198795704993019910e+02
1.320196186176374624e+02 1.499591736715478021e+02 1.191662904327679939e+02
1.322591409986039821e+02 1.501806368253779738e+02 1.193080019009712771e+02
1.327620518608726741e+02 1.507628835358065658e+02 1.198514272135919470e+02
1.331034544212433559e+02 1.511911664240948028e+02 1.200845635191730736e+02
1.323255858852882625e+02 1.504402382154632107e+02 1.194070900288115951e+02
1.318479222977990446e+02 1.499059316244393756e+02 1.187737250126236432e+02
1.319055603409867103e+02 1.499567083494222857e+02 1.187968188433777925e+02
1.325863456797457332e+02 1.508341254046989661e+02 1.194613568182493282e+02
1.327531113553331181e+02 1.510882169483470534e+02 1.197693884218968066e+02
1.324405203908872295e+02 1.507038346154988631e+02 1.194232631360085577e+02
1.314567974574509037e+02 1.496159146939139077e+02 1.183691745626280891e+02
1.312969079514064106e+02 1.494282828882882370e+02 1.182398788130810630e+02
1.317125672023049390e+02 1.499716042415421668e+02 1.187978138830308552e+02
1.324994802031663141e+02 1.508243086702111952e+02 1.196990821873050805e+02
1.319776338848130308e+02 1.504584905099949594e+02 1.193523628478925929e+02
1.313272046811417795e+02 1.496640924347283601e+02 1.186719339412481133e+02
1.310099800992069277e+02 1.494293818873080397e+02 1.183757091513945454e+02
1.315388511004841519e+02 1.500353907387055585e+02 1.189388273383431880e+02
1.318507589033771978e+02 1.503503579172483455e+02 1.192554578667538010e+02
1.321171919089910034e+02 1.505042177800219747e+02 1.192871803249472720e+02
1.318707042504529738e+02 1.501588796150533085e+02 1.189917129533370996e+02
1.318398580212077036e+02 1.500506876169542920e+02 1.188667983485312050e+02
1.317020821576024048e+02 1.498015861229096686e+02 1.186629043276799251e+02
1.319549410401877196e+02 1.501082662547895552e+02 1.190744646092612982e+02
1.319357531113553250e+02 1.502032851159889617e+02 1.193126503697983196e+02
1.318905753408382111e+02 1.500949297531707600e+02 1.192620964148869831e+02
1.316555677666557642e+02 1.498690706032613491e+02 1.191137018445361946e+02
1.318325511628597724e+02 1.500696082217007756e+02 1.192742596607954368e+02
1.314728220512668315e+02 1.497085721923545236e+02 1.189583122939376807e+02
1.315722517598835566e+02 1.498157245967861684e+02 1.190420886921911716e+02
1.316153057890516038e+02 1.500592716903792905e+02 1.192602994029762016e+02
1.319421985920931490e+02 1.504283719963168551e+02 1.195456678646746127e+02
1.316546618350313338e+02 1.501628152196512929e+02 1.192660617221611687e+02
1.315039059019217689e+02 1.499088721893842546e+02 1.190316927555172697e+02
1.314114563222146330e+02 1.497887397154483722e+02 1.189251938099622805e+02
1.317467549826239406e+02 1.501193156503400985e+02 1.192063444916387027e+02
1.318717289927822378e+02 1.502734279858615309e+02 1.193609617726557133e+02
1.321662904327679939e+02 1.506078801199988106e+02 1.196396916862209281e+02
1.319335699646538274e+02 1.503316452312353420e+02 1.194400005940535294e+02
1.318901743547093588e+02 1.501701814833516551e+02 1.192430718507737595e+02
1.317245522321561282e+02 1.500549648023286977e+02 1.191065880535836214e+02
1.320008168235958124e+02 1.501519143374817986e+02 1.191283898179225957e+02
1.319698369323076008e+02 1.501991712953337128e+02 1.192153295511925677e+02
1.317972198295066448e+02 1.501246027267056888e+02 1.190216829536341265e+02
1.314099563370659780e+02 1.500400095048563855e+02 1.188605756378649687e+02
1.313249324264116069e+02 1.500351234146196475e+02 1.188222146315383014e+02
1.311188701101969230e+02 1.500038019425550146e+02 1.188050019306739529e+02
1.313380016039445195e+02 1.502446757952891687e+02 1.190148364867674644e+02
1.314423768081504136e+02 1.502419431490777413e+02 1.190942614429560109e+02
1.318227938337244325e+02 1.504750943059969757e+02 1.193428282888288265e+02
1.317515519648320321e+02 1.503681201176225954e+02 1.192792497103989007e+02
1.319781091276323934e+02 1.504425104701933549e+02 1.193538776843793556e+02
1.319487331808595911e+02 1.504553123236403565e+02 1.194113523628478930e+02
1.321976564588469500e+02 1.506968990406035687e+02 1.196742061959782575e+02
1.322131018504767326e+02 1.507377105177176588e+02 1.198004425698755426e+02
1.323894466391421929e+02 1.509421540380788258e+02 1.199602726705676190e+02
1.322610716725577049e+02 1.508607687052603410e+02 1.199348768824071101e+02
1.323826595776279476e+02 1.509769210205839443e+02 1.200786526866070574e+02
1.326960822170077563e+02 1.513273828971990440e+02 1.204334214512727641e+02
1.331140434253126159e+02 1.517000475242819277e+02 1.207189087236760088e+02
1.332006564291442601e+02 1.517806011821665209e+02 1.208181750675735913e+02
1.333510707814774037e+02 1.517768289422876933e+02 1.208394421837407577e+02
1.331741022366115317e+02 1.516750378709121776e+02 1.207008791992158478e+02
1.333993821843347973e+02 1.518554073722042403e+02 1.208591499094068382e+02
1.333600112870169596e+02 1.518449371788398139e+02 1.209524311640478800e+02
1.334148424273026876e+02 1.519014316689933821e+02 1.210229453173731002e+02
1.332492351560875647e+02 1.517590518905753356e+02 1.208982683339768869e+02
1.334275106187067479e+02 1.518908426649241221e+02 1.210180592271363622e+02
1.333222740368907182e+02 1.518202988089226722e+02 1.209464460747913392e+02
1.333631449193572394e+02 1.518320610687023020e+02 1.209011197908931621e+02
1.331978495262423223e+02 1.517592301066326002e+02 1.208522291858496516e+02
1.336145335194701147e+02 1.520988653577687444e+02 1.211787952594528832e+02
1.335130394748566971e+02 1.520571330976921161e+02 1.210884991237710580e+02
1.334257136067959664e+02 1.519382926901713802e+02 1.210821724537380817e+02
1.334026049247037236e+02 1.520749250007425530e+02 1.212889921881961612e+02
1.339883714022633399e+02 1.527733834318472077e+02 1.220389847625271074e+02
1.340768556746963043e+02 1.530014108771200370e+02 1.222903585113018750e+02
1.338640657023197775e+02 1.527129384857575758e+02 1.220191136721418559e+02
1.333088038732289817e+02 1.520926872011168314e+02 1.215016930525440273e+02
1.337836011524638309e+02 1.525994148572786457e+02 1.219293224819556229e+02
1.342911753348976731e+02 1.533014524608667273e+02 1.225551133157097468e+02
1.347314135503608838e+02 1.537200968307244580e+02 1.229484510054355866e+02
1.341621914634508528e+02 1.530396382214037487e+02 1.223400510886030901e+02
1.337985267472599276e+02 1.525058068731992762e+02 1.218093979267532063e+02
1.340255888555558954e+02 1.527492945614399957e+02 1.220940238215463154e+02
1.347916357263789564e+02 1.534611043455015249e+02 1.228284373422045377e+02
1.349294115899842552e+02 1.536145929248225173e+02 1.229996881218997800e+02
1.348749071791368408e+02 1.534975049751982681e+02 1.229036296670330017e+02
1.344085306086078333e+02 1.529432975911129517e+02 1.223838773873525980e+02
1.344375352719279988e+02 1.528589865446876672e+02 1.223161107315769129e+02
1.344261442956010342e+02 1.529135949149018359e+02 1.223972138889713932e+02
1.348502391065435120e+02 1.533190364451837127e+02 1.228018237443193641e+02
1.347018593875308170e+02 1.531844387679329884e+02 1.226603944515400855e+02
1.344262185522915729e+02 1.527882050672765502e+02 1.221735081830872929e+02
1.341190334749160797e+02 1.524418718626548355e+02 1.218697686161523137e+02
1.344755844001544460e+02 1.527748388629815679e+02 1.221504292036712513e+02
1.346113256304392962e+02 1.529820150295541623e+02 1.222977841803546539e+02
1.346015683013039563e+02 1.529471886416966129e+02 1.222539875842813473e+02
1.341777259631092818e+02 1.524583865506282052e+02 1.218908872189384311e+02
