2.347162445651254359e+02 6.495965927354548342e+01 8.455232705679338778e+01
2.347587592414014921e+02 6.503149266609145229e+01 8.462057385508128959e+01
2.347603833595560729e+02 6.503389500752847141e+01 8.462453264308311418e+01
2.349211710568610556e+02 6.516434891471688218e+01 8.477216667512561799e+01
2.351450963474259481e+02 6.534178382310646782e+01 8.496086044426398587e+01
2.352622274103774487e+02 6.533189531205061940e+01 8.517537092490145767e+01
2.352376118695968330e+02 6.571259875822632068e+01 8.561053308294845010e+01
2.351114974031027316e+02 6.578951597895414238e+01 8.569325314249944370e+01
2.350599908643353899e+02 6.599412103063831125e+01 8.572381532423150929e+01
2.349325990965842834e+02 6.616402747466544554e+01 8.586156084521815046e+01
2.348128880542726051e+02 6.638434925307483070e+01 8.600710551692635875e+01
2.347102217936354975e+02 6.637535739058350259e+01 8.608606980324485392e+01
2.347268097920790524e+02 6.632850327361315124e+01 8.599558442876718800e+01
2.347799235311035488e+02 6.622982963677274881e+01 8.589098952782148899e+01
2.348014853913955449e+02 6.618092845421170978e+01 8.587945998071359099e+01
2.347720567087922348e+02 6.603801451555600011e+01 8.581785345717234748e+01
2.348359217716422336e+02 6.615874063171429498e+01 8.587498519683973086e+01
2.348589301121656661e+02 6.622660677730971202e+01 8.596731462213875830e+01
2.348651220626300642e+02 6.624618078465208271e+01 8.592119643370722315e+01
2.347808793923091173e+02 6.612417736723679695e+01 8.574463279703599028e+01
2.347701872811246915e+02 6.624168062393205503e+01 8.585005667495643422e+01
2.345704207481094272e+02 6.651930332098326915e+01 8.630744049129573625e+01
2.344427329171530516e+02 6.664988411240251764e+01 8.658666192965537789e+01
2.343907442183085550e+02 6.635671386760053281e+01 8.643861340912550872e+01
2.344413118137677827e+02 6.629880390465072537e+01 8.643702312676580846e+01
2.345147693244683467e+02 6.634519277944137627e+01 8.656054069600230605e+01
2.346573364462264522e+02 6.648816593073813408e+01 8.665431660153275573e+01
2.346155154037456327e+02 6.644143869799860624e+01 8.651447326126309179e+01
2.345836167081155281e+02 6.649747923328088461e+01 8.647876803870815365e+01
2.345185335566495723e+02 6.659223637686308450e+01 8.668724728890693143e+01
2.344594308819299897e+02 6.683738516977109612e+01 8.679698523067553140e+01
2.343952443790285827e+02 6.673779796646873308e+01 8.658844676783569128e+01
2.343336801502309186e+02 6.654688795276523194e+01 8.650098123805173600e+01
2.343192407247627216e+02 6.643672706356053936e+01 8.660227714899592399e+01
2.343439662318766921e+02 6.661068534402544117e+01 8.687581417381447579e+01
2.343112216413744022e+02 6.652533455142194896e+01 8.696016681046879171e+01
2.342692906325601996e+02 6.649066132061106771e+01 8.692965538242907542e+01
2.342348796291596784e+02 6.644506758700028115e+01 8.685408313454803420e+01
2.342667698658410700e+02 6.663837148319207415e+01 8.699260687881709941e+01
2.341804293762371287e+02 6.657716253024074149e+01 8.693583887394474630e+01
2.341248371652370963e+02 6.651532761508400426e+01 8.682335177384155145e+01
2.341040704461249504e+02 6.633807034461757723e+01 8.673257879510734369e+01
2.341942005447562849e+02 6.638883249589740387e+01 8.686351486237290942e+01
2.341888798660102395e+02 6.627875619617994118e+01 8.681825102776227254e+01
2.341779509042616212e+02 6.609462180040264911e+01 8.659589910165964000e+01
2.342323673213892903e+02 6.592418244260603899e+01 8.650272378148844155e+01
2.344258996091965628e+02 6.626847011453416769e+01 8.684176690520902753e+01
2.344165947656025253e+02 6.647757532693836424e+01 8.698834356866129269e+01
2.343628043106802750e+02 6.641505523693516011e+01 8.691555431490974115e+01
2.343199258996091885e+02 6.626228662301849681e+01 8.671131299802060255e+01
2.344518347459777772e+02 6.648364885212065190e+01 8.694917863607911102e+01
2.344619939433927129e+02 6.663754250621732922e+01 8.711863675582398514e+01
2.344194115955268956e+02 6.662172427210745695e+01 8.701300140418548779e+01
2.342947943629565657e+02 6.649184557343212987e+01 8.680311796849888140e+01
2.343583971983961760e+02 6.664128982050111460e+01 8.694748684633474056e+01
2.343070767565006918e+02 6.681320949432404177e+01 8.724311864521477844e+01
2.342384493055203052e+02 6.701169872608232936e+01 8.735294117647059409e+01
2.340159874130843036e+02 6.690525977431525462e+01 8.731058722022027041e+01
2.339680590096262733e+02 6.696628263039470141e+01 8.741204385119017672e+01
2.339351959938418872e+02 6.701085283121014413e+01 8.755671725118001802e+01
2.338041076654993446e+02 6.696170633913617110e+01 8.748509533235208835e+01
2.337803633964370817e+02 6.690147016528786139e+01 8.746126647380263819e+01
2.338119491109644912e+02 6.686027508501243233e+01 8.750618349151567088e+01
2.338767700350200585e+02 6.692573888917085867e+01 8.774476814021554105e+01
2.339438494983843384e+02 6.710169348153411306e+01 8.798078972745267379e+01
2.338825305790996367e+02 6.689621715813159142e+01 8.777989815425739550e+01
2.339031704139809449e+02 6.687871559322607595e+01 8.765550085435381789e+01
2.340429545416095607e+02 6.683310494171784910e+01 8.774610465411358007e+01
2.342758886125632216e+02 6.676493427396843572e+01 8.769637449457781031e+01
2.344912534470215917e+02 6.622537177079632897e+01 8.725460589757905439e+01
2.346351824595239179e+02 6.602868429511580928e+01 8.699093200697016925e+01
2.346845827200595522e+02 6.597567206347595459e+01 8.702568136831953893e+01
2.345317802703480083e+02 6.644835811805309334e+01 8.723524336395472289e+01
2.344355512696882045e+02 6.655022077856163776e+01 8.729097091813429188e+01
2.343669069008103634e+02 6.663008171344465325e+01 8.727935678153919241e+01
2.342309039232604277e+02 6.656582753895345661e+01 8.722124380382005882e+01
2.341845150484697626e+02 6.665871525486812743e+01 8.721788560117748546e+01
2.341743304742086593e+02 6.667113299159180428e+01 8.722940668933665620e+01
2.341151262921044065e+02 6.669392985839719756e+01 8.721637990830500087e+01
2.340453738009440201e+02 6.657986939383172853e+01 8.699551675717741261e+01
2.341031399617655495e+02 6.663898052750003842e+01 8.697376880001353072e+01
2.341070479960750390e+02 6.663978412762861581e+01 8.693443468845691768e+01
2.341171395219002136e+02 6.661375594241147269e+01 8.687355563450574891e+01
2.341337613561386490e+02 6.654774230658614442e+01 8.676100932176149172e+01
2.341875348931634733e+02 6.659940110643049138e+01 8.681742205078752761e+01
2.341922803633964350e+02 6.658406503239777408e+01 8.678416992336192948e+01
2.341754639733374006e+02 6.657357593598267442e+01 8.675405606591212404e+01
2.341459422422981334e+02 6.654926491735606930e+01 8.674149452706018337e+01
2.341098817438968638e+02 6.670940127560946564e+01 8.681731208445414438e+01
2.340853592515522053e+02 6.658327835016663698e+01 8.671510260704799578e+01
2.341218765331844622e+02 6.647359116209037211e+01 8.660884975215280690e+01
2.341883384932920649e+02 6.640817811162428086e+01 8.660613442961309261e+01
2.344023076012113336e+02 6.628253734625860716e+01 8.658611209798846176e+01
2.345487827572789286e+02 6.575287181309107609e+01 8.630996971696357889e+01
2.346273663909049390e+02 6.533698759918117105e+01 8.591486914006327424e+01
2.346408499551675675e+02 6.523199512764553276e+01 8.589189463533472235e+01
2.347255494087194734e+02 6.546236613713647046e+01 8.616905209020623602e+01
2.347189514287164513e+02 6.545901639344262435e+01 8.620358151888883924e+01
2.347089952460708275e+02 6.532828334094638478e+01 8.579428682603325740e+01
2.347552572366306265e+02 6.504912957417651853e+01 8.529584327259807708e+01
2.348435348254919006e+02 6.514434350098969162e+01 8.515659205873893711e+01
2.348769815087380834e+02 6.511622595543825298e+01 8.508276235429460144e+01
2.349013094452621431e+02 6.516868835541119154e+01 8.494873877074557811e+01
2.348589047353194985e+02 6.511704647346428487e+01 8.474684904160110932e+01
2.348324705205637031e+02 6.529403305757161036e+01 8.489475376000270046e+01
2.348171175286335313e+02 6.540718841462383182e+01 8.500939789202998043e+01
2.347751273071782521e+02 6.539877176064558739e+01 8.494971154984858686e+01
2.347140367795090299e+02 6.524922600619194668e+01 8.498077280955523349e+01
2.346077247119727929e+02 6.541715305621816867e+01 8.503548528988817168e+01
2.345353584056573482e+02 6.549217547243227955e+01 8.502779610550000200e+01
2.345033920384374539e+02 6.545505760544079976e+01 8.487975604391886009e+01
2.344411003400497293e+02 6.516871373225735908e+01 8.466488182848635802e+01
2.345115041702617305e+02 6.516613375289719556e+01 8.455218325466510976e+01
2.345331675379383967e+02 6.515570386912314405e+01 8.450964320154291443e+01
2.345600162411815575e+02 6.510885821110151994e+01 8.441754216785938070e+01
2.345083236055423015e+02 6.493371567781555598e+01 8.421015412204570794e+01
2.345624270415672754e+02 6.496590197770221664e+01 8.420426669373530615e+01
2.346067265560236308e+02 6.499733543115262080e+01 8.461091373564093487e+01
2.346390059043462202e+02 6.504252313522475504e+01 8.470047708470791292e+01
2.345807406655500813e+02 6.470624608773621844e+01 8.446384645316280171e+01
2.345683736825187395e+02 6.428493122874688481e+01 8.384138625251654275e+01
2.347583193760679308e+02 6.446691705154883323e+01 8.431381007968329300e+01
2.348157048841970038e+02 6.477565176199901487e+01 8.436737214299006382e+01
2.347089867871220861e+02 6.459908812532778200e+01 8.402850665719265066e+01
2.346760307229017712e+02 6.455379891387097757e+01 8.357119897139183706e+01
2.346498418176589098e+02 6.473620768410901860e+01 8.367737569574853751e+01
2.345782283577796932e+02 6.520463888747906367e+01 8.406119203505387816e+01
2.344405335904853871e+02 6.520803938486524487e+01 8.406619973269721413e+01
2.344151821211659694e+02 6.503971476424909781e+01 8.380577407839753334e+01
2.344309834373784156e+02 6.499835050499923739e+01 8.367692737146627735e+01
2.345171801248540930e+02 6.524729736588336948e+01 8.388320729499737638e+01
2.345279145307821125e+02 6.520819164594223594e+01 8.394863726336090792e+01
2.346568542861493256e+02 6.490143632949296659e+01 8.364926660914581191e+01
2.347535231521426624e+02 6.463913278857702949e+01 8.355016156592058962e+01
2.348625336243211734e+02 6.479009118746722606e+01 8.377708978328173828e+01
2.348768123297636521e+02 6.476583938148166908e+01 8.378722360385050649e+01
2.348627450980392268e+02 6.457135969141755538e+01 8.359433419614610727e+01
2.348621445126799756e+02 6.459040078499043602e+01 8.353888578727435288e+01
2.348855927185369410e+02 6.498154257388891608e+01 8.373890608875129260e+01
2.347807186722833990e+02 6.503050296909100325e+01 8.374947977465360793e+01
2.347631748126342757e+02 6.488852797374342174e+01 8.354152497927557874e+01
2.347306078600551587e+02 6.472923751036221063e+01 8.330722901757769705e+01
2.348118306856823949e+02 6.481456292611953529e+01 8.358955489011825080e+01
2.348573567477033919e+02 6.469579928606472663e+01 8.369766025478352844e+01
2.348456833984672301e+02 6.453650036373478827e+01 8.357407501395726968e+01
2.348309225329475964e+02 6.440196078431372939e+01 8.351319596000608669e+01
2.348379011656431317e+02 6.443649867194504566e+01 8.359236326109390802e+01
2.347440998832665002e+02 6.442408093522136880e+01 8.351642727841783653e+01
2.347496658715254796e+02 6.445257913346529222e+01 8.342121335160466344e+01
2.347325280414150086e+02 6.448744692009677237e+01 8.358189954152497592e+01
2.346989206381430790e+02 6.451376270957045733e+01 8.357989477067789608e+01
2.346758277081324309e+02 6.434678306180107654e+01 8.337408854827522475e+01
2.347494459388587131e+02 6.433825644148944889e+01 8.319762641898864786e+01
2.347504356358591622e+02 6.439363717877142790e+01 8.327838400243618366e+01
2.347523727351164666e+02 6.444008526620311272e+01 8.324782182070411807e+01
2.346676140689235126e+02 6.428744353651728716e+01 8.301369503798068195e+01
2.346357069143446950e+02 6.433237747212776014e+01 8.305250469471654640e+01
2.345458305841750075e+02 6.450779069177282565e+01 8.332807186722834558e+01
2.344204435872709666e+02 6.461366289397552976e+01 8.336188228526958710e+01
2.343228019421746353e+02 6.448084894009372192e+01 8.325205975401377145e+01
2.343493884180074076e+02 6.452252618044629173e+01 8.324976737891014977e+01
2.344002943714155265e+02 6.465027322404371546e+01 8.330541034360250308e+01
2.345576646534368592e+02 6.431569642524827657e+01 8.330432759816609689e+01
2.346223079395692821e+02 6.389729144461926325e+01 8.326336936845488879e+01
2.347031416535552921e+02 6.379053951174947912e+01 8.344428936371787131e+01
2.347039114178889747e+02 6.383631088328342429e+01 8.362508247475004453e+01
2.347527026341166447e+02 6.379797492767598754e+01 8.359388587186384711e+01
2.346285421847772739e+02 6.382592329425298772e+01 8.322691975841242140e+01
2.345254275998578919e+02 6.403676259114517677e+01 8.312466798626266495e+01
2.344211710568610556e+02 6.435398162716337822e+01 8.309632204909573261e+01
2.343192830195063436e+02 6.449763995330660293e+01 8.312916814698269263e+01
2.342474580859090736e+02 6.436540966688660603e+01 8.298155103283764333e+01
2.342133938994061850e+02 6.440256982862169366e+01 8.301811906816220699e+01
2.341718097074895581e+02 6.459540002368505895e+01 8.328658918269637468e+01
2.341011267319697424e+02 6.470923209663503428e+01 8.343033209832681507e+01
2.340017848381802992e+02 6.456808607826219770e+01 8.336133245360267097e+01
2.339344093116107501e+02 6.444877260654045870e+01 8.321757262007477607e+01
2.339832174457358462e+02 6.440637635554652718e+01 8.319312625826862018e+01
2.340100999847738876e+02 6.448034986211914088e+01 8.325445363650204911e+01
2.340036288890016749e+02 6.436336260129590414e+01 8.309501091204384693e+01
2.339102590130098633e+02 6.420428361163274644e+01 8.278591246679862081e+01
2.340018948045136824e+02 6.440560659121284459e+01 8.298737924850699699e+01
2.340062680810029008e+02 6.455444179397385085e+01 8.324922600619194668e+01
2.339396538598182929e+02 6.449938249674330848e+01 8.318996261144664572e+01
2.338883080410766411e+02 6.445461774010725264e+01 8.309649968701889122e+01
2.339078735894703129e+02 6.460517856840752415e+01 8.328371314013094207e+01
2.338601820365765036e+02 6.484185995364495625e+01 8.352448865654976373e+01
2.337344989764671936e+02 6.475189057503934009e+01 8.350396724695055184e+01
2.336708200104891091e+02 6.455625200900031757e+01 8.331964675430137390e+01
2.336691451386421647e+02 6.462624135072492493e+01 8.342117105686105560e+01
2.336953847975773613e+02 6.494671708200104376e+01 8.374661219103690257e+01
2.337208716100763013e+02 6.499441709384358035e+01 8.386187382632085985e+01
2.336875941058045214e+02 6.470589927083861426e+01 8.381744742763369516e+01
2.337197381109475600e+02 6.448485848178788160e+01 8.379904921416365937e+01
2.338025850547294056e+02 6.449579590248524141e+01 8.404752237391936376e+01
2.339229136002977611e+02 6.458096905716557501e+01 8.433908541846419382e+01
2.339569947046981042e+02 6.448636417466036619e+01 8.428651305215787204e+01
2.339703090899863014e+02 6.439516824849008003e+01 8.405215787781894221e+01
2.339998561978717362e+02 6.447915715034935147e+01 8.395742611108290987e+01
2.340403238085570763e+02 6.462740868564854679e+01 8.414284626706593428e+01
2.340307229017577697e+02 6.471010336835338705e+01 8.423933749513609825e+01
2.339676360621901949e+02 6.466117680894618047e+01 8.413737332724288365e+01
2.338940347493613388e+02 6.475047793060278423e+01 8.407290767903364781e+01
2.337951665567003374e+02 6.494775753269384211e+01 8.406202947097735034e+01
2.336802517383139559e+02 6.510012857602056613e+01 8.413920046016680487e+01
2.336022348542523162e+02 6.507119051244310981e+01 8.422367998105195852e+01
2.334646500532913649e+02 6.511680116395135087e+01 8.420620379299261060e+01
2.334196569050398296e+02 6.507020081544266077e+01 8.416210729330558138e+01
2.334344177705594632e+02 6.510585528430526381e+01 8.419302475088396420e+01
2.334174491194234520e+02 6.507024311018626861e+01 8.413678965978108693e+01
2.334254428259655754e+02 6.504856282461216210e+01 8.397796443857957627e+01
2.334715187196535169e+02 6.503960479791571458e+01 8.388083878935525206e+01
2.335322878072713024e+02 6.504024767801857365e+01 8.392660170194048419e+01
2.336623272259723478e+02 6.467822159062072274e+01 8.409038386709299573e+01
2.338241215381752340e+02 6.438665008712716542e+01 8.417741799049214535e+01
2.339018339000828917e+02 6.426907915884214617e+01 8.419542709232096911e+01
2.339493816508484372e+02 6.426482430763505249e+01 8.424943747991000009e+01
2.337355986398010543e+02 6.457400734236749429e+01 8.416468727266575911e+01
2.335992234685073470e+02 6.481007968329696212e+01 8.406042227072019557e+01
2.335047793060278423e+02 6.497380263580842552e+01 8.410084758666192783e+01
2.334638633710602562e+02 6.506882200680099970e+01 8.409412272242805386e+01
2.334039824730582495e+02 6.508314300698708621e+01 8.397325280414149518e+01
2.334117477879849218e+02 6.504418108917423069e+01 8.404520462196957453e+01
2.334878360317379702e+02 6.506581062105601632e+01 8.432667614068923001e+01
2.335404676106853401e+02 6.501815290395710178e+01 8.439138709841141406e+01
2.335653876736199095e+02 6.481738821499264702e+01 8.426039181850480020e+01
2.335963389669931871e+02 6.476706592904633908e+01 8.420480806645349503e+01
2.336853186485983542e+02 6.482711600602277713e+01 8.445386489367101035e+01
2.336972373073474500e+02 6.476775956284153324e+01 8.458654350437328162e+01
2.337144005143040886e+02 6.466413744099882877e+01 8.443535671386760555e+01
2.337490060735251802e+02 6.458469099460319285e+01 8.427960209105212641e+01
2.338170075623001480e+02 6.458867515945118498e+01 8.437759901199478918e+01
2.337601380500431389e+02 6.470812397435246055e+01 8.455739396707777189e+01
2.337304048452858183e+02 6.472569321084775140e+01 8.453527381617013248e+01
2.336280261889052383e+02 6.466449271684514599e+01 8.425703361586222684e+01
2.336210560151584446e+02 6.460562689268977010e+01 8.413250097277909845e+01
2.336333807034461643e+02 6.466542320120456111e+01 8.429229897308363206e+01
2.336525317633524423e+02 6.469969886142550308e+01 8.450813750867041563e+01
2.336377793567815502e+02 6.460515319156135661e+01 8.449922177671759016e+01
2.336145172477964422e+02 6.449459473176673896e+01 8.448055287688846704e+01
2.334876414759173713e+02 6.427160838450997460e+01 8.416491566428123861e+01
2.335878800182713348e+02 6.442021519565548715e+01 8.429144461926271958e+01
2.336442335346563084e+02 6.452314368370298325e+01 8.437500211473718537e+01
2.337286707607978542e+02 6.461177654841056039e+01 8.444062663892131582e+01
2.337260569456427959e+02 6.456230015733645189e+01 8.437086568881218795e+01
2.336779509042616212e+02 6.450952477626080395e+01 8.423742577272496135e+01
2.336274932751357767e+02 6.450819672131147797e+01 8.426314943578812233e+01
2.335021824087702385e+02 6.486024124921755174e+01 8.436935999593970337e+01
2.333883334179228086e+02 6.506164035933613832e+01 8.432335177384155145e+01
2.333117460961951508e+02 6.497977465360604299e+01 8.413280549493309479e+01
2.332755671725118134e+02 6.488599028912686606e+01 8.398951936253362760e+01
2.333306433876397818e+02 6.496305977093166462e+01 8.405802838823190370e+01
2.333794853575597585e+02 6.505695410174423898e+01 8.411285929384696658e+01
2.334149452706017769e+02 6.502530917457578141e+01 8.409696492919860589e+01
2.334015040010827420e+02 6.499718317007562973e+01 8.395208851443942422e+01
2.334119846385491144e+02 6.498015530629852776e+01 8.394981305723324283e+01
2.334153005464480941e+02 6.495092117951581656e+01 8.383049112656279078e+01
2.334474445515911327e+02 6.493019675514726430e+01 8.379712903280380942e+01
2.334527060176961299e+02 6.492182239591264192e+01 8.373789947385338905e+01
2.334629667224957359e+02 6.500771456123432301e+01 8.377346089428006337e+01
2.334531543419783759e+02 6.496942935931922136e+01 8.372345158943646481e+01
2.334045745994687877e+02 6.484258742323504521e+01 8.360662504863896061e+01
2.334376152531763466e+02 6.474783873860157257e+01 8.368477727588015114e+01
2.334688456918574104e+02 6.488499213317768977e+01 8.404838518668900349e+01
2.334872692821735995e+02 6.496332199834205312e+01 8.412763707726404050e+01
2.334956436414082361e+02 6.471546634184304025e+01 8.376836860714949751e+01
2.335106751932869713e+02 6.454000236850563965e+01 8.351787375864927299e+01
2.336420426669373569e+02 6.460195570894448736e+01 8.388549121115228502e+01
2.336422541406554103e+02 6.470487573804327042e+01 8.429335634167385649e+01
2.336222148911333250e+02 6.449249691248371619e+01 8.425183136239827775e+01
2.335600077822328160e+02 6.429723899913719265e+01 8.406911807000625458e+01
2.336006445718926159e+02 6.441427701365275027e+01 8.439456766313082881e+01
2.335417364529936322e+02 6.464801468473497437e+01 8.468452350741850410e+01
2.334405166725879326e+02 6.470770948586509519e+01 8.453932565260790000e+01
2.333681842020673685e+02 6.455184489671623282e+01 8.430133313031856801e+01
2.334747415791165395e+02 6.463563924275490535e+01 8.434104789456766582e+01
2.335412881287113578e+02 6.475623847468236249e+01 8.447054594055050813e+01
2.335447140029437207e+02 6.477822328241046534e+01 8.420255798609349540e+01
2.334718739954998341e+02 6.457381278654688117e+01 8.383653081595019785e+01
2.335409159349676145e+02 6.469577390921855908e+01 8.388899321592312219e+01
2.335740073423674801e+02 6.490627484816187120e+01 8.418203657649426930e+01
2.334667901673180097e+02 6.486646703547683046e+01 8.408602750850124607e+01
2.333288585494594827e+02 6.464563772014413701e+01 8.400204706559068768e+01
2.332496912483716471e+02 6.475333705527077655e+01 8.417004178720668506e+01
2.331854286149317375e+02 6.503861510091525133e+01 8.446664636518973168e+01
2.331420595848347830e+02 6.499585511512628955e+01 8.436790505675953966e+01
2.330520056167419511e+02 6.465817388214992434e+01 8.405678492276979341e+01
2.332540137711685304e+02 6.448050212319613195e+01 8.396441320272715814e+01
2.333293576274340637e+02 6.454740394863726749e+01 8.418535248439323482e+01
2.334307212099680271e+02 6.456483784195300757e+01 8.427294489840802783e+01
2.334847654333519529e+02 6.416322387453686815e+01 8.388178619161210747e+01
2.335116648902874488e+02 6.405656499010302696e+01 8.371736114635673687e+01
2.335071985653623017e+02 6.435706914344685003e+01 8.401064981644081797e+01
2.333974014109526536e+02 6.469705121047556418e+01 8.424335549577898519e+01
2.332618552166336769e+02 6.460581298956165597e+01 8.399801214705036045e+01
2.332076248963778653e+02 6.441338882403694299e+01 8.374571554247238225e+01
2.332560270009643091e+02 6.448746383799421267e+01 8.380392156862744457e+01
2.333682434147084166e+02 6.461455108359133703e+01 8.390842342113721486e+01
2.333598605965250670e+02 6.455610820687205376e+01 8.379318716269942513e+01
2.333809656735860756e+02 6.447893721768258501e+01 8.369456427955134359e+01
2.333358625590011570e+02 6.418194352805832636e+01 8.337089106565835550e+01
2.334471231115396961e+02 6.442890253599283312e+01 8.354491701771303269e+01
2.334694801130115422e+02 6.431270195740073348e+01 8.355607437107715896e+01
2.335015987413084417e+02 6.423147067282478417e+01 8.359186418311932698e+01
2.335342672012722289e+02 6.417039706305300228e+01 8.369800707168113263e+01
2.335864250790911569e+02 6.422982963677274881e+01 8.378296875264342702e+01
2.335232451910876534e+02 6.409269316009405770e+01 8.363713647667867690e+01
2.334253582364783597e+02 6.421993266676817314e+01 8.330055490703615817e+01
2.332450472855233556e+02 6.446081814952037803e+01 8.321216735184151503e+01
2.331696272987193197e+02 6.466356223248574508e+01 8.318026019726268316e+01
2.331266050855199694e+02 6.466736875941057860e+01 8.293890947233077782e+01
2.331065150823055774e+02 6.451212167351842197e+01 8.261126055253852485e+01
2.331395388181156818e+02 6.432587254056065262e+01 8.284085333874706691e+01
2.332590383867093067e+02 6.433933918692585507e+01 8.322169212810231897e+01
2.333253396267911910e+02 6.428231741359184070e+01 8.336634015124600694e+01
2.333319206888967869e+02 6.423830550339204137e+01 8.332391006445719484e+01
2.332830364242331882e+02 6.415424047099426730e+01 8.333547344735995921e+01
2.333624574937826708e+02 6.413552927642152213e+01 8.351161413659509947e+01
2.334145646179092921e+02 6.406685953069752770e+01 8.360347831971442645e+01
2.334513102911570286e+02 6.397091813429427276e+01 8.344766448425789918e+01
2.334823207971713259e+02 6.384850022839161454e+01 8.331349709858058361e+01
2.335731191527517012e+02 6.391969074083473146e+01 8.334356020233805395e+01
2.336038251366120164e+02 6.387078109932497938e+01 8.333236055423031985e+01
2.336677071173594413e+02 6.376281107783924540e+01 8.321061090527669535e+01
2.337187653318445655e+02 6.367788323267184580e+01 8.338100796832969763e+01
2.338215923125073914e+02 6.365427430678915499e+01 8.340022669982575110e+01
2.338634725676292874e+02 6.340251061598064553e+01 8.320523947283831490e+01
2.338315400362043022e+02 6.339570962120827602e+01 8.310932345328122040e+01
2.338331303185640024e+02 6.342805664112064079e+01 8.323346698472313676e+01
2.338370214349760658e+02 6.375435212911739313e+01 8.349699707320374387e+01
2.337540476069634110e+02 6.368625759190647528e+01 8.346971696357576320e+01
2.337129117393290301e+02 6.345463465800470004e+01 8.302327902688253403e+01
2.335963389669931871e+02 6.337657547919944534e+01 8.263859141585884061e+01
2.335464396284829718e+02 6.381438528819638378e+01 8.285910775008882467e+01
2.334513695037980767e+02 6.393958618822852458e+01 8.296035290734067758e+01
2.334184388164239010e+02 6.376383461063458924e+01 8.273371229423607076e+01
2.333603596744996480e+02 6.342989223299328216e+01 8.233730903923260769e+01
2.333135816880678135e+02 6.362767937200764834e+01 8.251416873910910965e+01
2.332018135986059519e+02 6.384897392952004225e+01 8.283930535113096028e+01
2.331994958466561911e+02 6.387482447681401965e+01 8.291393019675514608e+01
2.331611937268436350e+02 6.369444585426923311e+01 8.279883774044562017e+01
2.331366289397553544e+02 6.377041567274019229e+01 8.277105855284305846e+01
2.330284559035003156e+02 6.387229525114618411e+01 8.294742763369367822e+01
2.329462349219239172e+02 6.393709079835558384e+01 8.319766025478352844e+01
2.328214485103791276e+02 6.388405318986956161e+01 8.320104383427228356e+01
2.327345328122621027e+02 6.403260078837402602e+01 8.325370079006580681e+01
2.326766482261584486e+02 6.398408871745419191e+01 8.335709452029301758e+01
2.327464514710111700e+02 6.393215077230201615e+01 8.313604527229355767e+01
2.328251704478167312e+02 6.374272107462484627e+01 8.283377319866687571e+01
2.329424368539477825e+02 6.372388299582127758e+01 8.274680674685750148e+01
2.330284220677054350e+02 6.361146356730785811e+01 8.275958821837622281e+01
2.331421780101169077e+02 6.365499331743050959e+01 8.268476035798271084e+01
2.331035882860478239e+02 6.365649901030300128e+01 8.251387267590384056e+01
2.331828486355715597e+02 6.364892825119694209e+01 8.240954000236850163e+01
2.331855385812651207e+02 6.369968194352805568e+01 8.244210695494763286e+01
2.331940990373716431e+02 6.388100796832969763e+01 8.265104298837739805e+01
2.331617097227156705e+02 6.384144546515759089e+01 8.262053156033768175e+01
2.331281023194437410e+02 6.377173526874079812e+01 8.242229609704105542e+01
2.330804953560371473e+02 6.364329459134818734e+01 8.247227156608977339e+01
2.330527753810756337e+02 6.380321101693481722e+01 8.276225278722360201e+01
2.327948197398027332e+02 6.361406046456546193e+01 8.279320408059686542e+01
2.328618230726285390e+02 6.364205112588607705e+01 8.278872929672300529e+01
2.328368184202067255e+02 6.356020233805342912e+01 8.261413659510395746e+01
2.329094469539325587e+02 6.363802466629446997e+01 8.264139132788577058e+01
2.329399752998697295e+02 6.362436346410868282e+01 8.259695647024987863e+01
2.329788780050415369e+02 6.360193879104704706e+01 8.257476864775246383e+01
2.329319477575326971e+02 6.348426635537735052e+01 8.246979309411426584e+01
2.329434942225380212e+02 6.352218782249742191e+01 8.223268030249199967e+01
2.328882065336919993e+02 6.342556971019642020e+01 8.207458255088057797e+01
2.328637601718858434e+02 6.348085739904244917e+01 8.202381194065200987e+01
2.328021959430881793e+02 6.348916408668730327e+01 8.208395506606439085e+01
2.328337901165643018e+02 6.359379282342790418e+01 8.211150586205145885e+01
2.327459862288314696e+02 6.346646872726657307e+01 8.198320052783840595e+01
2.327317921128762066e+02 6.339054120353922173e+01 8.181642389483835132e+01
2.326946996227308944e+02 6.326369926745503847e+01 8.170367456732476796e+01
2.328150873809402981e+02 6.348601735776277621e+01 8.196884569185741043e+01
2.328046490382175193e+02 6.355176876617773729e+01 8.202624811788390957e+01
2.330313488639631885e+02 6.306598825897917493e+01 8.188036508822683857e+01
2.331602547835354926e+02 6.263599451860122969e+01 8.170117917745182012e+01
2.332938046659561167e+02 6.266642981610245755e+01 8.186523202896344742e+01
2.333443130487742962e+02 6.264657666345226517e+01 8.210011165812312584e+01
2.333612309462180008e+02 6.264224568170667595e+01 8.215612681655923666e+01
2.331240166472110786e+02 6.273432979749276939e+01 8.196942935931922136e+01
2.329234211372210552e+02 6.307152041144326660e+01 8.198693938317346408e+01
2.328565193117799197e+02 6.322932209984943341e+01 8.211983792654248759e+01
2.327782909540002265e+02 6.332235361789236805e+01 8.211748633879781778e+01
2.326651948095890532e+02 6.325067248642339024e+01 8.207899812211338997e+01
2.326341420088311338e+02 6.326074709435111743e+01 8.207658732172765781e+01
2.326650763843069569e+02 6.321392681317566087e+01 8.164615371601617255e+01
2.327625403914801439e+02 6.321040789050736919e+01 8.145983691146864203e+01
2.327696712852526559e+02 6.312203725321017345e+01 8.119386218680742218e+01
2.328181579793263154e+02 6.314115447732155673e+01 8.113397282985670245e+01
2.328276404608435257e+02 6.297599350352738412e+01 8.157347442859801845e+01
2.328652235700147060e+02 6.285355022077855836e+01 8.205650577746197882e+01
2.328326312405894214e+02 6.269960581298956015e+01 8.217099764841225351e+01
2.328486017357762705e+02 6.266222571858769186e+01 8.220860613442961551e+01
2.328653335363480892e+02 6.256369588387555325e+01 8.225646686629785620e+01
2.330015395286673652e+02 6.248624574937826992e+01 8.219045323047251372e+01
2.331210898509533251e+02 6.236587490906629938e+01 8.202933563416738139e+01
2.332199918794092355e+02 6.233699605812989830e+01 8.193679473515031475e+01
2.333016545703700046e+02 6.220160212488791984e+01 8.179879544570201233e+01
2.334574430289803502e+02 6.223688440000676536e+01 8.172133685225600175e+01
2.335567764638210804e+02 6.210138050043140368e+01 8.176188059347984449e+01
2.335826016342688831e+02 6.210031467289245199e+01 8.169619685665465170e+01
2.336483361247864252e+02 6.185055575293102237e+01 8.157525926677833183e+01
2.337770982422304655e+02 6.182802111353601049e+01 8.159862288314808154e+01
2.338776497656871243e+02 6.189111641205231251e+01 8.162659662657125637e+01
2.338086924157065880e+02 6.213203573059939799e+01 8.169271176978125482e+01
2.337316821465428234e+02 6.202815138134632633e+01 8.155464480874316280e+01
2.336988868023481984e+02 6.203267691891251445e+01 8.135163849836742145e+01
2.337441590959075484e+02 6.210342756602209136e+01 8.149865502715321952e+01
2.337146458238170226e+02 6.233245360266626278e+01 8.162013398974775669e+01
2.336375340472686162e+02 6.229653690639327124e+01 8.144274983505050614e+01
2.336169280481821602e+02 6.223126765805545801e+01 8.126651609737942294e+01
2.335336412390668102e+02 6.232510277622697004e+01 8.128573482887546220e+01
2.334882251433791680e+02 6.252755079598707511e+01 8.142971459507012355e+01
2.334196484460911165e+02 6.243322505878969508e+01 8.131985822801942732e+01
2.337001048909641554e+02 6.187589030435297843e+01 8.118516638752136316e+01
2.339546769527483150e+02 6.141541051278147023e+01 8.135956453331979787e+01
2.340135681537498442e+02 6.139888172697897062e+01 8.147672097311746597e+01
2.340273477812177418e+02 6.091613798237155208e+01 8.151775533336716251e+01
2.341030469133296208e+02 6.098750613273782051e+01 8.151872811247018547e+01
2.341105077061022826e+02 6.092827657378740724e+01 8.140685851562368214e+01
2.341465597455548107e+02 6.109816609991710123e+01 8.147199242078194459e+01
2.341201932023888048e+02 6.107737400395878780e+01 8.157717944813818178e+01
2.340985721294557607e+02 6.108831988360486775e+01 8.146475156067603507e+01
2.341033683533810290e+02 6.096607961562536815e+01 8.147934324722123733e+01
2.338756365358913172e+02 6.150983775736351333e+01 8.130236512206262489e+01
2.337167436431000453e+02 6.170620379299260350e+01 8.106072679287417770e+01
2.336622933901774672e+02 6.179350860275084756e+01 8.088030587558577622e+01
2.335186181461367880e+02 6.199884958297382553e+01 8.090719687357255907e+01
2.333004111049078801e+02 6.236802348204165014e+01 8.122874689133634263e+01
2.331767243566969512e+02 6.237265898594122859e+01 8.175609467255409868e+01
2.330757075910605920e+02 6.246081814952037803e+01 8.224165524708588748e+01
2.330072324011571823e+02 6.242866568542861216e+01 8.243975536720296304e+01
2.330260451031145976e+02 6.251112351756923857e+01 8.266816390059042874e+01
2.329951614813311096e+02 6.250549831666920397e+01 8.274146069126528857e+01
2.331335921771642177e+02 6.230448831819181521e+01 8.309591601955709450e+01
2.332134954067908552e+02 6.204215940042971766e+01 8.331982439222453252e+01
2.333645299362195260e+02 6.196092811585376126e+01 8.337862254479013302e+01
2.334202659493478222e+02 6.179636772741883988e+01 8.333931381007968753e+01
2.334659527313945375e+02 6.175232198142414575e+01 8.334494746992844227e+01
2.334487218528481378e+02 6.183763047928403722e+01 8.318591077500887820e+01
2.334926745504068890e+02 6.187754825830246119e+01 8.308621360537311773e+01
2.334990187619482640e+02 6.179141924241655204e+01 8.288776666835845219e+01
2.334891556277385973e+02 6.174188363870138119e+01 8.270642372565937706e+01
2.334579082711600506e+02 6.166580385389703878e+01 8.262269705121047991e+01
2.335184489671623567e+02 6.184886396318665192e+01 8.271370688050889441e+01
2.335097108731326898e+02 6.186897088429849845e+01 8.289515978954135278e+01
2.335270094232688791e+02 6.193525520648293536e+01 8.290049738618483843e+01
2.335255629430374427e+02 6.185605406960023345e+01 8.279769578236816585e+01
2.336039012671505191e+02 6.198396183322336839e+01 8.281988360486558065e+01
2.337084792501987920e+02 6.211970258336293682e+01 8.299883266507637813e+01
2.332686477524573263e+02 6.277868006564143855e+01 8.271086467373834239e+01
2.331376440136019994e+02 6.299056827217513188e+01 8.219011487252363679e+01
2.331327632001894870e+02 6.316615067079463586e+01 8.194139640325499840e+01
2.331435568187585545e+02 6.333028811179346462e+01 8.179639310426500742e+01
2.336772403525689867e+02 6.249654874892148371e+01 8.229143616031399233e+01
2.340759529005735260e+02 6.168501412644436499e+01 8.223977736046964537e+01
2.342399549983927898e+02 6.127350318902367121e+01 8.224204435872709951e+01
2.343133110017087120e+02 6.104463787240521810e+01 8.233999898492615444e+01
2.343833003434333193e+02 6.104737857179109994e+01 8.237670236343026886e+01
2.338360655737704974e+02 6.176604239625099524e+01 8.231021502647651289e+01
2.334321169365071285e+02 6.232785193456157202e+01 8.198232079717132592e+01
2.331967128525267015e+02 6.259721023871153278e+01 8.201144495762066811e+01
2.331409176267573571e+02 6.280241587575495998e+01 8.201758615439273115e+01
2.330374731428377970e+02 6.289643709079835787e+01 8.195020216887445486e+01
2.333828266423049058e+02 6.231444450083743902e+01 8.214273630073255106e+01
2.335165795394948418e+02 6.195439780744049330e+01 8.244514371753878379e+01
2.336163105449254829e+02 6.172361230946218313e+01 8.258172190360181730e+01
2.336638498367422869e+02 6.147171327547412290e+01 8.250882268351689675e+01
2.336499856197871736e+02 6.141020825931753535e+01 8.252295758683111160e+01
2.332706356054069659e+02 6.197413253480857520e+01 8.234076874925983702e+01
2.329839787511208158e+02 6.242809047691552848e+01 8.208691569811703914e+01
2.328743253988394315e+02 6.253033379011656478e+01 8.184619939433926561e+01
2.328603512155509350e+02 6.256865282782656124e+01 8.163350758767700199e+01
2.328738263208648505e+02 6.251846588505980407e+01 8.162654587287892127e+01
2.331387690537819992e+02 6.226885922617537261e+01 8.173877074557174183e+01
2.332848720161058509e+02 6.198692246527601668e+01 8.182305571063628236e+01
2.334248168637601850e+02 6.173633456833984923e+01 8.187589030435297843e+01
2.335285235750900767e+02 6.132452756771388636e+01 8.177172680979208508e+01
2.336124025106159934e+02 6.146821127070327861e+01 8.202278840785666603e+01
2.334246899795293473e+02 6.186112097988461755e+01 8.184705374816017809e+01
2.333115430814258389e+02 6.211086298194860689e+01 8.167574311864521519e+01
2.332454533150620080e+02 6.222574396454008649e+01 8.156920265949348448e+01
2.331767243566969512e+02 6.233231825948671201e+01 8.142852188330034835e+01
2.331633761356138734e+02 6.245960851985315543e+01 8.141212844067739240e+01
2.331423979427836741e+02 6.256831446987768430e+01 8.152102894652252019e+01
2.332338138016207267e+02 6.243336886091796600e+01 8.165901977702210957e+01
2.333153242315045190e+02 6.226982354632966121e+01 8.173261263090223849e+01
2.333274459050229268e+02 6.215191426009575792e+01 8.172482193912939863e+01
2.333714916510176067e+02 6.220621225194133075e+01 8.189916933123551246e+01
2.334225837012976115e+02 6.218709502782994036e+01 8.212735793195621170e+01
2.333972237730294808e+02 6.209502782994129433e+01 8.213534317954965047e+01
2.333388401089512456e+02 6.203813294083811058e+01 8.212940499754689938e+01
2.333073474428597933e+02 6.214694885719602979e+01 8.226320018948045742e+01
2.333022466967805144e+02 6.217042243989916983e+01 8.243074658681419464e+01
2.332704833443299606e+02 6.216626909607673923e+01 8.216084690994603079e+01
2.332175979969209436e+02 6.212197804056911821e+01 8.200061750325669152e+01
2.331437767514253210e+02 6.215338611717335482e+01 8.200971087313268981e+01
2.330490449846892886e+02 6.215266710653200022e+01 8.196256915190579662e+01
2.330645502376964657e+02 6.211324840548816439e+01 8.192875873386455510e+01
2.329933766431507820e+02 6.213733103249928291e+01 8.182555955945795745e+01
2.329928098935864114e+02 6.210712412661354165e+01 8.174783027965284532e+01
2.329858989324806657e+02 6.222061784161464715e+01 8.180302492006293846e+01
2.329579167301087921e+02 6.230754199868040644e+01 8.180982591483530086e+01
2.329788864639902499e+02 6.232489130250892373e+01 8.170766719112148735e+01
2.331926779339863742e+02 6.203965555160804968e+01 8.174532643083117023e+01
2.333304572907678960e+02 6.184059957028540566e+01 8.180880238203995702e+01
2.334868124989426406e+02 6.173078549797831016e+01 8.182788577035645972e+01
2.335918472652218725e+02 6.156075216972034525e+01 8.177434908389585644e+01
2.337315890981068947e+02 6.134851714628906194e+01 8.156089597184862328e+01
2.339455920418210439e+02 6.110677730971595167e+01 8.128570945202930886e+01
2.340477507655348575e+02 6.109415655822294156e+01 8.114795547209392623e+01
2.341215889289279062e+02 6.114055389196230550e+01 8.118597844659865359e+01
2.341515589842494478e+02 6.119574853237239864e+01 8.116382445989611938e+01
2.341205738550812896e+02 6.124590163934426101e+01 8.127021265797087324e+01
2.341282714984181723e+02 6.131854709096753453e+01 8.127334246899795289e+01
2.340468625759190786e+02 6.135936151855047171e+01 8.128220744725845748e+01
2.339505828215669396e+02 6.143424013263631878e+01 8.124832089867871332e+01
2.339279805105821310e+02 6.154155035612173918e+01 8.128187754825830780e+01
2.339104620277791753e+02 6.167453348897799259e+01 8.146605423877920771e+01
2.339341978378926967e+02 6.159671116073694463e+01 8.144702160415504011e+01
2.339874130843018918e+02 6.136550271532254186e+01 8.133280041956385276e+01
2.340627400226699706e+02 6.129734896547056877e+01 8.116448425789643295e+01
2.341123179211287493e+02 6.130261889052428614e+01 8.124191747449627599e+01
2.339969378605626957e+02 6.149619347307516648e+01 8.136030892080732713e+01
2.335148539139555623e+02 6.199006919420054373e+01 8.144247068974267734e+01
2.333541169703429148e+02 6.218251027762269700e+01 8.142682163460725064e+01
2.332114906359437612e+02 6.229232434992979250e+01 8.136178077788493113e+01
2.331873995499839225e+02 6.238336801502309470e+01 8.144432319951276611e+01
2.331379908304995752e+02 6.244483919538479455e+01 8.138183694530444257e+01
2.331158622206432085e+02 6.236745673247728661e+01 8.135260281852171715e+01
2.331022517721497707e+02 6.225506268081002759e+01 8.121611768089461236e+01
2.330956537921467202e+02 6.226095856806916373e+01 8.122616691197617911e+01
2.330885482752203473e+02 6.229915918049704970e+01 8.126815713343145831e+01
2.330637128017729935e+02 6.231448679558104686e+01 8.125090087803887684e+01
2.333174812634285900e+02 6.186213605373124125e+01 8.106705408651812661e+01
2.335496117342536593e+02 6.161200494002605410e+01 8.112144512679964237e+01
2.337043682011199621e+02 6.144188702228087351e+01 8.123975198362347783e+01
2.337599857889661337e+02 6.108230557106362824e+01 8.096490382175302614e+01
2.338596322049095875e+02 6.109952799066132201e+01 8.106673264646670418e+01
2.336122671674364426e+02 6.167112453264308414e+01 8.124977583785887703e+01
2.333940093725151712e+02 6.198583126089089745e+01 8.137584800960937059e+01
2.333276912145358608e+02 6.208657734016816221e+01 8.132842714307466281e+01
2.333178872929672423e+02 6.211018626605085302e+01 8.124486118865146977e+01
2.333113485256052400e+02 6.217658055456868027e+01 8.123365308159502263e+01
2.333481026578016895e+02 6.219396369419208526e+01 8.096427785954762157e+01
2.334027982202372016e+02 6.223065861374748664e+01 8.095952393036593264e+01
2.335042040975147586e+02 6.228768884603021405e+01 8.084986211913583531e+01
2.335463719568932106e+02 6.231337867329848024e+01 8.069069008103673468e+01
2.335231859784466053e+02 6.223087008746553295e+01 8.053899575360773611e+01
2.334814749022991407e+02 6.233578642846266860e+01 8.075096854962865223e+01
2.335033159078989797e+02 6.241945389027051760e+01 8.101986161159891253e+01
2.335117325618772099e+02 6.244974538564347455e+01 8.108344752914108255e+01
2.335143886717758619e+02 6.243612647820128814e+01 8.102655264003789171e+01
2.335152091898018796e+02 6.244950007613054055e+01 8.118856688490754436e+01
2.334595493072120860e+02 6.246782215906207369e+01 8.129514963880288292e+01
2.334723815324231566e+02 6.250965166049163457e+01 8.129681605170110004e+01
2.334863049620193181e+02 6.243522982963677492e+01 8.123088700536297324e+01
2.335086281276962836e+02 6.237448611886514982e+01 8.128542184777275281e+01
2.334631528193676218e+02 6.229294185318648402e+01 8.125507113975875484e+01
2.334738026358084255e+02 6.230810874824476997e+01 8.135582567798473974e+01
2.334104281919842947e+02 6.236317650442403249e+01 8.149744539748600403e+01
2.333740970072239520e+02 6.244070276945981135e+01 8.152719552014075077e+01
2.333068229880390447e+02 6.239107411730869757e+01 8.156601363582534248e+01
2.333174981813260160e+02 6.243582195604729890e+01 8.155163342299819362e+01
2.334579167301087921e+02 6.229026036644165742e+01 8.131525655991472945e+01
2.335724086010590668e+02 6.228905073677443482e+01 8.122878072713123743e+01
2.336603647498688758e+02 6.225433521121995284e+01 8.110702261922888567e+01
2.336915021401140393e+02 6.225705899270838728e+01 8.096316127831633480e+01
2.336620819164594138e+02 6.208270314165355330e+01 8.082472212353448526e+01
2.337591060582990679e+02 6.213577458593446323e+01 8.096231538344414957e+01
2.337736131553570544e+02 6.223235886244057724e+01 8.118240877023804103e+01
2.337968921822395885e+02 6.227346935322878352e+01 8.127376541643404551e+01
2.338026188905242861e+02 6.207951411798541841e+01 8.104661726640613040e+01
2.338607572450895873e+02 6.202694175167910373e+01 8.098321744573584624e+01
2.337524234888088017e+02 6.233412847451318584e+01 8.112587761592989466e+01
2.335683906004161940e+02 6.271610922194589932e+01 8.122389991371872497e+01
2.335256898272682804e+02 6.272488961071918112e+01 8.114966417973573698e+01
2.334939518516638657e+02 6.276557715407129479e+01 8.111278316330846394e+01
2.334246646026831797e+02 6.279953983318953448e+01 8.111446649410410714e+01
2.336789321423133572e+02 6.254193946776294410e+01 8.137658393814817259e+01
2.338827928065099968e+02 6.225184828029572515e+01 8.153818369453044568e+01
2.341132145696932696e+02 6.203057909962949878e+01 8.164033395929553194e+01
2.342024987734524473e+02 6.182655771540712664e+01 8.155434874553790792e+01
2.343194691163782295e+02 6.180116395134412954e+01 8.162378825559559914e+01
2.340238880711904983e+02 6.226876617773942968e+01 8.156515082305571696e+01
2.338255003468169093e+02 6.269897985078414138e+01 8.145324739041431883e+01
2.337838654012079473e+02 6.273308633203065199e+01 8.122698743000219679e+01
2.337294405251315368e+02 6.287397858194183442e+01 8.112937116175201879e+01
2.336469065624524148e+02 6.285397316821465097e+01 8.110894280058874983e+01
2.337077856164035836e+02 6.274108849752153105e+01 8.120743034055728060e+01
2.338749006073525152e+02 6.250616657361823059e+01 8.133661540543741353e+01
2.339831582330947981e+02 6.242646635876093342e+01 8.137863946268757331e+01
2.340048046828740098e+02 6.233452604510311801e+01 8.129602091052123569e+01
2.340611920350538924e+02 6.231829332250588038e+01 8.129290801739159633e+01
2.340763166353685563e+02 6.229127544028828112e+01 8.141651017611530960e+01
2.341348863963186773e+02 6.246923480349862245e+01 8.152253463939501898e+01
2.341303693177011951e+02 6.244899253920722515e+01 8.156506623356848706e+01
2.338605796071664145e+02 6.228765501023532636e+01 8.152131655077907624e+01
2.339093962002402236e+02 6.234873707895582839e+01 8.148638955150653373e+01
2.339456681723595466e+02 6.265855453484240911e+01 8.139422084623322462e+01
2.339223468507333905e+02 6.270435974217124198e+01 8.137314960496709659e+01
2.338690131790420992e+02 6.289745216464497446e+01 8.134553113739023900e+01
2.338166776632999984e+02 6.284998900336665884e+01 8.117368759410580026e+01
2.338557580063949786e+02 6.289434773046405525e+01 8.112579302644267898e+01
2.338940770441049608e+02 6.280520732883316981e+01 8.124553790454922364e+01
2.339381143311509277e+02 6.287869867532862855e+01 8.138005210712412918e+01
2.339217124295792587e+02 6.284837334416079102e+01 8.140926085706068704e+01
2.339765771709892022e+02 6.289442386100255789e+01 8.139031281192373513e+01
2.339304843594038061e+02 6.286898780219594585e+01 8.133171767412746078e+01
2.339491448002842162e+02 6.288070344617570839e+01 8.135448916408668651e+01
2.339392224534335014e+02 6.288494983843408193e+01 8.139633558341368769e+01
2.339779728975283035e+02 6.297113806696103921e+01 8.149854506081983629e+01
2.339698861425501946e+02 6.291392173780642594e+01 8.141168857534385950e+01
2.339519024175675384e+02 6.291511444957620824e+01 8.142282055186181822e+01
2.340038741985146089e+02 6.264532473904143473e+01 8.143204080596864003e+01
2.341491989375560365e+02 6.256159806459253048e+01 8.147531678762963736e+01
2.341991321118611324e+02 6.246412559847062340e+01 8.152421797019066219e+01
2.342456140350877263e+02 6.242033362093759052e+01 8.160751323825475367e+01
2.342287553502850699e+02 6.220556937183846458e+01 8.143455311373902816e+01
2.340540780591788064e+02 6.246505608283002431e+01 8.137473142837808382e+01
2.339543047590045433e+02 6.261675041025901578e+01 8.137113637517128950e+01
2.339775668679896512e+02 6.277398534910081196e+01 8.143432472212353446e+01
2.339592701619042714e+02 6.277514422507570657e+01 8.136074032719213278e+01
2.339816356223248590e+02 6.282696374494577896e+01 8.126537413930196863e+01
2.340150230929300221e+02 6.274739041431930531e+01 8.114357373665600903e+01
2.342853964709265995e+02 6.243607572450896015e+01 8.115083997360808610e+01
2.343457849058519002e+02 6.217886447072358180e+01 8.121901064135748527e+01
2.345155306298533162e+02 6.197648412255325212e+01 8.133781657615591598e+01
2.345715965419817621e+02 6.179545416095687926e+01 8.123201204554297306e+01
2.347214214417432174e+02 6.167702887885093332e+01 8.101388959380128085e+01
2.348811602294067029e+02 6.151106430492818333e+01 8.097787139014363333e+01
2.350481398771760553e+02 6.152286453839516867e+01 8.098904566140519989e+01
2.350899947554517837e+02 6.138503442792129761e+01 8.097974081781116240e+01
2.351734676614390480e+02 6.136640782283577522e+01 8.098474851545449837e+01
2.348825305790996367e+02 6.174379536111251809e+01 8.097332893467999781e+01
2.345889289279128320e+02 6.214897054594054993e+01 8.112719721193050759e+01
2.343829958212793372e+02 6.240799201475240920e+01 8.114133211524472244e+01
2.343031518042937762e+02 6.257844829044646673e+01 8.116935661236021815e+01
2.342641983454296337e+02 6.250770610228560997e+01 8.101522610769933408e+01
2.342650442403018189e+02 6.254771692973996977e+01 8.104890964150975208e+01
2.341480400615811561e+02 6.264211879747585243e+01 8.109797154409649522e+01
2.340756906731631375e+02 6.275625539257980989e+01 8.126270957045458943e+01
2.340067248642338598e+02 6.265643133871322590e+01 8.113153665262481695e+01
2.340487658393814741e+02 6.262851680793111342e+01 8.103537532355478845e+01
2.341033598944323160e+02 6.260770779407535258e+01 8.104361433960987426e+01
2.341315789473684106e+02 6.271322472043174656e+01 8.115158436109560114e+01
2.341155323216430588e+02 6.264919893755604363e+01 8.112673196975079293e+01
2.341591128254580383e+02 6.266024632458677956e+01 8.104029843171090874e+01
2.341507215483259756e+02 6.264757481940144146e+01 8.105287688846030392e+01
2.341610753015615103e+02 6.263229795800977939e+01 8.119559627129540047e+01
2.341980916611683483e+02 6.255132890084420438e+01 8.124315248100965903e+01
2.341738736909776719e+02 6.262526857162191618e+01 8.126126309022315297e+01
2.341006191950464483e+02 6.266265712497251172e+01 8.129931144157404788e+01
2.340773824629075079e+02 6.276608469099460308e+01 8.135325415757330347e+01
2.342069904752237335e+02 6.244469539325652363e+01 8.120148369960581647e+01
2.344392055355360469e+02 6.227000118425281983e+01 8.108850598047673941e+01
2.345753269383681072e+02 6.212548850428868974e+01 8.099505151499771216e+01
2.346285252668798194e+02 6.205516926356392560e+01 8.091586729601245054e+01
2.347047065590688248e+02 6.197963085147777917e+01 8.084682535654468438e+01
2.348013585071647356e+02 6.190669779559796382e+01 8.070596694242838964e+01
2.348256356899964601e+02 6.184887242213537917e+01 8.084001590282359473e+01
2.348809825914835301e+02 6.201213859141586227e+01 8.110854522999881056e+01
2.348768207887123651e+02 6.196453162800926862e+01 8.110348677866315370e+01
2.348917169974115495e+02 6.185171462890591698e+01 8.096791520749800952e+01
2.346291004753929315e+02 6.203970630530037766e+01 8.084432996667173654e+01
2.343626097548596761e+02 6.244270754030689119e+01 8.090983606557377072e+01
2.342346681554416534e+02 6.256472787561961724e+01 8.086345564973184707e+01
2.341733830719518039e+02 6.255685259435957590e+01 8.069716117680894740e+01
2.341337698150873905e+02 6.237145781522272614e+01 8.050236004669339707e+01
2.345591111336682957e+02 6.199314825153530251e+01 8.054026459591601395e+01
2.348385102099510959e+02 6.169975807406655832e+01 8.058413270398754946e+01
2.350610905276692222e+02 6.146513221336851984e+01 8.061596372802787869e+01
2.351676225278722256e+02 6.105869664518093742e+01 8.030577407839753334e+01
2.352927134615709974e+02 6.093583887394474630e+01 8.029514963880288292e+01
2.350419479267116571e+02 6.144111725794718382e+01 8.027822328241046534e+01
2.349429105550762245e+02 6.182963677274188541e+01 8.037357255240318921e+01
2.348626097548596761e+02 6.187537430848094289e+01 8.025392072273257327e+01
2.348295775601008302e+02 6.196547057131739678e+01 8.004030689065962179e+01
2.348007071681131492e+02 6.190332267505794306e+01 7.986176385998747662e+01
2.348997783755434909e+02 6.178912686731293036e+01 7.980632391006446369e+01
2.349326667681740446e+02 6.176823326396995384e+01 7.977057639276590351e+01
2.350498316669204257e+02 6.191062274780490071e+01 7.990846571588083691e+01
2.350982845251992046e+02 6.183065184658850910e+01 7.982096635030198684e+01
2.351911976179600288e+02 6.167773943054357488e+01 7.966606608130742018e+01
2.350592633947453010e+02 6.171092388637939763e+01 7.963178196213775095e+01
2.347910978023651296e+02 6.221636299040755347e+01 7.996962391513982027e+01
2.346442673704511890e+02 6.246992843729381661e+01 8.018057317836539255e+01
2.346366543166015219e+02 6.238947537600027005e+01 8.001638498367422869e+01
2.345770441049586452e+02 6.218070006259622318e+01 7.980767734185995721e+01
2.345526907915884181e+02 6.218674821093234328e+01 7.983757126664298198e+01
2.346440728146305901e+02 6.214295623339931041e+01 7.977432370704968889e+01
2.348598436786276125e+02 6.195429630005583022e+01 7.962018474344009178e+01
2.350300292679625898e+02 6.160701416028015842e+01 7.916384983674228693e+01
2.350661574379536205e+02 6.159896970004567862e+01 7.904509465563619131e+01
2.348632357170650948e+02 6.209201644419631805e+01 7.836856485475985323e+01
2.346660153276150709e+02 6.249331743050973387e+01 7.779009964641593911e+01
2.346201678255426373e+02 6.250542218613070844e+01 7.749253074827861099e+01
2.345975485966604026e+02 6.264717724881151639e+01 7.731633084640240838e+01
2.345850970241418452e+02 6.274719585849870640e+01 7.736116327462822539e+01
2.346720296401563246e+02 6.255037303963863593e+01 7.744332504356358982e+01
2.348450743541592658e+02 6.222894144715694864e+01 7.744155712328071672e+01
2.349343500989697020e+02 6.215878292645790282e+01 7.755497470774332669e+01
2.349753083286809101e+02 6.209384357712023217e+01 7.761900049061902962e+01
2.350758852289837364e+02 6.204708250858583085e+01 7.751116581231283931e+01
2.356307330524962254e+02 6.098120421594004625e+01 7.807756855977939381e+01
2.357978903381887790e+02 6.060314842071427677e+01 7.861881439374714375e+01
2.359139471146525864e+02 6.038365561927963654e+01 7.895236765974725301e+01
2.360558206026155119e+02 6.022339237679540958e+01 7.903710940804276674e+01
2.360816965267556498e+02 6.002612969260180620e+01 7.897326972203894968e+01
2.359012163968262143e+02 6.053234701991236477e+01 7.833708910656584123e+01
2.357481094249606599e+02 6.098709164425045515e+01 7.794340963305080550e+01
2.356601025224585158e+02 6.127993199005227609e+01 7.767695274831244490e+01
2.356100424639225821e+02 6.122716506792535540e+01 7.730087634708758060e+01
2.355443756449948296e+02 6.123084471061936540e+01 7.706201255307991005e+01
2.353121690436312576e+02 6.150932176149148489e+01 7.752499619347307203e+01
2.351719958043614440e+02 6.169971577932294338e+01 7.776440981914767292e+01
2.351268673129303579e+02 6.163692500296063059e+01 7.773330626469741844e+01
2.348478573482887555e+02 6.152203556142042373e+01 7.762180040264595959e+01
2.349011233483902572e+02 6.168420206736706746e+01 7.791687391091035408e+01
2.350254191409091789e+02 6.157793229457443118e+01 7.840679930298261979e+01
2.350776700671640640e+02 6.130933529580943997e+01 7.865406283307110868e+01
2.350547040213842251e+02 6.120083236055423015e+01 7.864067231724440887e+01
2.350634928691062271e+02 6.116181123010032650e+01 7.880324485272970492e+01
2.350762743406249342e+02 6.123846622341775259e+01 7.893006987091644078e+01
2.354835811805308765e+02 6.046998764993486475e+01 7.901132653233855763e+01
2.356093149943324931e+02 5.999674330474208972e+01 7.898358118053089072e+01
2.356975333705527191e+02 5.977534723984503273e+01 7.913728873775566797e+01
2.357945575123923732e+02 5.981880085942918868e+01 7.944083811263935502e+01
2.358078380618856613e+02 5.975468202811754281e+01 7.943862186807423598e+01
2.354199529682450986e+02 6.020079852475934246e+01 7.864266017019404842e+01
2.350481906308683904e+02 6.069966502563061539e+01 7.831980747432709222e+01
2.348463516554162709e+02 6.130691603647498766e+01 7.844653098512917211e+01
2.347685208682264886e+02 6.146495457544536123e+01 7.836010590603800097e+01
2.347526011267319745e+02 6.139556581908000510e+01 7.815245563281395391e+01
2.347142736300732508e+02 6.129037879172376790e+01 7.794523676597472672e+01
2.345646263682349684e+02 6.152436177231893311e+01 7.831887698996769132e+01
2.343842054509465527e+02 6.164458881050263273e+01 7.865644825661067330e+01
2.342959955336750681e+02 6.163338916239489862e+01 7.874782182070411807e+01
2.342229525114618696e+02 6.151172410292848980e+01 7.873707049687864412e+01
2.342776819096922623e+02 6.140108105364664937e+01 7.898346275524878024e+01
2.343464531628009411e+02 6.131180530883622026e+01 7.941639175083321334e+01
2.343737501903263478e+02 6.129536957146965648e+01 7.948903720245647264e+01
2.343767108223789819e+02 6.114216955116818042e+01 7.943758987633016488e+01
2.344311018626605119e+02 6.109322607386354065e+01 7.939314655974555990e+01
2.344097853118814498e+02 6.114849684481212932e+01 7.950162411815459507e+01
2.343448121267488773e+02 6.131942682163460745e+01 7.964731259199106717e+01
2.343066453501159003e+02 6.121384222368843808e+01 7.967146289059195396e+01
2.342776226970512141e+02 6.110865519633220089e+01 7.951320441895481395e+01
2.342668290784821181e+02 6.104842748143260422e+01 7.950516841766905429e+01
2.343041076654993446e+02 6.116283476289567034e+01 7.957294997377725565e+01
2.346340827961900857e+02 6.060402815138134969e+01 7.963276320018948695e+01
2.349499061056691858e+02 6.002802449711549571e+01 7.965692195773908679e+01
2.351015327615083947e+02 5.965765788627789590e+01 7.965941734761203463e+01
2.351991574887073000e+02 5.955372278333248914e+01 7.966989798507842124e+01
2.347742729533573538e+02 6.043325889458458278e+01 7.929737434231674342e+01
2.344171023025258478e+02 6.116428124312710679e+01 7.907311069380297397e+01
2.340608621360537427e+02 6.152593513678120019e+01 7.895064203420798776e+01
2.338733103249928149e+02 6.177200595509989967e+01 7.895035442995144592e+01
2.337330186604408766e+02 6.184848331049417425e+01 7.887455379045492521e+01
2.341910876516266455e+02 6.131164458881050194e+01 7.897805748701551920e+01
2.344827099088125237e+02 6.086486829416840294e+01 7.906113282241283002e+01
2.345636705070293999e+02 6.069870070547632679e+01 7.922578625928369433e+01
2.346102793144868031e+02 6.048855504237933189e+01 7.922822243651559404e+01
2.347482193912940431e+02 6.025969818470960604e+01 7.910630360858752397e+01
2.347694682704833440e+02 6.013526704901114783e+01 7.908559610211642621e+01
2.348174812634285900e+02 6.023587778510886892e+01 7.921665905361281546e+01
2.348220913904820009e+02 6.030753353973167918e+01 7.937469759258318902e+01
2.348426889306197154e+02 6.027481432607555689e+01 7.934097176402916318e+01
2.348187247288906860e+02 6.007954795378030610e+01 7.914102759309072610e+01
2.351710399431558756e+02 5.956323064169585280e+01 7.888033971138067102e+01
2.353729804259926652e+02 5.937366560083912503e+01 7.880376084860174046e+01
2.355355529614779471e+02 5.919204351283222820e+01 7.866903517230878151e+01
2.356057876127154884e+02 5.892107800842511267e+01 7.857110592295589413e+01
2.356219442047742234e+02 5.891283899237002686e+01 7.852288991524133621e+01
2.354695224077551643e+02 5.904593209155966349e+01 7.874986888629480575e+01
2.353547683093945011e+02 5.923175827708132601e+01 7.886844642947774275e+01
2.353089377252195220e+02 5.918397367575158086e+01 7.872403525689827575e+01
2.351483022889915162e+02 5.896934476983200568e+01 7.837985755130353027e+01
2.352302525842088414e+02 5.911691113028472699e+01 7.852848128034648312e+01
2.350148792908017299e+02 5.960665042548512105e+01 7.851400801908339133e+01
2.348385778815408855e+02 5.991168011639513225e+01 7.826808946184168292e+01
2.347982540729838092e+02 6.005746163866754728e+01 7.803094283442453616e+01
2.347152041144326517e+02 6.014458881050263273e+01 7.787976450286758734e+01
2.346864436887783540e+02 6.034125090933698488e+01 7.794882336023279379e+01
2.347318428665685417e+02 6.006581062105601632e+01 7.836646703547683046e+01
2.349014363294929808e+02 5.971583853558679778e+01 7.855253853051142698e+01
2.348961494865418160e+02 5.951909184726522284e+01 7.865383444145561498e+01
2.349082373242653432e+02 5.953346360114365154e+01 7.884141162936269609e+01
2.349086348948552541e+02 5.954254005312219533e+01 7.899943325043562936e+01
2.347057977634539441e+02 5.985535197685631914e+01 7.840041279669762275e+01
2.345099646415943369e+02 5.993744607420190107e+01 7.777769036864098950e+01
2.343978920299785216e+02 6.029024344854421713e+01 7.783053342130639862e+01
2.343263800774839751e+02 6.067389060887512642e+01 7.794000913566462430e+01
2.342930095247762665e+02 6.054786073186824069e+01 7.771294557512392487e+01
2.347508585832952690e+02 5.940350877192982182e+01 7.719620531560337895e+01
2.349597015682890913e+02 5.928773114077382189e+01 7.746371956893197819e+01
2.350933360401969310e+02 5.944418785633321534e+01 7.790255291072425337e+01
2.351568289093031581e+02 5.925618772099003451e+01 7.781640697694091102e+01
2.353305249623576856e+02 5.874612157201102747e+01 7.743247221235344568e+01
2.354070192356493862e+02 5.863469184049806415e+01 7.751619042785362979e+01
2.354813733949144705e+02 5.874015801316212304e+01 7.777740276438444766e+01
2.355219763487793614e+02 5.875665296316973496e+01 7.800225853930874109e+01
2.355172308785464281e+02 5.860286927540645507e+01 7.790262058231402875e+01
2.355798947706778961e+02 5.859726945135258802e+01 7.784987057808456257e+01
2.357085553807372946e+02 5.851432100018609361e+01 7.797049518685817304e+01
2.357944898408025836e+02 5.830285574108850000e+01 7.784346715390211102e+01
2.358741815967111677e+02 5.788246290750985423e+01 7.746247610346985368e+01
2.359560219255950813e+02 5.788390938774129069e+01 7.742115413896361531e+01
2.360343856265543252e+02 5.803410648124651061e+01 7.767102302525842106e+01
2.360378284186841142e+02 5.815268402442944051e+01 7.761516858684802855e+01
2.359192593344499187e+02 5.788526281953679131e+01 7.715586458914886236e+01
2.359167639445769566e+02 5.791241604493393424e+01 7.710265780168840877e+01
2.358965808929266359e+02 5.805522001725625358e+01 7.734624168908288766e+01
2.358451081899541464e+02 5.811510937420697331e+01 7.728641154477321606e+01
2.353963271244649604e+02 5.824351621580469640e+01 7.720999340202000383e+01
2.350729415148285284e+02 5.851523456664805423e+01 7.730617164898745841e+01
2.349702075826016312e+02 5.871582161768935038e+01 7.739606489705460035e+01
2.348380703446175630e+02 5.881302339745216301e+01 7.735459067147134249e+01
2.347326972203894400e+02 5.871676056099747854e+01 7.721115227799488423e+01
2.344497030908998738e+02 5.912052310138896161e+01 7.716282630394694309e+01
2.342422727503425790e+02 5.952335515742103667e+01 7.725954592363261497e+01
2.340829907459101094e+02 5.965326769189125145e+01 7.715594071968735079e+01
2.340228222436515466e+02 5.953513847299057460e+01 7.696115650746925496e+01
2.339676952748312431e+02 5.951621580469979023e+01 7.678286724525875684e+01
2.337793483225904652e+02 6.007849058519007457e+01 7.675485120709198839e+01
2.337246273833088139e+02 6.048243922245343640e+01 7.668581772657293527e+01
2.336814359911350323e+02 6.044918709502783116e+01 7.633984672384916337e+01
2.336431507892199022e+02 6.035683229288264329e+01 7.582270043478996513e+01
2.336899033988055976e+02 6.050944018677358827e+01 7.595292595036288219e+01
2.343142330271193998e+02 5.986492750680945107e+01 7.618748413947115239e+01
2.347239506674110601e+02 5.912905818064930941e+01 7.617770559474868719e+01
2.349516909438494849e+02 5.858926728586171606e+01 7.592343805511850974e+01
2.350416941582500101e+02 5.859720177976281263e+01 7.604925645840734205e+01
2.351088835879477017e+02 5.871810553384425191e+01 7.637698150873809766e+01
2.350978446598656717e+02 5.860010319917440569e+01 7.643085655314757787e+01
2.350716388367253842e+02 5.839922008492784755e+01 7.643251450709705352e+01
2.350939112487100147e+02 5.838568576697288393e+01 7.651075132382547395e+01
2.349624676445211264e+02 5.846050516841766864e+01 7.669883604865587756e+01
2.350517856840751847e+02 5.851055676800487504e+01 7.673408448797982828e+01
2.352645874570708315e+02 5.798095890642711225e+01 7.669071545788288802e+01
2.352952849819824337e+02 5.762292544282596651e+01 7.683626858853980934e+01
2.353933749513610394e+02 5.763053849667563355e+01 7.720966350301983994e+01
2.354190563196805783e+02 5.756674110541541722e+01 7.727050026222741508e+01
2.353720753184794319e+02 5.729605474631613049e+01 7.702138422236883741e+01
2.353942377641306791e+02 5.707544536365020349e+01 7.689084572569321097e+01
2.351395049823208012e+02 5.771050939789203227e+01 7.721954355512697532e+01
2.347493021367304493e+02 5.817597151026070179e+01 7.749991541051278432e+01
2.346597218697660310e+02 5.809054458711871405e+01 7.731417381447833748e+01
2.345860698032448397e+02 5.804171107614745750e+01 7.713651051447325813e+01
2.349267370451200350e+02 5.779275575631460526e+01 7.707109746400716688e+01
2.351254631274425151e+02 5.764473261263090365e+01 7.716829924376997951e+01
2.352598419868378699e+02 5.740344110034004643e+01 7.705684413541085576e+01
2.353934426229508290e+02 5.717938046659561024e+01 7.691126562790776688e+01
2.355031128931296394e+02 5.720794633642930904e+01 7.697684785734828949e+01
2.355939112487100147e+02 5.738236985907391130e+01 7.653564600991389000e+01
2.356013382056877958e+02 5.749984773892300893e+01 7.606774772031332077e+01
2.355867972728349287e+02 5.758541000524454745e+01 7.574631612783163348e+01
2.356403508771929864e+02 5.767161515166895214e+01 7.568054780151922500e+01
2.356710568610533016e+02 5.771604155035612393e+01 7.561312998020605392e+01
2.356802009846216208e+02 5.768015023092929994e+01 7.562142820890220207e+01
2.356676817405133022e+02 5.760729330558798011e+01 7.565770018102149663e+01
2.357099257304302284e+02 5.759499399414640664e+01 7.572444128643692807e+01
2.356639175083320765e+02 5.760478099781759198e+01 7.583468676512883633e+01
2.356591043665093252e+02 5.760292848804750321e+01 7.579703598436786649e+01
2.355225346393950190e+02 5.777722512646128195e+01 7.614746485306805823e+01
2.353243245529445460e+02 5.791209460488250471e+01 7.665165203268537653e+01
2.351465935813497197e+02 5.801367812008323455e+01 7.680456444873031785e+01
2.349611903432641498e+02 5.807346596964929120e+01 7.693823275643302395e+01
2.348457510700570197e+02 5.802331286267742883e+01 7.705504237933310208e+01
2.349483834948992467e+02 5.778105703023228301e+01 7.724860850293525516e+01
2.351450032989899910e+02 5.750059212641053108e+01 7.726703209325144428e+01
2.352535739058349691e+02 5.728856857669728697e+01 7.721520411443265175e+01
2.353536009744708792e+02 5.717703733779966058e+01 7.720528176758192274e+01
2.354253328596321921e+02 5.716277555025461510e+01 7.731237205840058380e+01
2.355117410208259230e+02 5.720068009947723908e+01 7.661483868784787887e+01
2.355134835642626285e+02 5.728481280346478854e+01 7.618840616488182604e+01
2.356172664061310513e+02 5.736716912822074477e+01 7.600368810164272304e+01
2.356279500583667357e+02 5.736601025224585015e+01 7.580394694547361212e+01
2.357186046118188472e+02 5.731044341809199949e+01 7.563959803075674415e+01
2.357963508095213854e+02 5.723853389500752797e+01 7.579437141552047308e+01
2.358404473092084004e+02 5.713136747365037138e+01 7.605373124228121640e+01
2.358968008255934024e+02 5.705271616843458560e+01 7.607056455023769104e+01
2.359478928758733787e+02 5.697115498485847951e+01 7.602069058857365746e+01
2.359749022991422578e+02 5.696279754352129032e+01 7.605249623576781914e+01
2.357693498452012477e+02 5.755159958720329882e+01 7.564471569473346335e+01
2.356547564668663028e+02 5.788827420528176759e+01 7.542751526840244480e+01
2.355644402713630825e+02 5.806507469251721432e+01 7.528999813903128313e+01
2.354831582330947981e+02 5.822548173712971220e+01 7.520479114855605474e+01
2.354312287468913496e+02 5.832109323453281036e+01 7.517844152328748919e+01
2.348499720854692043e+02 5.879082711600602096e+01 7.527207362668967505e+01
2.346549256458407342e+02 5.909426652455632478e+01 7.533861171733576612e+01
2.345419733035578247e+02 5.931103554450253057e+01 7.540208766854455291e+01
2.343548867346766258e+02 5.964269400598893611e+01 7.550307905733475877e+01
2.342923581857246802e+02 5.974987734524353300e+01 7.551823749344431747e+01
2.343945845810282833e+02 5.947801519227190425e+01 7.515412204571215682e+01
2.344202405725016547e+02 5.937047657717099014e+01 7.492968075927524296e+01
2.344181089174237513e+02 5.938389246984385039e+01 7.488975452130809174e+01
2.342599688710687076e+02 5.917896597810823778e+01 7.446863421813937123e+01
2.343383071951817840e+02 5.912008323605542159e+01 7.452247542675395664e+01
2.353345345040518453e+02 5.747210238711532782e+01 7.535223062477795963e+01
2.357096127493275048e+02 5.678697829433757960e+01 7.599797831125547987e+01
2.358997783755434909e+02 5.645688473836471388e+01 7.642384408465716206e+01
2.361054323368691712e+02 5.619352382885855235e+01 7.658287232062799887e+01
2.361633507587677059e+02 5.593761525317633243e+01 7.649297907256085693e+01
2.359687780202676493e+02 5.631263428581095809e+01 7.644862034546346763e+01
2.357249403644115091e+02 5.669008949567747635e+01 7.656586137474835141e+01
2.355678746045441585e+02 5.702689099798676864e+01 7.660715796240843645e+01
2.355030875162834718e+02 5.711815459574683729e+01 7.659095907560607941e+01
2.354527313945422975e+02 5.713015784398314878e+01 7.651355123585240392e+01
2.356616843458695030e+02 5.681475748194014130e+01 7.621104231166150100e+01
2.358967669897985218e+02 5.656603901267150292e+01 7.599548292138253203e+01
2.360645502376964657e+02 5.635604561065150619e+01 7.574289025359928473e+01
2.361384899084741846e+02 5.629270500262227728e+01 7.566736875941057860e+01
2.361966536398856249e+02 5.632144851037912758e+01 7.569785481060414156e+01
2.361712598758226420e+02 5.630823563247559349e+01 7.588955150653876558e+01
2.361189920316703024e+02 5.624824476814021779e+01 7.598177096550440979e+01
2.361097210238711455e+02 5.614631443604189087e+01 7.607053917339153770e+01
2.360107005701331389e+02 5.636325263496252802e+01 7.626262498096735953e+01
2.360144986381092451e+02 5.646574971662521847e+01 7.645630952985162310e+01
2.359815764096838109e+02 5.664531628009270747e+01 7.587541660322455073e+01
2.358877243736148444e+02 5.674786411544773301e+01 7.526054407958179127e+01
2.357536500363734717e+02 5.696393104265001739e+01 7.515166895058281682e+01
2.357244497453856411e+02 5.730573178365392550e+01 7.529785650239388417e+01
2.356645942242298020e+02 5.739375560405353127e+01 7.529188448459625249e+01
2.355513542776903648e+02 5.726210052614661095e+01 7.513927659070530751e+01
2.354152751696019266e+02 5.726267573465969463e+01 7.509638126173679495e+01
2.353024158757549742e+02 5.749299599045830433e+01 7.543200697017374523e+01
2.352879595323893227e+02 5.772068551320441543e+01 7.566796934476982983e+01
2.352363261093911149e+02 5.765316618450658837e+01 7.555842595882184298e+01
2.353132179532727548e+02 5.716248794599807326e+01 7.549114348068822267e+01
2.354498468930281376e+02 5.701405031382699917e+01 7.584924461587914379e+01
2.355413980950447410e+02 5.717446581738821720e+01 7.619982574565632660e+01
2.355766634522661604e+02 5.711153123889762639e+01 7.626862237561115876e+01
2.355533675074861719e+02 5.688393476458745823e+01 7.609142431778577986e+01
2.352206432184608218e+02 5.732596558899660266e+01 7.612421120303169175e+01
2.350312388976298053e+02 5.790767057470097967e+01 7.630754199868040644e+01
2.348698167791706908e+02 5.809175421678593665e+01 7.627406993858802764e+01
2.348246713698421502e+02 5.806954101744235430e+01 7.619415825001269127e+01
2.348116192119643415e+02 5.815517095535366821e+01 7.623174135918388572e+01
2.352191459845370503e+02 5.768154595746840840e+01 7.645535366864605464e+01
2.355969480113011514e+02 5.697553672029640381e+01 7.651335668003180501e+01
2.357375949516994069e+02 5.652353279534419528e+01 7.661084606405115949e+01
2.358540662166506081e+02 5.651680793111032131e+01 7.684491363413354748e+01
2.359475291410783484e+02 5.662305232705679003e+01 7.704160956876279442e+01
2.359920147524065612e+02 5.675741426855470451e+01 7.639398399566901787e+01
2.359154443485763579e+02 5.671588083033040562e+01 7.580153614508789417e+01
2.359056235091102849e+02 5.682527195520140850e+01 7.561271549171868855e+01
2.359179735742442006e+02 5.713600297754994983e+01 7.581744742763369516e+01
2.359055473785717822e+02 5.713607064913972522e+01 7.574602852357509164e+01
2.360385558882742032e+02 5.671989037202456529e+01 7.568052242467305746e+01
2.361337021434976009e+02 5.651185098715931332e+01 7.593603342976534520e+01
2.362170820010489081e+02 5.652084284965064853e+01 7.616947503764232863e+01
2.362747381955370543e+02 5.642826811483868710e+01 7.629067485492902279e+01
2.363436109560303748e+02 5.621426517112453070e+01 7.610176115312388845e+01
2.363941362567460089e+02 5.614041008983403458e+01 7.615675277876465543e+01
2.359046930247508840e+02 5.677906071833392332e+01 7.625105313911586791e+01
2.355834813649359774e+02 5.716808777005194031e+01 7.624833781657615361e+01
2.352007393121182872e+02 5.746141873487962926e+01 7.607581755739396101e+01
2.352368674821093180e+02 5.761444957620666685e+01 7.630677223434670964e+01
2.355460589757904870e+02 5.713986025816711845e+01 7.619643370721887266e+01
2.357624811788390957e+02 5.682188837571266760e+01 7.609711719027559695e+01
2.359166962729871955e+02 5.672734270584851402e+01 7.615960344448392050e+01
2.360389365409666880e+02 5.677522035561420211e+01 7.632755587135631004e+01
2.361313082610093090e+02 5.675507959870747499e+01 7.643280211135359536e+01
2.359950007613053913e+02 5.688090646094503455e+01 7.605663266169280234e+01
2.358179042108646684e+02 5.704821600771455792e+01 7.569531712598758588e+01
2.356730785497978218e+02 5.742412322996497664e+01 7.578932142313352927e+01
2.355964235564804028e+02 5.769570623762879080e+01 7.600011842528211048e+01
2.355537397012299436e+02 5.769536787967991387e+01 7.583946607115667859e+01
2.356866382445989530e+02 5.733088023820399570e+01 7.581005430645079457e+01
2.358069583312185955e+02 5.726424909912196171e+01 7.607174034411004016e+01
2.358824290717149665e+02 5.730393848652489197e+01 7.641118103842055120e+01
2.359123483733441731e+02 5.715098377573634991e+01 7.632668459963795726e+01
2.359474360926424197e+02 5.701694327428987208e+01 7.622539714764249652e+01
2.360188972914446310e+02 5.709345446547902725e+01 7.664944424706897053e+01
2.359921754724322795e+02 5.712276472280024819e+01 7.691076654993317163e+01
2.359718655365511211e+02 5.695068432895159560e+01 7.692414014786241694e+01
2.359353990086111992e+02 5.689274898915562773e+01 7.699175252499618693e+01
2.359869901368657850e+02 5.707403271921365473e+01 7.725853930873471143e+01
2.360173323859310699e+02 5.715544164171276975e+01 7.701579285726370472e+01
2.360302999543216629e+02 5.702686562114060820e+01 7.652250926254885144e+01
2.360600923717200317e+02 5.695122570166979870e+01 7.633208140892250526e+01
2.360997733001742631e+02 5.708535925155221946e+01 7.631238051734929684e+01
2.361493258217868743e+02 5.718069160364749592e+01 7.645219002182409440e+01
2.359041178162378003e+02 5.752881963829535295e+01 7.603954558527466645e+01
2.357473734964218579e+02 5.757361823072628226e+01 7.556105669187432738e+01
2.356847941937776056e+02 5.768749259841986543e+01 7.552307601211320787e+01
2.356564313387132188e+02 5.786498671945050631e+01 7.560899355428107071e+01
2.356646618958195916e+02 5.788350335820264547e+01 7.546479385541964291e+01
2.356217327310561984e+02 5.774778798490923748e+01 7.563376135613866325e+01
2.356431423302711892e+02 5.767537092490145056e+01 7.601295065049315269e+01
2.356712006631815939e+02 5.772340083574413683e+01 7.637765822463583731e+01
2.356755570217733293e+02 5.768602920029098868e+01 7.641400632729364872e+01
2.356736452993621924e+02 5.763469184049806415e+01 7.639412779779729590e+01
2.357367490568272217e+02 5.760283543961156738e+01 7.603917339153089472e+01
2.357825288873098941e+02 5.762571689590417634e+01 7.578472821397757286e+01
2.358412762861831595e+02 5.755871356307837772e+01 7.552496235767819144e+01
2.359380212827149705e+02 5.744908558764316808e+01 7.535893857111437910e+01
2.359916594765602440e+02 5.741239066808776670e+01 7.529447292290514326e+01
2.361285929384696090e+02 5.727648073897375980e+01 7.532543267522711972e+01
2.362333908541846483e+02 5.717529479436295503e+01 7.535841411629363051e+01
2.363155695410174530e+02 5.704266693735302596e+01 7.526774264494409294e+01
2.363674228966823989e+02 5.705495778984587929e+01 7.530728823021874518e+01
2.364454313217953256e+02 5.709120438511902051e+01 7.538601566597303361e+01
2.364685157928572607e+02 5.702201018457426329e+01 7.550797678864471152e+01
2.364483158233094855e+02 5.694503375120540056e+01 7.538756365358912603e+01
2.364807643506065062e+02 5.688445921940821393e+01 7.539556581908000510e+01
2.365248693092422343e+02 5.693556818758564475e+01 7.551378808641662488e+01
2.365011927117697894e+02 5.694839195384797392e+01 7.555910267471958264e+01
2.364025275338781000e+02 5.689121791943697559e+01 7.582119474191748054e+01
2.363379688372329213e+02 5.690369486880170768e+01 7.607095366187890306e+01
2.362945490534436317e+02 5.691572349388417962e+01 7.622170058705104623e+01
2.362635639242755019e+02 5.692929164763403094e+01 7.630809183034732257e+01
2.362306416958500392e+02 5.685777969513949159e+01 7.634690148708318702e+01
2.361815544164171286e+02 5.692436853947791064e+01 7.618453196636721714e+01
2.361040112334839023e+02 5.707787308193337594e+01 7.604858820145832965e+01
2.360194640410089733e+02 5.714509634742594102e+01 7.602113891285590341e+01
2.355961528701213012e+02 5.710817303625505303e+01 7.579197753303219542e+01
2.357131570488419641e+02 5.717779864318462302e+01 7.588428158148505531e+01
2.358222436515589777e+02 5.722443282748820081e+01 7.591656092980764470e+01
2.360239219069854073e+02 5.696031061259706973e+01 7.601827132923919805e+01
2.361802771151601235e+02 5.659710027237814955e+01 7.603860664196653829e+01
2.362915545855960886e+02 5.642968921822395600e+01 7.611704647346428487e+01
2.363302542759985840e+02 5.645317971882454344e+01 7.625618772099004161e+01
2.360595171632069480e+02 5.690798355580368195e+01 7.644961004246391667e+01
2.358925375154375672e+02 5.716648902874350568e+01 7.649591432776735189e+01
2.357209815764096845e+02 5.742819198430019156e+01 7.653239777360469986e+01
2.356621665059466295e+02 5.761764705882352899e+01 7.667331540036204274e+01
2.356244649714933530e+02 5.771679439679236623e+01 7.672360385051345588e+01
2.358746975925832032e+02 5.723888071190512505e+01 7.703254157573296368e+01
2.360778223282410409e+02 5.684718909133972886e+01 7.726040027745351324e+01
2.362037168620683758e+02 5.660616826540797319e+01 7.730072408601058953e+01
2.362840599570285463e+02 5.655883198836048820e+01 7.742244835811804649e+01
2.362696882031501104e+02 5.653039300275762002e+01 7.748591585037812024e+01
2.358935441303354708e+02 5.735710297924173773e+01 7.645939704613510912e+01
2.356668612224872561e+02 5.793269214502021924e+01 7.591398095044748118e+01
2.355280244971154957e+02 5.824196822818860397e+01 7.558725405606591607e+01
2.354524945439780765e+02 5.838330880238203946e+01 7.546665482413845893e+01
2.352962577610854567e+02 5.859374206973557619e+01 7.543520445279060027e+01
2.356620565396132463e+02 5.765916357915038049e+01 7.670521409599214735e+01
2.358992539207227424e+02 5.704050990542895505e+01 7.717080309259165460e+01
2.361277555025461368e+02 5.655262311999864977e+01 7.748753150958398805e+01
2.362343636332876429e+02 5.617070158520699152e+01 7.758228019421746069e+01
2.362785024277182799e+02 5.589197922482193803e+01 7.748992539207227992e+01
2.357026594934781372e+02 5.659385203606895942e+01 7.753924952206939736e+01
2.352257947182324074e+02 5.726717589537972231e+01 7.760788543199851119e+01
2.351815290395709610e+02 5.751215550931330256e+01 7.760293694699622336e+01
2.351521341927625315e+02 5.750080360012857739e+01 7.736303270229575446e+01
2.351747365037473116e+02 5.756987937539122413e+01 7.729715440964996276e+01
2.351950464396284701e+02 5.777044104958635984e+01 7.747150180175607659e+01
2.354462687577187978e+02 5.739757058992708494e+01 7.703244006834830770e+01
2.358145037134785014e+02 5.658079987819113654e+01 7.606688490754369525e+01
2.359567578541338833e+02 5.633904312372058598e+01 7.580434451606353718e+01
2.360456191104569541e+02 5.674980967365375761e+01 7.615973032871474402e+01
2.354818555549916255e+02 5.775598470622070835e+01 7.596003992623796819e+01
2.353419445431321719e+02 5.769062240944695219e+01 7.529358473328935020e+01
2.352761677578710646e+02 5.749006919420054373e+01 7.465362296773757578e+01
2.352073965047623858e+02 5.790822040636789581e+01 7.479669762641898956e+01
2.351831446987768288e+02 5.844977076248963499e+01 7.522714815002791511e+01
2.353972829856705289e+02 5.793040822886531771e+01 7.543524674753422232e+01
2.355965250638650730e+02 5.713507249319054893e+01 7.507000625962204765e+01
2.356608384509973178e+02 5.690628330711059135e+01 7.515634674922600311e+01
2.358257202794836758e+02 5.715793703158571759e+01 7.569822700434789908e+01
2.358378842477456772e+02 5.728596322049095591e+01 7.599097430171377709e+01
2.357477626080630557e+02 5.705756314605221036e+01 7.578235970833544854e+01
2.357620920671978979e+02 5.690917626757346426e+01 7.548120421594003915e+01
2.358895345886413111e+02 5.708665347070665774e+01 7.563473413524167199e+01
2.359530528345937057e+02 5.721712429579251591e+01 7.579404151652032340e+01
2.358345006682569363e+02 5.704954406266389100e+01 7.554187179617316872e+01
2.355220863151127446e+02 5.722832394390025001e+01 7.544465309851291579e+01
2.352238068652827963e+02 5.777150687712531152e+01 7.562731563721260386e+01
2.350751239235987669e+02 5.807099595662251090e+01 7.570418210424809047e+01
2.350358405657345031e+02 5.792161092219458851e+01 7.546156253700790728e+01
2.350767226649072086e+02 5.785367710500938898e+01 7.532536500363734433e+01
2.352594613341453851e+02 5.786469065624524433e+01 7.526232045881337740e+01
2.354324383765585651e+02 5.780200138726758752e+01 7.515963728027880109e+01
2.355541372718198545e+02 5.741951310291157284e+01 7.466320695663942786e+01
2.356669711888206393e+02 5.696443012062460554e+01 7.390872794329121120e+01
2.358200189480451456e+02 5.724424368539477825e+01 7.426565328460978321e+01
2.359715440964996844e+02 5.712529394846808373e+01 7.523185978446598199e+01
2.360669864149283512e+02 5.674914987565345115e+01 7.530461520242263873e+01
2.362688676851240928e+02 5.626348779373699216e+01 7.512718029403305309e+01
2.363643353803989271e+02 5.623432133854404924e+01 7.525540103875890452e+01
2.364321846080969181e+02 5.640142787054424645e+01 7.551393188854488869e+01
2.363693684548884164e+02 5.646678170836928246e+01 7.569853998545060847e+01
2.363306856823834039e+02 5.638539816271633498e+01 7.564760865519633626e+01
2.363330711059229543e+02 5.637469759258319613e+01 7.576304792840345215e+01
2.363693599959397034e+02 5.651871965352145821e+01 7.597491075809098504e+01
2.363726166911976065e+02 5.648801366966113591e+01 7.593432472212353446e+01
2.363088785125784455e+02 5.677987277741122085e+01 7.495996379569946555e+01
2.361939213994484703e+02 5.714136595103960303e+01 7.439165778477051560e+01
2.361531577255578611e+02 5.746550440711228447e+01 7.443572044866263582e+01
2.361175624693363204e+02 5.751774687441844947e+01 7.423911756246933180e+01
2.360522678441523396e+02 5.741048740462534994e+01 7.399939941464074877e+01
2.358475528261347733e+02 5.756854286149317090e+01 7.402554602514000237e+01
2.357573381380161948e+02 5.787973912602141979e+01 7.418140215534013748e+01
2.358062477795259611e+02 5.788124481889390438e+01 7.421405369740648439e+01
2.358712801772995533e+02 5.767278248659256690e+01 7.380922532947604964e+01
2.359314063848144940e+02 5.760000169178974261e+01 7.367173357695105551e+01
2.363348136493596598e+02 5.717545551438867335e+01 7.432784347561285188e+01
2.366094165017171633e+02 5.678153919030943086e+01 7.480992742221997105e+01
2.368282917998951120e+02 5.634807728095552193e+01 7.481115396978464105e+01
2.368988901859276837e+02 5.610441726302255461e+01 7.480410766549933044e+01
2.369625860698032511e+02 5.614553621275948103e+01 7.508033463601144319e+01
2.366903178872929630e+02 5.662081916459422359e+01 7.502016613375289467e+01
2.365708352365967926e+02 5.677780879392309288e+01 7.472813784702837836e+01
2.364974961511783249e+02 5.675537566191273697e+01 7.447749919639987581e+01
2.364901707015852139e+02 5.689007596135952127e+01 7.443089038894245846e+01
2.365007866822311371e+02 5.698666869681436253e+01 7.442433470368303006e+01
2.369071545788289370e+02 5.646808438647244799e+01 7.420235497132416924e+01
2.371485137627095696e+02 5.601037067113298917e+01 7.398845353499467592e+01
2.372694005988935828e+02 5.589164086687306821e+01 7.404635503899575610e+01
2.373254665110220003e+02 5.589573499805444357e+01 7.414194115955268671e+01
2.373039807812685069e+02 5.585341487759901469e+01 7.416682738669237551e+01
2.370760713258556223e+02 5.605560066994873836e+01 7.408468253565446560e+01
2.367835524201052237e+02 5.637680387081493194e+01 7.412690114872523850e+01
2.366877294489840722e+02 5.668130064795547440e+01 7.430986820957890870e+01
2.365607521697203595e+02 5.673218968346613877e+01 7.427999120269332423e+01
2.364763910741173163e+02 5.663505557529310153e+01 7.419605305452638788e+01
2.365969141755062708e+02 5.635112250249539301e+01 7.409263394745300957e+01
2.367551895650408653e+02 5.618262870290480038e+01 7.419056319680589695e+01
2.369028405149807952e+02 5.599728467746028571e+01 7.411400971087313394e+01
2.371107783924613841e+02 5.556785768664670400e+01 7.392519751645265558e+01
2.371682484900776444e+02 5.550902569828621580e+01 7.395632644774907760e+01
2.368761356138658982e+02 5.632412153817523404e+01 7.404395269755875120e+01
2.365567764638210804e+02 5.675479199445093315e+01 7.392470689742678758e+01
2.363259402121504422e+02 5.694037287045966167e+01 7.377869698353887884e+01
2.362297365883368059e+02 5.701368657903195469e+01 7.367093843577120538e+01
2.361881439374714375e+02 5.713870138219222383e+01 7.369118070006260268e+01
2.363282579641002314e+02 5.696838890862643723e+01 7.384861865367372502e+01
2.363768292476611066e+02 5.676283645468541295e+01 7.387091644250452305e+01
2.364727114314233063e+02 5.662210492479994883e+01 7.382203217784093852e+01
2.365680014887749678e+02 5.661008475866618994e+01 7.387812346681553777e+01
2.366193726843627871e+02 5.660561843374105706e+01 7.397153563755097139e+01
2.366371280177299639e+02 5.651394034749361595e+01 7.402901419411595896e+01
2.366705916188736012e+02 5.641941159552690976e+01 7.425185673924444529e+01
2.367264883520276157e+02 5.641607031078177670e+01 7.441788052580825763e+01
2.364580351553908883e+02 5.637555194640410150e+01 7.446042057893045296e+01
2.365330660305537265e+02 5.638319883604865623e+01 7.454594055050837653e+01
2.365934544654790272e+02 5.639022822243651234e+01 7.451055676800487504e+01
2.366214112910047618e+02 5.650781606861899320e+01 7.453770999340201797e+01
2.366072087161007573e+02 5.658593446006530314e+01 7.440814427582940027e+01
2.366161244480535970e+02 5.650343433318106889e+01 7.424482735285658919e+01
2.366079700214857269e+02 5.648758226327632315e+01 7.416487336953763077e+01
2.367215990796663903e+02 5.628307026002808300e+01 7.404775922448358472e+01
2.368855335058958929e+02 5.605626892689776497e+01 7.391261060075453315e+01
2.369559627129540331e+02 5.593300512612292863e+01 7.375414065539935393e+01
2.370124177367236769e+02 5.582571182053494141e+01 7.368305165034090010e+01
2.370533082948451238e+02 5.582670997648412481e+01 7.377474665448578151e+01
2.369928352704325789e+02 5.598444399330050913e+01 7.391221303016460809e+01
2.369530782114398733e+02 5.602724627383308587e+01 7.397414099375730245e+01
2.368897037676157709e+02 5.602183254665110468e+01 7.395429630005583022e+01
2.368909049383342733e+02 5.600931330254275764e+01 7.395765450269840358e+01
2.369300529530189863e+02 5.609293846960699881e+01 7.400191172241113691e+01
2.368837148319206847e+02 5.620297247458086076e+01 7.400580283882318611e+01
2.368230980053799044e+02 5.623570860613443045e+01 7.393500143802128832e+01
2.368577543182933312e+02 5.620391141788898182e+01 7.384059111133667841e+01
2.368036847180632378e+02 5.636864098529834877e+01 7.388520360689572897e+01
2.367486085029352694e+02 5.649055135427769159e+01 7.396505608283003141e+01
2.367813192576426502e+02 5.643994146407484180e+01 7.396183322336699462e+01
2.368705104129658707e+02 5.624591855724170841e+01 7.380640004060295212e+01
2.369261787545043774e+02 5.624848161870442453e+01 7.380840481145003196e+01
2.369818978497352475e+02 5.624439594647176932e+01 7.388711532930688008e+01
2.369522999881574776e+02 5.623829704444331412e+01 7.390893095806053736e+01
2.368967754487472348e+02 5.616170972271566342e+01 7.373618230726285105e+01
2.369336057114821870e+02 5.616650594664095308e+01 7.374420984959989767e+01
2.369993486609484137e+02 5.617329002351587519e+01 7.372813784702837836e+01
2.369070530714442668e+02 5.615318310240403576e+01 7.366659899507689602e+01
2.368679050567595539e+02 5.603123043868107800e+01 7.363931888544891535e+01
2.368181326024801763e+02 5.600279145307820983e+01 7.366988952612969399e+01
2.368526704901114783e+02 5.577151533607403167e+01 7.401148725236427595e+01
2.368918777174372678e+02 5.561819689049045223e+01 7.429397384493054801e+01
2.369865079767886584e+02 5.551261229254428287e+01 7.453472398450320213e+01
2.370812820382682844e+02 5.552971628685986616e+01 7.463442115413896261e+01
2.370846233230134033e+02 5.544291901402493750e+01 7.467244412864368996e+01
2.368104687949381741e+02 5.581577255578676500e+01 7.488247982540730163e+01
2.365121808861594559e+02 5.615239642017289867e+01 7.503380195909252848e+01
2.364943240454076374e+02 5.632765737874097312e+01 7.516049163409971356e+01
2.364739041431930957e+02 5.643138946691705371e+01 7.522744421323318420e+01
2.365411527855318070e+02 5.637402933563416951e+01 7.472313014938502818e+01
2.366349963626520605e+02 5.622616691197617911e+01 7.431361552386269409e+01
2.367058738939924467e+02 5.622569321084775851e+01 7.407330524962357288e+01
2.367266152362584251e+02 5.625587473988732512e+01 7.396125801485391094e+01
2.366949703090899959e+02 5.629833020352230477e+01 7.393695545517603307e+01
2.366097464007173130e+02 5.639844186164543771e+01 7.399238694615033296e+01
2.364824899761457573e+02 5.655648040061581128e+01 7.408512240098799850e+01
2.363751543758141622e+02 5.666650594664095308e+01 7.415390211304539037e+01
2.363554111894973744e+02 5.671581315874063023e+01 7.413717031247357170e+01
2.363453112047234868e+02 5.671061090527669535e+01 7.415278553181410359e+01
2.364124667986262693e+02 5.650131959600060583e+01 7.447523219814242168e+01
2.364631866551625023e+02 5.633428919453890416e+01 7.479946370265103894e+01
2.365317041398095057e+02 5.621379992894483024e+01 7.491827809639818270e+01
2.365432844406097104e+02 5.607188414623830397e+01 7.497702549527144811e+01
2.365323301020149245e+02 5.599275068094537033e+01 7.503196636721988000e+01
2.364877006885584194e+02 5.596507300072747171e+01 7.477747043597422305e+01
