1.378924547627176480e+02 1.574717309662000559e+02 1.238803687265278199e+02
1.382407135541140235e+02 1.578283885285080146e+02 1.242223455104131062e+02
1.383781153977466829e+02 1.579836121543188767e+02 1.243574940252646002e+02
1.388015022191874266e+02 1.585152270399453869e+02 1.248049163537043427e+02
1.392941447593035207e+02 1.591260669170365247e+02 1.250140150221918702e+02
1.391304882212359075e+02 1.593241720723796391e+02 1.244764424718333942e+02
1.388987879822464890e+02 1.596287982246500405e+02 1.241965346534653492e+02
1.384476271765107640e+02 1.595612154318880300e+02 1.238700238989416249e+02
1.381744452031410049e+02 1.596835609423011135e+02 1.237584329122567368e+02
1.381847558893820462e+02 1.600230283373165037e+02 1.237724308637760373e+02
1.381185216797541955e+02 1.601867360874018402e+02 1.237146295664049234e+02
1.379381358825537802e+02 1.599741891430522287e+02 1.234653465346534631e+02
1.378449300102423933e+02 1.598801297371116448e+02 1.233756230795493281e+02
1.379707579378627429e+02 1.599751280300443739e+02 1.234018607033117121e+02
1.381023045407989116e+02 1.601969102082622101e+02 1.236454933424376890e+02
1.380202458176852076e+02 1.601950153636053358e+02 1.235766473199044100e+02
1.378423523386821330e+02 1.599142198702628832e+02 1.233363434619324011e+02
1.378231136906794063e+02 1.597782861044725280e+02 1.232514851485148455e+02
1.379474393991123122e+02 1.599189313758962214e+02 1.236025435302150868e+02
1.380779617616934161e+02 1.600086548310003423e+02 1.237759132809832749e+02
1.380821952884943755e+02 1.599563844315466099e+02 1.237563502902014392e+02
1.379771765107545320e+02 1.598642710822806521e+02 1.236770740867190170e+02
1.380006145442130503e+02 1.598660293615568548e+02 1.236463980880846663e+02
1.379098156367360843e+02 1.597815124615909781e+02 1.234642027995903106e+02
1.377907476954592028e+02 1.597965517241379416e+02 1.233624103789689315e+02
1.378391601229088508e+02 1.599363263912598256e+02 1.233527483782861083e+02
1.379341754865141638e+02 1.601384772960054761e+02 1.235416865824513479e+02
1.377425571867531460e+02 1.599209115739160154e+02 1.233904916353704380e+02
1.374699044042335174e+02 1.596123762376237494e+02 1.231211164219870255e+02
1.375738477296005442e+02 1.596840559918060762e+02 1.232539774667121861e+02
1.377092693752133812e+02 1.598938033458518362e+02 1.234632127005803994e+02
1.376720040969614161e+02 1.598620348241720706e+02 1.234840901331512413e+02
1.374255035848412376e+02 1.596768863093205937e+02 1.232905428473881813e+02
1.372574257425742701e+02 1.595254694434960641e+02 1.230995561625127976e+02
1.374251963127347267e+02 1.596936497097985637e+02 1.232581427108228098e+02
1.374867872994196034e+02 1.597828951860703341e+02 1.232839194264253990e+02
1.374893991123250316e+02 1.598792249914646675e+02 1.233437179924889051e+02
1.375151075452372709e+02 1.597475076818026594e+02 1.232773130761352007e+02
1.375452372823489213e+02 1.596834414475930259e+02 1.231626152270399501e+02
1.375112837145783544e+02 1.594575452372823463e+02 1.230124786616592729e+02
1.376987709115739165e+02 1.595890406282007632e+02 1.231286445885967851e+02
1.378398770911574047e+02 1.596963468760669116e+02 1.232003755547968638e+02
1.376838511437350689e+02 1.596863434619324096e+02 1.232469102082622072e+02
1.373376579037214071e+02 1.595722089450324290e+02 1.231317514510071760e+02
1.369554626152270487e+02 1.592703482417207113e+02 1.228501707067258479e+02
1.367734892454762701e+02 1.591174632980539343e+02 1.227171901672925856e+02
1.369659781495390973e+02 1.593562820075110835e+02 1.229960908159781496e+02
1.370253840901331444e+02 1.596104984636394590e+02 1.231747866165926979e+02
1.366391430522362498e+02 1.594365141686582490e+02 1.229158245134858305e+02
1.362163195629907761e+02 1.591564015022191825e+02 1.225142369409354757e+02
1.362262546944349708e+02 1.592310686241037843e+02 1.224995220211676354e+02
1.361980710139979465e+02 1.592574769545920219e+02 1.224265448958689007e+02
1.365448275862069067e+02 1.595031751451007267e+02 1.225362922499146521e+02
1.366485831341754817e+02 1.595155343120518978e+02 1.226122908842608439e+02
1.365431205189484558e+02 1.593612837145783487e+02 1.224200751109593739e+02
1.362897917377944736e+02 1.590527142369409432e+02 1.220283714578354335e+02
1.362523728234892531e+02 1.590223625810857015e+02 1.220443496073745280e+02
1.364603789689313658e+02 1.592515705018777794e+02 1.223916524411061744e+02
1.365875213383407356e+02 1.594397575964493114e+02 1.225362068965517182e+02
1.362955274837828483e+02 1.592018094912939432e+02 1.222678047115056330e+02
1.357867872994195864e+02 1.588251280300443966e+02 1.217104472516217157e+02
1.359296688289518613e+02 1.590482758620689765e+02 1.219290884260839931e+02
1.368258791396380900e+02 1.591712529873676942e+02 1.223632297712529891e+02
1.375316831683168175e+02 1.591848412427449659e+02 1.225399795151928970e+02
1.376967565722089546e+02 1.590407306247866188e+02 1.224777398429498163e+02
1.376686070331170981e+02 1.587319733697507615e+02 1.222994708091498808e+02
1.377593376579037283e+02 1.587544213041993828e+02 1.223164219870262883e+02
1.372973369750768313e+02 1.591111983612154290e+02 1.225047797883236598e+02
1.370100546261522823e+02 1.595810686241037786e+02 1.226963980880846776e+02
1.367563161488562571e+02 1.594644759303516537e+02 1.224901160805735714e+02
1.364068282690338094e+02 1.593048822123591606e+02 1.223542505974735377e+02
1.361578525093888743e+02 1.591451519289859959e+02 1.221377091157391561e+02
1.363814953909183885e+02 1.594159098668487502e+02 1.223912598156367295e+02
1.365009047456469773e+02 1.595264083304882092e+02 1.225320757937862766e+02
1.366655855240696553e+02 1.596455104131102871e+02 1.227365653806759980e+02
1.363687606691703706e+02 1.593272106520996942e+02 1.224343120518948496e+02
1.363826903379993212e+02 1.593135199726869189e+02 1.224397405257767133e+02
1.366183168316831598e+02 1.592939057698873455e+02 1.224652953226357113e+02
1.368803004438374842e+02 1.594225674291567145e+02 1.225652782519631216e+02
1.369709115739159984e+02 1.594456469784909416e+02 1.225886309320587202e+02
1.371175315807442701e+02 1.594745134858313520e+02 1.225969102082622015e+02
1.368997610105838305e+02 1.592092181631956294e+02 1.223144417890064801e+02
1.369236599522021152e+02 1.592319221577330097e+02 1.223451348583134148e+02
1.369898088084670462e+02 1.593180437009218053e+02 1.225422157733014643e+02
1.370723967224308524e+02 1.594856435643564225e+02 1.227498292932741606e+02
1.369840730624786715e+02 1.593982417207238029e+02 1.227185216797541756e+02
1.369126664390576877e+02 1.592985660635029035e+02 1.226122567429156760e+02
1.368526971662683422e+02 1.592041823147831963e+02 1.225638955274837798e+02
1.370145100716968329e+02 1.592343461932400146e+02 1.226885967907135608e+02
1.370917548651416951e+02 1.592396893137589586e+02 1.228229259132809830e+02
1.373044383748719781e+02 1.594213383407306139e+02 1.230595083646295649e+02
1.372389552748378208e+02 1.593756913622396780e+02 1.230903038579720032e+02
1.372113178559235109e+02 1.592859508364629448e+02 1.229953397063844278e+02
1.370978320245817770e+02 1.591573403892113276e+02 1.226971833390235531e+02
1.373874871969955507e+02 1.593408159781495499e+02 1.228290372140662328e+02
1.374980027313076221e+02 1.594332707408671865e+02 1.229630761351997279e+02
1.376913280983270624e+02 1.594376237623762336e+02 1.230306589279617668e+02
1.373458006145442027e+02 1.592194776374189189e+02 1.227080402867872948e+02
1.375460566746329789e+02 1.594964151587572587e+02 1.229454421304199343e+02
1.381267668146124947e+02 1.601641174462273796e+02 1.236288494366678066e+02
1.381927108228064185e+02 1.604009730283373187e+02 1.237165756230795495e+02
1.377857972004096894e+02 1.601082963468760738e+02 1.234641515875725446e+02
1.378033970638443293e+02 1.600425571867531573e+02 1.233501365653806801e+02
1.376707579378627599e+02 1.597984124274496480e+02 1.231251451007169635e+02
1.377490099009901030e+02 1.599264766131785507e+02 1.231663878456811148e+02
1.377686241037896764e+02 1.599456128371457737e+02 1.232261181290542851e+02
1.377526118129054282e+02 1.599548651416865823e+02 1.231894503243427721e+02
1.376367531580744412e+02 1.597679242062137348e+02 1.230981734380334558e+02
1.376632468419255702e+02 1.598340559918060819e+02 1.231558040286787303e+02
1.377164049163536959e+02 1.599309491293956853e+02 1.232087913963810166e+02
1.378913793103448313e+02 1.601028849436667940e+02 1.234051041311027603e+02
1.377785421645612871e+02 1.600140150221918702e+02 1.233531751451007210e+02
1.378321782178217916e+02 1.599834585182656213e+02 1.233120689655172413e+02
1.378676169341071898e+02 1.599765961078866496e+02 1.232136736087401800e+02
1.380393991123250146e+02 1.601012973711164307e+02 1.234037555479685864e+02
1.379920621372482117e+02 1.600853021509047380e+02 1.233858484124274497e+02
1.382116592693752182e+02 1.602282861044725166e+02 1.235233356094230146e+02
1.380045066575623025e+02 1.599969955616251411e+02 1.233731990440423374e+02
1.382578354387162847e+02 1.601177876408330576e+02 1.236089108910891099e+02
1.381989074769545880e+02 1.600751451007169806e+02 1.235967565722089461e+02
1.381040286787299465e+02 1.599269716626835134e+02 1.235185728917719388e+02
1.380113690679412741e+02 1.597930693069307040e+02 1.235004438374871967e+02
1.380985660635029149e+02 1.597907818368043706e+02 1.234180266302492299e+02
1.381543188801638848e+02 1.597403892113349286e+02 1.233404916353704266e+02
1.382313588255377397e+02 1.597045920109252393e+02 1.233447763741891379e+02
1.383161317855923471e+02 1.597732161147149270e+02 1.234153123933082981e+02
1.383791567087743317e+02 1.598410891089108929e+02 1.234131956299078183e+02
1.379111642198702725e+02 1.598383407306247932e+02 1.233198019801980223e+02
1.376973711164219765e+02 1.600400477978832328e+02 1.234009559576647348e+02
1.373270228747012709e+02 1.599220382383065839e+02 1.231680949129395657e+02
1.373856094230112603e+02 1.600235063161488540e+02 1.232751963127347210e+02
1.371955957664731898e+02 1.599946056674633041e+02 1.232515192898600276e+02
1.375083475588938313e+02 1.600418060771594355e+02 1.233638955274837770e+02
1.376691362239672287e+02 1.598298395356777064e+02 1.233177193581427105e+02
1.379527313076135329e+02 1.598207750085353496e+02 1.233763229771252981e+02
1.379196312734721630e+02 1.597354387162854152e+02 1.233164561283714562e+02
1.381291396381017478e+02 1.599070160464322328e+02 1.234704506657562320e+02
1.379370945715261314e+02 1.598220040969614217e+02 1.234054114032092855e+02
1.379156708774325750e+02 1.597985319221577356e+02 1.234367360874018402e+02
1.378544554455445450e+02 1.598065551382724436e+02 1.234342096278593317e+02
1.381126664390577048e+02 1.600243427791054955e+02 1.236616934107203889e+02
1.378397746671218727e+02 1.598681802663024882e+02 1.235262546944349538e+02
1.379366848753840884e+02 1.598754694434960868e+02 1.235729771252987348e+02
1.377590815978149408e+02 1.597278422669853057e+02 1.233995732331853930e+02
1.379678900648685556e+02 1.599249743939911355e+02 1.236392113349265998e+02
1.378732331853875053e+02 1.598409696142028054e+02 1.235284397405257835e+02
1.378553260498463544e+02 1.598226186411744720e+02 1.234538579720041014e+02
1.375693240013656578e+02 1.596992318197337113e+02 1.232270228747012624e+02
1.377572208945032344e+02 1.598618641174462311e+02 1.232705018777739809e+02
1.377063502902014420e+02 1.599388187094571663e+02 1.233511437350631610e+02
1.376490269716626926e+02 1.598073062478661654e+02 1.233089108910891127e+02
1.373035336292250008e+02 1.594093717992489019e+02 1.229002902014339327e+02
1.374256401502219092e+02 1.595482417207238086e+02 1.230170706725844951e+02
1.375373164902697170e+02 1.598508364629566358e+02 1.232469102082622072e+02
1.377974052577671671e+02 1.600381017412086067e+02 1.233991123250256123e+02
1.374942130419938451e+02 1.598012120177534996e+02 1.231652270399453784e+02
1.373273984294981176e+02 1.595756742915670827e+02 1.229360703311710523e+02
1.370024240355070049e+02 1.595129054284738856e+02 1.228569136223967178e+02
1.370500000000000114e+02 1.598536189825879035e+02 1.231044895868897271e+02
1.369283885285080373e+02 1.600218675315807388e+02 1.232060259474223329e+02
1.369184192557186748e+02 1.600311198361215475e+02 1.232157562307954919e+02
1.363889552748378264e+02 1.594895356777057032e+02 1.226395186070331107e+02
1.364378968931375766e+02 1.591572208945032401e+02 1.224783885285080203e+02
1.368416353704336075e+02 1.594135711847046650e+02 1.228399965858654781e+02
1.375973540457493982e+02 1.600528678729941987e+02 1.235090645271423710e+02
1.375520996927278929e+02 1.598948787982246529e+02 1.233887674974394031e+02
1.370734380334585296e+02 1.592277227722772182e+02 1.227529532263571213e+02
1.366476783885285045e+02 1.588631785592352230e+02 1.223131614885626561e+02
1.371954933424376861e+02 1.594615568453397145e+02 1.228116080573574607e+02
1.376722260157050073e+02 1.602265448958688978e+02 1.234115909866848710e+02
1.377824854899282911e+02 1.603548992830317559e+02 1.234895868897234550e+02
1.371127176510754566e+02 1.597572379651758183e+02 1.228476783885285073e+02
1.369591498805052936e+02 1.594998805052919124e+02 1.226572038238306561e+02
1.369806589279617697e+02 1.595717821782178305e+02 1.227223796517582741e+02
1.374049334243769067e+02 1.600657733014680844e+02 1.231121713895527421e+02
1.375505804028678654e+02 1.603243257084329230e+02 1.233818538750426796e+02
1.373900307272106431e+02 1.601769204506657616e+02 1.232246500512120235e+02
1.368952714236940835e+02 1.593435814271082336e+02 1.225553943325367072e+02
1.369299248890406204e+02 1.591826732673267202e+02 1.224757084329122563e+02
1.373545920109252165e+02 1.595564697849095239e+02 1.229204165244110669e+02
1.380767668146124834e+02 1.599083475588938086e+02 1.234529702970297080e+02
1.380119324001365726e+02 1.598057186753158021e+02 1.234610276544895839e+02
1.375087743257084298e+02 1.594903721406623447e+02 1.229989074769545851e+02
1.369937692045066626e+02 1.591510583817002384e+02 1.225024069648344209e+02
1.371581085694776334e+02 1.594622738135882685e+02 1.226459201092523017e+02
1.372768863093205880e+02 1.596465346534653520e+02 1.229279959030385783e+02
1.371009559576647234e+02 1.595646637077500714e+02 1.227387845681119813e+02
1.363759303516558532e+02 1.587628200751109659e+02 1.220341754865141723e+02
1.362434448617275393e+02 1.585631102765449043e+02 1.218485660635029006e+02
1.364079890747695458e+02 1.586899624445203187e+02 1.220167975418231521e+02
1.366498805052919181e+02 1.588871628542164558e+02 1.221843291225674335e+02
1.363709627859337559e+02 1.585874530556503998e+02 1.219201263229771257e+02
1.355280300443837405e+02 1.576236599522021038e+02 1.209424035506998933e+02
1.350766302492318118e+02 1.571860532604984542e+02 1.205366507340389148e+02
1.354639125981563552e+02 1.576329463980880803e+02 1.209415158757255000e+02
1.354529020143393723e+02 1.576662171389552611e+02 1.210491123250256038e+02
1.353524752475247510e+02 1.575304540798907453e+02 1.207753499487879765e+02
1.352701946056674558e+02 1.574101058381700113e+02 1.205877432570843268e+02
1.361365653806759894e+02 1.582191532946397956e+02 1.213810174120860381e+02
1.364374359849778102e+02 1.585685728917719359e+02 1.216830146807784274e+02
1.365068111983612198e+02 1.585324172072379554e+02 1.216355582109935085e+02
1.359924889040628102e+02 1.579334243769204420e+02 1.210539774667121833e+02
1.359756913622396723e+02 1.578299078183680422e+02 1.208762717651075462e+02
1.360000170706725839e+02 1.579481905087060341e+02 1.210558381700239039e+02
1.361825537726186326e+02 1.583317514510071646e+02 1.213722772277227762e+02
1.356216114714919740e+02 1.578121884602253431e+02 1.208347217480368698e+02
1.350963810174120852e+02 1.572658927961761606e+02 1.202402185046090750e+02
1.350731136906794063e+02 1.570548822123591606e+02 1.199451860703311752e+02
1.359693922840559992e+02 1.577737623762376131e+02 1.204931546602936123e+02
1.363973199044042417e+02 1.582444691020826326e+02 1.209667292591328049e+02
1.363068282690337867e+02 1.580741550017070551e+02 1.207622055308979157e+02
1.356965005121201671e+02 1.572760157050187786e+02 1.200059576647319943e+02
1.353980198019802117e+02 1.570429498122225880e+02 1.198167975418231492e+02
1.355018436326391225e+02 1.575308637760327883e+02 1.203727210652099728e+02
1.361977808125640195e+02 1.584017753499487924e+02 1.212663024923182036e+02
1.358410208262205572e+02 1.583266814612495637e+02 1.212792932741549947e+02
1.353011095937179959e+02 1.577403721406623447e+02 1.206917890064868573e+02
1.348707579378627486e+02 1.571636906794127810e+02 1.200533458518265633e+02
1.353768863093205823e+02 1.575416524411061800e+02 1.202910891089108958e+02
1.358982758620689708e+02 1.581379822465005134e+02 1.207835950836462899e+02
1.361295834755889302e+02 1.583117616934107161e+02 1.209239842949812243e+02
1.356685387504267624e+02 1.577772106520996829e+02 1.204077330146807725e+02
1.351508706043018151e+02 1.571684533970638427e+02 1.199861044725162174e+02
1.349352509388869805e+02 1.570176340047797794e+02 1.197914817343803406e+02
1.354376237623762336e+02 1.576625128030044323e+02 1.204451689996585912e+02
1.356544383748719724e+02 1.580030556503926391e+02 1.208618129054284793e+02
1.355057528166609870e+02 1.578285592352338824e+02 1.207226869238647993e+02
1.349288323659952198e+02 1.570882041652441217e+02 1.201111812905428451e+02
1.348600375554796926e+02 1.568924035506998962e+02 1.200426937521338289e+02
1.350173608740184363e+02 1.570246671218845904e+02 1.202022021167634023e+02
1.354182656196654193e+02 1.574014680778422530e+02 1.206232502560600892e+02
1.356150392625469578e+02 1.575915158757254915e+02 1.208197849095254384e+02
1.355163707750085393e+02 1.575168146124957218e+02 1.207293444861727494e+02
1.350412256742915531e+02 1.571576135199726991e+02 1.203932570843291217e+02
1.349225332878115466e+02 1.570842608398770892e+02 1.203314783202458216e+02
1.350104984636394647e+02 1.572523898941618370e+02 1.205867360874018459e+02
1.353032775691362133e+02 1.576249231819733723e+02 1.209698531922157798e+02
1.353386480027313041e+02 1.577190167292591241e+02 1.209000682826903414e+02
1.352636053260498556e+02 1.574884943666780543e+02 1.204813246841925576e+02
1.349336121543188938e+02 1.571513315124615815e+02 1.199858825537726119e+02
1.351749573233185515e+02 1.574026459542506018e+02 1.201494878798224590e+02
1.357123762376237721e+02 1.580560088767497575e+02 1.207803516558552417e+02
1.358834243769204591e+02 1.582254182314783293e+02 1.208463468760669173e+02
1.355000512120177518e+02 1.577606862410378881e+02 1.204549163537043341e+02
1.354667634004779870e+02 1.575009047456469773e+02 1.201612666439057762e+02
1.355973199044042303e+02 1.575904574940252587e+02 1.202581597814953938e+02
1.359215602594742336e+02 1.578698702628883552e+02 1.205521509047456448e+02
1.359697336975076780e+02 1.578970467736428702e+02 1.207162000682826886e+02
1.358913280983270795e+02 1.576674632980539457e+02 1.205371116421987097e+02
1.357303516558552303e+02 1.575446227381358710e+02 1.204623420962785900e+02
1.359002048480710130e+02 1.575715261181290430e+02 1.206550358484124246e+02
1.360821440764766237e+02 1.577772277227722668e+02 1.209032775691362218e+02
1.363260498463639578e+02 1.580287128712871265e+02 1.211436667804711504e+02
1.360944178900648751e+02 1.578893991123250373e+02 1.209710652099692680e+02
1.358184533970638483e+02 1.576193069306930568e+02 1.205341242744964205e+02
1.356980880846705304e+02 1.575051212017753528e+02 1.204562649368385081e+02
1.360372994195971330e+02 1.578495220211676440e+02 1.207370945715261144e+02
1.361963468760669116e+02 1.581835780129736975e+02 1.209647661317855949e+02
1.364446227381358767e+02 1.583436326391259854e+02 1.210369750768180239e+02
1.362547456469784777e+02 1.582433765790372036e+02 1.208958176852167981e+02
1.362740355069989846e+02 1.582422499146466350e+02 1.208911403209286419e+02
1.361955274837828540e+02 1.581756230795493252e+02 1.208278593376578982e+02
1.364910891089108986e+02 1.584735063161488426e+02 1.210436326391259882e+02
1.366039603960396107e+02 1.587200751109593853e+02 1.215628883578012989e+02
1.365529702970297024e+02 1.587201604643223050e+02 1.216075281666097680e+02
1.362399795151928856e+02 1.583898600204848037e+02 1.213673267326732628e+02
1.363104643222943082e+02 1.583872823489245434e+02 1.213770058040286841e+02
1.365789006486855612e+02 1.588792420621372514e+02 1.218508023216114680e+02
1.369327756913622522e+02 1.593437350631614891e+02 1.223417207237965130e+02
1.367152953226357113e+02 1.592330488221235782e+02 1.221853875042676663e+02
1.363104984636394761e+02 1.587909696142027940e+02 1.218101229088426152e+02
1.361904233526800851e+02 1.587041481734380284e+02 1.217089279617616882e+02
1.363280812564015037e+02 1.589709627859337786e+02 1.218278422669853143e+02
1.361927108228064185e+02 1.590966370775008443e+02 1.219552236258108593e+02
1.361190679412768816e+02 1.589456640491635255e+02 1.218199897575964457e+02
1.358840218504608970e+02 1.587564356435643447e+02 1.215998975759644907e+02
1.359913622396722417e+02 1.588050529190850000e+02 1.216772277227722725e+02
1.362254694434960811e+02 1.589285080232161249e+02 1.216121543188801581e+02
1.366133321952885069e+02 1.589874189143052376e+02 1.215341925571867563e+02
1.365344486172755296e+02 1.587630590645271411e+02 1.213492318197337028e+02
1.365484294981222320e+02 1.586768009559576740e+02 1.210712017753499481e+02
1.365642198702628889e+02 1.586960054626152328e+02 1.209721065209969311e+02
1.367362410378968889e+02 1.587559064527142425e+02 1.211998463639467332e+02
1.365526288835780235e+02 1.586925401160805791e+02 1.212450153636053329e+02
1.364552065551382611e+02 1.585051212017753528e+02 1.211799590303858025e+02
1.363283714578354306e+02 1.583587231136906723e+02 1.212167292591328049e+02
1.363628542164561281e+02 1.583936155684533844e+02 1.212878456811198333e+02
1.364672072379651695e+02 1.583512632297712628e+02 1.214181461249573175e+02
1.365349948787982157e+02 1.584567429156708727e+02 1.216178217821782113e+02
1.364712700580402895e+02 1.583337145783543747e+02 1.216238135882553735e+02
1.365188118811881282e+02 1.583012290884260835e+02 1.216450665756230762e+02
1.366336804370092182e+02 1.584430351655855134e+02 1.218855069989757567e+02
1.365825025606008865e+02 1.586263400477978962e+02 1.219238477296005527e+02
1.364652270399453755e+02 1.587398941618299659e+02 1.218219358142710860e+02
1.362509218163195612e+02 1.585623933082963504e+02 1.216586719016729319e+02
1.361350119494708224e+02 1.585483270740867283e+02 1.215408159781495385e+02
1.362051382724479254e+02 1.586087572550358402e+02 1.216954079890747664e+02
1.362433424376920357e+02 1.586725332878115466e+02 1.217789518607033159e+02
1.360864117446227510e+02 1.585063844315465929e+02 1.214826903379993155e+02
1.360623079549334307e+02 1.584384090133151233e+02 1.214503926254694477e+02
1.360720211676340057e+02 1.583108057357459870e+02 1.214495220211676383e+02
1.362958347558893877e+02 1.585541823147831906e+02 1.216548992830317530e+02
1.360428815295322522e+02 1.585405257767156115e+02 1.215134858313417539e+02
1.358187606691703593e+02 1.585389040628200803e+02 1.216080744281324684e+02
1.356684704677364266e+02 1.586043188801638735e+02 1.215309491293956938e+02
1.356257937862751817e+02 1.586140833048822003e+02 1.214624615909866918e+02
1.355901843632639157e+02 1.585384260839877015e+02 1.214230283373164951e+02
1.359375213383407299e+02 1.586797200409696131e+02 1.214869580061454428e+02
1.363379481051553341e+02 1.585823659952202149e+02 1.215738306589279603e+02
1.363437350631614891e+02 1.584642540116080625e+02 1.214921133492659635e+02
1.362098156367360957e+02 1.582441618299760933e+02 1.212946568794810531e+02
1.363282178217821752e+02 1.582854045749402587e+02 1.213623250256060118e+02
1.364687435984977810e+02 1.584386309320587145e+02 1.215395527483782843e+02
1.363665073403892052e+02 1.583942301126664347e+02 1.215310686241037956e+02
1.362029532263571241e+02 1.582222430863776026e+02 1.212847558893820406e+02
1.362038579720041014e+02 1.581934448617275564e+02 1.212974735404574886e+02
1.363590986684875475e+02 1.583988050529190730e+02 1.214939911232502538e+02
1.364443666780471176e+02 1.585052065551382725e+02 1.216922669853192218e+02
1.363347046773643001e+02 1.583560088767497405e+02 1.215548139296688248e+02
1.364152611812905320e+02 1.583869921474906164e+02 1.217455786958006172e+02
1.364726186411744493e+02 1.583841584158415969e+02 1.216836121543188796e+02
1.365094230112666480e+02 1.584501877773984404e+02 1.218128371457835470e+02
1.360681973369750892e+02 1.582545407989074704e+02 1.213856094230112603e+02
1.358402697166268354e+02 1.581805565039262547e+02 1.211505804028678739e+02
1.359635029020143406e+02 1.584278593376579067e+02 1.213770570160464359e+02
1.360849607374530592e+02 1.587732161147149270e+02 1.216469614202799647e+02
1.360558552406964736e+02 1.588308637760327713e+02 1.217097302833731618e+02
1.359580061454421411e+02 1.585935472857630657e+02 1.214882895186070328e+02
1.359051894844656942e+02 1.584017412086036245e+02 1.212772618641174489e+02
1.361634687606691614e+02 1.585677705701604623e+02 1.214993854557869639e+02
1.364717138955274720e+02 1.588320416524411200e+02 1.217920279959030410e+02
1.363194776374189132e+02 1.586839023557528208e+02 1.216712359166951245e+02
1.360793103448275758e+02 1.582741550017070722e+02 1.212913963810174067e+02
1.361362068965517267e+02 1.582357972004097064e+02 1.212498975759644964e+02
1.362282690337999327e+02 1.582811539774667153e+02 1.213214749061113054e+02
1.365406964834414509e+02 1.586175486514168540e+02 1.216585524069648301e+02
1.365094912939569838e+02 1.585630932058723204e+02 1.216092523045408029e+02
1.360911403209286448e+02 1.581987538409013325e+02 1.212544383748719667e+02
1.357328610447251549e+02 1.578940764766131792e+02 1.209527654489586865e+02
1.358718333902355653e+02 1.581047115056333325e+02 1.210871628542164586e+02
1.360831683168316886e+02 1.583955274837828711e+02 1.214334585182656241e+02
1.362022021167634023e+02 1.585453567770570089e+02 1.215580232161147194e+02
1.359639808808467194e+02 1.582378627517924201e+02 1.212645954250597526e+02
1.358807101399795272e+02 1.580156367360874015e+02 1.210018094912939546e+02
1.359056845339706285e+02 1.578965005121201841e+02 1.209391430522362612e+02
1.362397575964492944e+02 1.582213895527483771e+02 1.212563844315466071e+02
1.363685046090816115e+02 1.583760157050187729e+02 1.214377091157391533e+02
1.360796176169341152e+02 1.581555479685899570e+02 1.211736770228746991e+02
1.356952543530215110e+02 1.577795151928986002e+02 1.208724820757937835e+02
1.356809662000682692e+02 1.577422840559918029e+02 1.208030556503926221e+02
1.358490269716626813e+02 1.579806759986343536e+02 1.210103448275862092e+02
1.360439911232502652e+02 1.582157562307955061e+02 1.213163707750085365e+02
1.357742403550699919e+02 1.580645783543871516e+02 1.208444008193922770e+02
1.354756401502219205e+02 1.577466541481734339e+02 1.204649197678388504e+02
1.353706384431546610e+02 1.576695459201092433e+02 1.203599180607715908e+02
1.354845339706384379e+02 1.578777739842949757e+02 1.205285080232161192e+02
1.355440764766131849e+02 1.579717309662000559e+02 1.205719358142710860e+02
1.355815807442813252e+02 1.578591157391601314e+02 1.205339535677705669e+02
1.353536360532604874e+02 1.575855240696483577e+02 1.203528849436667798e+02
1.356222942983953601e+02 1.577636736087401914e+02 1.206064868555821050e+02
1.357362239672243049e+02 1.576872311369068029e+02 1.206994195971321204e+02
1.359645271423694055e+02 1.579311710481393050e+02 1.209665756230795495e+02
1.356652782519631160e+02 1.577453397063844420e+02 1.208068965517241367e+02
1.355071526118128986e+02 1.577531751451007267e+02 1.207431375896210284e+02
1.352749914646637137e+02 1.576659781495390860e+02 1.205452202116763374e+02
1.353537896893137713e+02 1.578153465346534574e+02 1.206676510754523690e+02
1.352813246841925547e+02 1.578249573233185288e+02 1.206713895527483800e+02
1.352885114373506212e+02 1.577898770911573934e+02 1.206845168999658569e+02
1.352954762717650965e+02 1.577041140320928605e+02 1.205628371457835470e+02
1.353398770911574047e+02 1.576484124274496423e+02 1.204763741891430584e+02
1.353287128712871379e+02 1.575959371799249027e+02 1.204054967565722052e+02
1.354073062478661598e+02 1.576130078525093836e+02 1.204741208603618929e+02
1.352189825879139562e+02 1.574961078866507478e+02 1.203143735063161444e+02
1.353489245476271776e+02 1.576613861386138637e+02 1.203866165926937555e+02
1.351021509047456561e+02 1.574870604301809465e+02 1.200744622738135945e+02
1.349719699556162595e+02 1.573800273130761411e+02 1.199585182656196594e+02
1.349714407647661290e+02 1.574020996927278873e+02 1.199673438033458552e+02
1.354004096961420203e+02 1.576668828951860633e+02 1.202387845681119813e+02
1.354425571867531630e+02 1.573794298395356748e+02 1.200010413110276488e+02
1.355923352680095491e+02 1.572434448617275393e+02 1.197192727893478974e+02
1.356721918743598394e+02 1.571495220211676269e+02 1.197033629224991529e+02
1.357718333902355710e+02 1.572867531580744185e+02 1.197449641515875669e+02
1.353312734721748143e+02 1.572602936155684574e+02 1.196701604643222936e+02
1.352447422328439757e+02 1.573977637418914242e+02 1.197716114714919797e+02
1.348440423352680000e+02 1.571012632297712628e+02 1.195047115056333240e+02
1.347544383748719667e+02 1.571013827244793504e+02 1.194514339364970965e+02
1.348344144759303447e+02 1.572947422328439870e+02 1.196614202799590316e+02
1.350593717992488791e+02 1.575155684533970657e+02 1.199715944008193986e+02
1.347770740867190113e+02 1.572795664049163520e+02 1.199216968248549051e+02
1.346620518948446659e+02 1.571333731649027072e+02 1.197967736428815329e+02
1.346067599863434623e+02 1.571275520655513844e+02 1.197345851826561898e+02
1.348902185046090949e+02 1.574568624103789602e+02 1.200300955957664684e+02
1.349611642198702555e+02 1.574968760669170251e+02 1.200858825537726204e+02
1.349777398429498021e+02 1.573731990440423374e+02 1.199883919426425365e+02
1.347689484465687997e+02 1.571505462615226918e+02 1.198205360191191602e+02
1.350121031068624120e+02 1.572627347217480462e+02 1.199129907818368110e+02
1.352122226015704882e+02 1.574240013656537940e+02 1.201435984977808147e+02
1.354640833048822230e+02 1.576382383065892725e+02 1.201414475930351671e+02
1.353105496756572279e+02 1.574142369409354671e+02 1.199063161488562628e+02
1.354143052236258029e+02 1.573460225332878224e+02 1.198677705701604594e+02
1.353765107545237356e+02 1.572600887674974501e+02 1.198372482075793783e+02
1.356584499829293406e+02 1.574480027313076107e+02 1.199997951519289927e+02
1.355006998975759700e+02 1.575132980539433163e+02 1.200438886992147474e+02
1.354574428132468427e+02 1.575203311710481273e+02 1.202111812905428536e+02
1.351923864800273236e+02 1.573005121201775296e+02 1.200619665414817376e+02
1.352853704335950908e+02 1.573564868555821192e+02 1.201488733356094230e+02
1.352124274496415239e+02 1.573076476613178443e+02 1.201868555821099420e+02
1.354201775349948775e+02 1.575332536701945969e+02 1.203898600204848037e+02
1.350724991464663844e+02 1.575367531580744185e+02 1.202815124615909923e+02
1.350765619665414761e+02 1.575494878798224647e+02 1.200743769204506606e+02
1.350110447251621792e+02 1.575500000000000114e+02 1.199726357118470474e+02
1.349187948105155215e+02 1.574468589962444582e+02 1.198847217480368670e+02
1.349081939228405531e+02 1.574428473881870900e+02 1.200492318197336914e+02
1.350466541481734453e+02 1.575225162171389570e+02 1.202252133834073078e+02
1.349868555821099392e+02 1.575340389211334866e+02 1.202276544895868966e+02
1.351003243427791176e+02 1.576094059405940584e+02 1.203477466712188431e+02
1.348948787982246529e+02 1.573709115739160040e+02 1.201024240355069992e+02
1.349214236940935336e+02 1.574023045407988945e+02 1.200720894503243414e+02
1.348386992147490560e+02 1.573446739501536342e+02 1.199588767497439363e+02
1.350455957664732125e+02 1.575565892796176115e+02 1.201835609423011277e+02
1.349252475247524785e+02 1.575439569819050973e+02 1.202004267668146156e+02
1.351167634004779927e+02 1.576715602594742336e+02 1.203499487879822425e+02
1.346941959713212782e+02 1.573032434277910454e+02 1.200700921816319493e+02
1.346200238989416107e+02 1.572617787640833171e+02 1.200361386138613824e+02
1.347724479344486213e+02 1.575615227039945410e+02 1.203336633663366371e+02
1.351553431205189497e+02 1.579797200409696245e+02 1.207542847388187113e+02
1.348898429498122198e+02 1.577645783543871687e+02 1.205437521338340758e+02
1.346131444178900551e+02 1.573411744622738127e+02 1.201353021509047494e+02
1.344516899965858556e+02 1.570600546261522652e+02 1.198227039945373917e+02
1.351537384772960024e+02 1.576603960396039668e+02 1.204105838170023901e+02
1.354600546261522709e+02 1.580128712871287178e+02 1.207840901331512526e+02
1.353743598497780738e+02 1.578606008876749627e+02 1.206739842949812243e+02
1.348055138272447948e+02 1.572260327756913512e+02 1.200431717309661934e+02
1.347457835438716245e+02 1.570928986002048475e+02 1.199692045066575616e+02
1.350405087060430276e+02 1.574893991123250316e+02 1.204250426766814570e+02
1.356347046773642830e+02 1.580301297371116505e+02 1.209858484124274440e+02
1.354577500853533536e+02 1.577510242403550649e+02 1.208857118470467782e+02
1.350821952884943755e+02 1.575564527142369400e+02 1.206355240696483406e+02
1.346206384431546610e+02 1.572460396039603836e+02 1.203428303175145118e+02
1.347149539091840325e+02 1.573833048822123715e+02 1.205446568794810531e+02
1.345937862751792409e+02 1.577557869580061549e+02 1.208364629566404886e+02
1.347389211334926529e+02 1.579237623762376188e+02 1.209329805394332595e+02
1.345898600204848208e+02 1.575915670877432433e+02 1.207068965517241423e+02
1.345809149880505231e+02 1.574025264595425142e+02 1.205782861044725109e+02
1.345486514168658232e+02 1.573696824854899319e+02 1.205426766814612449e+02
1.349350290201433893e+02 1.578016729259132944e+02 1.209557869580061435e+02
1.349824684192557243e+02 1.578918572891771817e+02 1.210448446568794765e+02
1.348388357801297275e+02 1.576783714578354250e+02 1.206954421304199343e+02
1.345044383748719667e+02 1.573427108228064242e+02 1.203561283714578423e+02
1.344880334585182595e+02 1.573925742574257356e+02 1.203200580402867814e+02
1.343969784909525345e+02 1.574275691362239797e+02 1.202912768863093191e+02
1.344732161147149156e+02 1.574872140662342019e+02 1.203626664390577048e+02
1.346335097302833788e+02 1.574431034482758491e+02 1.203520826220553062e+02
1.349303857972004153e+02 1.573832365995220073e+02 1.202382383065892810e+02
1.349491123250255953e+02 1.573055479685899627e+02 1.201814100375554801e+02
1.350357459883919375e+02 1.572531580744281428e+02 1.201515192898600191e+02
1.349344315466029229e+02 1.571611983612154404e+02 1.200811369067941285e+02
1.348371116421986926e+02 1.572180607715943950e+02 1.200561966541481667e+02
1.346336292249914663e+02 1.572168316831683228e+02 1.201258791396381014e+02
1.347596278593376553e+02 1.574617787640833058e+02 1.202892966882895252e+02
1.348380846705360057e+02 1.576264424718333998e+02 1.204690850119494741e+02
1.348416012290884396e+02 1.575897405257767048e+02 1.203910037555479704e+02
1.345484124274496480e+02 1.573143393649709765e+02 1.201536019119153309e+02
1.347731990440423431e+02 1.575664049163536902e+02 1.203031410037555418e+02
1.347921816319563106e+02 1.576376920450665864e+02 1.202996585865483041e+02
1.347261693410720511e+02 1.576000512120177461e+02 1.202205360191191517e+02
1.344021338340730551e+02 1.572180778422669789e+02 1.200072891771935844e+02
1.345822465005121273e+02 1.573382041652441217e+02 1.200769887333560888e+02
1.347366848753840998e+02 1.575465175827927737e+02 1.202073233185387551e+02
1.351282690337999384e+02 1.578020143393649732e+02 1.203744281324684238e+02
1.351335097302833788e+02 1.577887162854216569e+02 1.202835609423011221e+02
1.351299419597132214e+02 1.576972345510413049e+02 1.202524411061795888e+02
1.348942130419938508e+02 1.573998463639467502e+02 1.197984124274496480e+02
1.349856606350290065e+02 1.574582792762034842e+02 1.195731990440423402e+02
1.350860703311710438e+02 1.575686582451348556e+02 1.196328781153977445e+02
1.352514168658245239e+02 1.577275862068965466e+02 1.198155684533970629e+02
1.351446739501536456e+02 1.575682997610105929e+02 1.196263059064527141e+02
1.349101741208603755e+02 1.572564356435643447e+02 1.194674632980539428e+02
1.346496927278934663e+02 1.569839023557528037e+02 1.193943154660293686e+02
1.350683168316831768e+02 1.573315466029361573e+02 1.199199385455787024e+02
1.349098497780812522e+02 1.573686411744622831e+02 1.200309832707408617e+02
1.351057186753158135e+02 1.575229259132809716e+02 1.200897405257767190e+02
1.346741379310344939e+02 1.571086548310003366e+02 1.197350460908159846e+02
1.345191362239672230e+02 1.569677193581427161e+02 1.195995049504950458e+02
1.345214066234209724e+02 1.571288494366677924e+02 1.198204848071013942e+02
1.348603618982587875e+02 1.574979515192898702e+02 1.200889040628200775e+02
1.347980368726527729e+02 1.574980368726527900e+02 1.201528337316490251e+02
1.346997780812563974e+02 1.572641345168999578e+02 1.198797029702970320e+02
1.345390406282007518e+02 1.570577159440081800e+02 1.196921645612837182e+02
1.347675315807442757e+02 1.572335268009559570e+02 1.197656879481051533e+02
1.349008364629566472e+02 1.573784738818709457e+02 1.198836975076818021e+02
1.350031580744281428e+02 1.574911061795834826e+02 1.199257255035848431e+02
1.347800273130761468e+02 1.572328781153977388e+02 1.198374871969955677e+02
1.348194434960737453e+02 1.571912768863093106e+02 1.199347729600546302e+02
1.348690337999317137e+02 1.572706384431546667e+02 1.202066234209627851e+02
1.351398088084670519e+02 1.574114032092864477e+02 1.205408330488221225e+02
1.350802321611471370e+02 1.573695800614544282e+02 1.204907476954592056e+02
1.350218333902355710e+02 1.572758791396381071e+02 1.203323489245476310e+02
1.347817514510071817e+02 1.571730454079890649e+02 1.201301638784568127e+02
1.349232331853875166e+02 1.572955104131102644e+02 1.201704506657562348e+02
1.348260498463639578e+02 1.572852850802321711e+02 1.200975759644930037e+02
1.349621543188801525e+02 1.573910720382383204e+02 1.201934277910549724e+02
1.347668146124957218e+02 1.572386138613861419e+02 1.200010242403550649e+02
1.346104472516217072e+02 1.570609081597814907e+02 1.197857630590645215e+02
1.345554796858996269e+02 1.570349265961078800e+02 1.197659269375213427e+02
1.347060942301126545e+02 1.571545407989074761e+02 1.198914475930351671e+02
1.346466200068282717e+02 1.571518436326391281e+02 1.197802833731649059e+02
1.345034824172072376e+02 1.570608740184363228e+02 1.198593376579037226e+02
1.342096620006828402e+02 1.570357459883919375e+02 1.197066917036531208e+02
1.342581256401502117e+02 1.570560430180949254e+02 1.197108398770911606e+02
1.341822635711847056e+02 1.571003926254694534e+02 1.196868726527825260e+02
1.343196483441447526e+02 1.572619836121543244e+02 1.198397234551041350e+02
1.343725162171389513e+02 1.572807784226698402e+02 1.199500853533629225e+02
1.343389211334926472e+02 1.571329805394332482e+02 1.198547968589962380e+02
1.342127005804028670e+02 1.569982587913963812e+02 1.197416182997610150e+02
1.343754011608057226e+02 1.570865653806760065e+02 1.198698361215431873e+02
1.343796858996244339e+02 1.571029702970297137e+02 1.199609423011266642e+02
1.344265961078866383e+02 1.571988391942642522e+02 1.200758962103106882e+02
1.342988733356094144e+02 1.570932741550016942e+02 1.200561283714578309e+02
1.342236770228747105e+02 1.570832878115397762e+02 1.200319392284056050e+02
1.340685728917719359e+02 1.569456640491635255e+02 1.199363093205872275e+02
1.340604131102765564e+02 1.569736940935472944e+02 1.198597985660635032e+02
1.341579378627517940e+02 1.570406282007511152e+02 1.199182314783202514e+02
1.343290201433936488e+02 1.572385455786958062e+02 1.198920109252304513e+02
1.342557357459884031e+02 1.570878286104472465e+02 1.197834585182656184e+02
1.342839364970979830e+02 1.570358654831000251e+02 1.197186923864800292e+02
1.341907818368043763e+02 1.569490611130078435e+02 1.195664049163537044e+02
1.343621372482075742e+02 1.570547968589962409e+02 1.196989416182997559e+02
1.342330658927961622e+02 1.570190337999317194e+02 1.197143564356435661e+02
1.341242232843974023e+02 1.570483953567770641e+02 1.197149026971662664e+02
1.339387674974393860e+02 1.569540969614202766e+02 1.196425571867531517e+02
1.339018265619665442e+02 1.569846193240013577e+02 1.196053772618641204e+02
1.338311539774666983e+02 1.569521850460908183e+02 1.196173608740184306e+02
1.340709798566063569e+02 1.570397063844315539e+02 1.196686923864800320e+02
1.341928815295322579e+02 1.571354899283031727e+02 1.197100204848071030e+02
1.342618470467736529e+02 1.571620518948446659e+02 1.196990952543530256e+02
1.341109081597815020e+02 1.569082109935131371e+02 1.194303687265278313e+02
1.340125640150221784e+02 1.568015363605325945e+02 1.192914988050529246e+02
1.340262205530897859e+02 1.568954592010925353e+02 1.194811539774667182e+02
1.342155855240696383e+02 1.571865995220211687e+02 1.197788152953226302e+02
1.336847046773642944e+02 1.570246159098668386e+02 1.196343803345851882e+02
1.336711505633321906e+02 1.568704335950836537e+02 1.194498122226015653e+02
1.335796858996244509e+02 1.566290884260839960e+02 1.190861044725162117e+02
1.337765448958689092e+02 1.567216114714919684e+02 1.191550358484124246e+02
1.340916182997610235e+02 1.569529702970297080e+02 1.194965005121201784e+02
1.342632980539433163e+02 1.570491976783885377e+02 1.195556162512802985e+02
1.340423352680095661e+02 1.568562990781836675e+02 1.194321952884943698e+02
1.338022703994537324e+02 1.565790201433936488e+02 1.191937350631614834e+02
1.336539774667121776e+02 1.565099351314441662e+02 1.191468419255718629e+02
1.339058552406964964e+02 1.568433765790372263e+02 1.195781666097644234e+02
1.338369921474906050e+02 1.569476442471833479e+02 1.196376066917036525e+02
1.337035336292249781e+02 1.568015534312051784e+02 1.194917548651416865e+02
1.335699214749061241e+02 1.565709115739160211e+02 1.192054967565722023e+02
1.335655513827244931e+02 1.564984977808125564e+02 1.190244452031409992e+02
1.337326220553089797e+02 1.567000853533629083e+02 1.192000512120177547e+02
1.338681119836121525e+02 1.568360191191532920e+02 1.192246500512120235e+02
1.337947593035165710e+02 1.567374359849778216e+02 1.191496244452031448e+02
1.334295151928986058e+02 1.564809662000682806e+02 1.188378456811198305e+02
1.331210993513144558e+02 1.563672243086377591e+02 1.187702628883578058e+02
1.331963980880846634e+02 1.565859166951177883e+02 1.190188289518606979e+02
1.332062137248207705e+02 1.568513144417890146e+02 1.192265961078866496e+02
1.330716797541823269e+02 1.567574428132468540e+02 1.190974906111300839e+02
1.333791225674291638e+02 1.565533799931717169e+02 1.191656367360874071e+02
1.334612495732331752e+02 1.564579720040969733e+02 1.192209627859337644e+02
1.337986002048480714e+02 1.566245134858313293e+02 1.194636736087401800e+02
1.339621884602253203e+02 1.566057528166609814e+02 1.195692215773301399e+02
1.338962956640491768e+02 1.565313246841925547e+02 1.194520143393649647e+02
1.337088255377261987e+02 1.563973199044042417e+02 1.193150051212017786e+02
1.336881870945715320e+02 1.563969955616251184e+02 1.192715944008193958e+02
1.337737623762376131e+02 1.565437862751792295e+02 1.193373335609422980e+02
1.337634858313417681e+02 1.565780983270740876e+02 1.192999146466370775e+02
1.335130761351997251e+02 1.562256742915670884e+02 1.190207920792079221e+02
1.335105496756572165e+02 1.561906111300785369e+02 1.189615568453397003e+02
1.337381017412085953e+02 1.564487879822465004e+02 1.190996927278934834e+02
1.337926766814612449e+02 1.565336462956640560e+02 1.191557016046432267e+02
1.337717480368726513e+02 1.564277057016046513e+02 1.190794639808808455e+02
1.336844656879481192e+02 1.563326391259815580e+02 1.189035165585524112e+02
1.335808808467053552e+02 1.562950153636053301e+02 1.187736770228747076e+02
1.336743939911232530e+02 1.564378286104472409e+02 1.188827586206896569e+02
1.337778081256401492e+02 1.566191874359849692e+02 1.191131785592352372e+02
1.337858484124274412e+02 1.567034994878798102e+02 1.192377773984295004e+02
1.336082622055309059e+02 1.564857972004097064e+02 1.189605326049846354e+02
1.333991464663707802e+02 1.563514851485148540e+02 1.188417207237965130e+02
1.334533117104813869e+02 1.564404745646978370e+02 1.189087231136906837e+02
1.336153294639808848e+02 1.566054967565722222e+02 1.190989416182997616e+02
1.334394503243427721e+02 1.563873847729600470e+02 1.188410891089108929e+02
1.332091840218504615e+02 1.560858313417548686e+02 1.186050187777398435e+02
1.328571526118128929e+02 1.558128030044383650e+02 1.183698531922157713e+02
1.328012120177534996e+02 1.558859849778081355e+02 1.184448787982246500e+02
1.329402867872994136e+02 1.560778764083304964e+02 1.186626493683851180e+02
1.329962444520314193e+02 1.562310344827586164e+02 1.187766131785592307e+02
1.329683680437009343e+02 1.562382553772618508e+02 1.187845851826562011e+02
1.330190337999317194e+02 1.561837657903721492e+02 1.186673438033458581e+02
1.331029190850119619e+02 1.561877944691020730e+02 1.186638613861386204e+02
1.331495220211676269e+02 1.561587743257084355e+02 1.186603789689313828e+02
1.330939911232502482e+02 1.561046090815978289e+02 1.185028678729942015e+02
1.332101911915329424e+02 1.562312564015022076e+02 1.186441618299760989e+02
1.330300443837487308e+02 1.561959371799248970e+02 1.185831341754865207e+02
1.328745646978490811e+02 1.562886992147490730e+02 1.186501877773984290e+02
1.327913280983270852e+02 1.562605326049846326e+02 1.186283714578354420e+02
1.326195971321270122e+02 1.564443154660293658e+02 1.185513827244793390e+02
1.328010413110276602e+02 1.566289689313759084e+02 1.188004950495049457e+02
1.330177534994878670e+02 1.564258108569477770e+02 1.187819733697507729e+02
1.332341242744964234e+02 1.563890235575281622e+02 1.188991293956981963e+02
1.333665926937521249e+02 1.564064015022191825e+02 1.190051041311027689e+02
1.334237965175827867e+02 1.563245476271765142e+02 1.190267326732673325e+02
1.334146807784226780e+02 1.562626493683851265e+02 1.190530215090474542e+02
1.333664049163537015e+02 1.562761351997268662e+02 1.190395356777057003e+02
1.333088255377261930e+02 1.564044213041993885e+02 1.191273642881529469e+02
1.331495903038579627e+02 1.563781666097644347e+02 1.190490781836804359e+02
1.331335268009559627e+02 1.564318880163878589e+02 1.190437692045066598e+02
1.331095595766473139e+02 1.564108569477637332e+02 1.190702970297029708e+02
1.332829122567429181e+02 1.563732843974052571e+02 1.187890235575281679e+02
1.335079378627517883e+02 1.563650904745647097e+02 1.187683680437009173e+02
1.335333560942301006e+02 1.562980198019801890e+02 1.187485148514851545e+02
1.335981734380334558e+02 1.562882383065892782e+02 1.187509559576647291e+02
1.336554796858996212e+02 1.562792762034824250e+02 1.185964834414475888e+02
1.334905599180607680e+02 1.561616763400477907e+02 1.185989586889723455e+02
1.334334414475930259e+02 1.561767668146125061e+02 1.188167463298053974e+02
1.333366336633663423e+02 1.562190850119494598e+02 1.188868555821099307e+02
1.332217651075452238e+02 1.563593547285763066e+02 1.190004609081597806e+02
1.330291396381017535e+02 1.561477466712188402e+02 1.187922669853192161e+02
1.328912768863093277e+02 1.560951348583134290e+02 1.187824342779105535e+02
1.327842266985319100e+02 1.560440423352680170e+02 1.187500170706725839e+02
1.328256742915670827e+02 1.561640833048822117e+02 1.188668146124957303e+02
1.327623933082963390e+02 1.560746841925571857e+02 1.188806247866165933e+02
1.327148685558211127e+02 1.560477808125640138e+02 1.188249402526459590e+02
1.326689996585865572e+02 1.559942301126664290e+02 1.186428132468419250e+02
1.327608740184363398e+02 1.560570160464322385e+02 1.184802321611471427e+02
1.327930522362581200e+02 1.560246671218845904e+02 1.184317685216797571e+02
1.330143905769887454e+02 1.561518436326391281e+02 1.184695971321270065e+02
1.329772618641174518e+02 1.561157733014680673e+02 1.183603277569136196e+02
1.331913110276544785e+02 1.562044895868897356e+02 1.186244622738135917e+02
1.331043871628542092e+02 1.560646124957323195e+02 1.184829805394332567e+02
1.332305735745988500e+02 1.561565892796176058e+02 1.186298566063502875e+02
1.332433253670194517e+02 1.561701946056674615e+02 1.185736428815295369e+02
1.332449300102423990e+02 1.561107886650734144e+02 1.185375554796859063e+02
1.331202116763400340e+02 1.559549334243769181e+02 1.184001024240355093e+02
1.330962103106862457e+02 1.558967907135541111e+02 1.183056674632980503e+02
1.330848241720723877e+02 1.558920962785933853e+02 1.182701775349948718e+02
1.332052748378285969e+02 1.560173950153636042e+02 1.184087572550358516e+02
1.331389211334926586e+02 1.559359166951177826e+02 1.183730283373164838e+02
1.329941106179583414e+02 1.559009730283373187e+02 1.183267838852850815e+02
1.329479856606350268e+02 1.558783714578354420e+02 1.182160293615568492e+02
1.330553772618641233e+02 1.560329463980880860e+02 1.183854216456128370e+02
1.328484636394673828e+02 1.558529361556845458e+02 1.182366165926937498e+02
1.328945715261181419e+02 1.558864800273130697e+02 1.182844998292932672e+02
1.328628542164561281e+02 1.559510071696824980e+02 1.183132127005804080e+02
1.330166609764424663e+02 1.561196995561625158e+02 1.184984977808125706e+02
1.329657903721406740e+02 1.561228747012632425e+02 1.185472174803687295e+02
1.327967907135541168e+02 1.560624103789689343e+02 1.183918743598497798e+02
1.326196654148173479e+02 1.559542847388186999e+02 1.182692727893478946e+02
1.328387674974393917e+02 1.561025776715602547e+02 1.185203653123933094e+02
1.330086719016729262e+02 1.561633321952884899e+02 1.186910891089108873e+02
1.331499146466370860e+02 1.561860361898258702e+02 1.187544554455445507e+02
1.329427620348241703e+02 1.559464834414475831e+02 1.185798053943325385e+02
1.329380846705360284e+02 1.558976954592010884e+02 1.185348412427449603e+02
1.328755547968590065e+02 1.558965517241379359e+02 1.185772277227722782e+02
1.329442471833390300e+02 1.560586206896551857e+02 1.187558893820416586e+02
1.329682314783202344e+02 1.561029190850119619e+02 1.188441618299761018e+02
1.326496244452031306e+02 1.559170536019119027e+02 1.187168146124957389e+02
1.325229771252987234e+02 1.558061113007852612e+02 1.185317173096619996e+02
1.328086377603277697e+02 1.558749743939911241e+02 1.187422328439740511e+02
1.331567770570160576e+02 1.560895186070331135e+02 1.189692386480027295e+02
1.334643905769887340e+02 1.563284738818709343e+02 1.192183339023557522e+02
1.331929327415500097e+02 1.559389211334926699e+02 1.188347217480368698e+02
1.329609764424718321e+02 1.555150563332195190e+02 1.184378627517924230e+02
1.328244622738135945e+02 1.556256230795493423e+02 1.184187265278251999e+02
1.330595937179924988e+02 1.560843461932400089e+02 1.187823659952202178e+02
1.329318368043700787e+02 1.561972516217138889e+02 1.187967053601911971e+02
1.327146295664049092e+02 1.560635882553772547e+02 1.186099863434619266e+02
1.323575452372823520e+02 1.557708945032434258e+02 1.183068453397063848e+02
1.324275691362239797e+02 1.557146637077500770e+02 1.182808296346876062e+02
1.326220894503243528e+02 1.558642540116080681e+02 1.185483441447592980e+02
1.329132468419255702e+02 1.560595083646295791e+02 1.187382724479344489e+02
1.327367019460566837e+02 1.559208262205530957e+02 1.186565722089450361e+02
1.324625810856947794e+02 1.556048822123591719e+02 1.183246159098668500e+02
1.325878627517924144e+02 1.555686753158074396e+02 1.183584670536019132e+02
1.329482417207237859e+02 1.559248890406281873e+02 1.186727893479003058e+02
1.330228064185728840e+02 1.559682485489928183e+02 1.188047456469784890e+02
1.331182314783202401e+02 1.559754865141686651e+02 1.188097644247183382e+02
1.329895698190508710e+02 1.558589450324342920e+02 1.186696995561625130e+02
1.329020314100375515e+02 1.558373335609423123e+02 1.186911061795834712e+02
1.327235916695117908e+02 1.557140662342096391e+02 1.186336292249914663e+02
1.328408501194947178e+02 1.558280129737111679e+02 1.187658757255035908e+02
1.327688630932058800e+02 1.558420621372482060e+02 1.188473199044042303e+02
1.328318026630249165e+02 1.559117275520655426e+02 1.189327927620348220e+02
1.327063673608740260e+02 1.558279105496756642e+02 1.188189996585865487e+02
1.326011949470809270e+02 1.557268692386479927e+02 1.187185387504267737e+02
1.325113690679412741e+02 1.557141345168999749e+02 1.186637418914305186e+02
1.326247695459201168e+02 1.558430010242403512e+02 1.187606862410379023e+02
1.326846363946739586e+02 1.559188801638784696e+02 1.188296346876066849e+02
1.326389382041652425e+02 1.558809662000682863e+02 1.187185899624445256e+02
1.323470638443154712e+02 1.555488050529190787e+02 1.183636906794127697e+02
1.325345851826562011e+02 1.556424376920450641e+02 1.184676681461249643e+02
1.325897917377944566e+02 1.557684192557186691e+02 1.185240013656538025e+02
1.328268350973028475e+02 1.560128712871287178e+02 1.188179924889040677e+02
1.327657733014680730e+02 1.559643393649709822e+02 1.188069477637418885e+02
1.326631102765448986e+02 1.557933936497097989e+02 1.187309491293956967e+02
1.323244452031410106e+02 1.554558893820416472e+02 1.184356435643564396e+02
1.325876920450665750e+02 1.557498975759644964e+02 1.187507511095937218e+02
1.326890406282007575e+02 1.559374530556503942e+02 1.189398429498122169e+02
1.329361386138613739e+02 1.561163707750085337e+02 1.191343291225674221e+02
1.326761181290542879e+02 1.557383919426425507e+02 1.187802833731649059e+02
1.326353021509047494e+02 1.556502560600887648e+02 1.186367702287470109e+02
1.326038238306589392e+02 1.556095937179924817e+02 1.186244793444861756e+02
1.328975759644930008e+02 1.559279959030385783e+02 1.189170365312393329e+02
1.327476442471833309e+02 1.559458688972345612e+02 1.188524240355069992e+02
1.324958859679071281e+02 1.558605496756572109e+02 1.186880334585182624e+02
1.320880505291908378e+02 1.555635029020143349e+02 1.183462615227039976e+02
1.321588084670536034e+02 1.557632127005803966e+02 1.184783714578354363e+02
1.322472174803687324e+02 1.560323318538750357e+02 1.186652099692727944e+02
1.325039774667122003e+02 1.561996073745305580e+02 1.188068111983612170e+02
1.324751280300443739e+02 1.560508535336292368e+02 1.187546773642881561e+02
1.324305735745988386e+02 1.559037043359508345e+02 1.186069136223967178e+02
1.323881529532263528e+02 1.558511778764083431e+02 1.185702287470126350e+02
1.327277057016046342e+02 1.561394503243427891e+02 1.188096107886650685e+02
1.327324684192557243e+02 1.561035165585523998e+02 1.188847729600546330e+02
1.329204165244110527e+02 1.561074769545920162e+02 1.188804711505633378e+02
1.326909696142027997e+02 1.558682656196654079e+02 1.186827074086719023e+02
1.329382212359166999e+02 1.557594571526118159e+02 1.186032946398088086e+02
1.329899624445203017e+02 1.559086719016729319e+02 1.187327074086718994e+02
1.329869580061454428e+02 1.559017412086036245e+02 1.188809491293957024e+02
1.327886138613861249e+02 1.558603106862410357e+02 1.189400307272106545e+02
1.328698190508706034e+02 1.558954250597473674e+02 1.189842949812222628e+02
1.326628371457835556e+02 1.557170536019119140e+02 1.189987879822464976e+02
1.328517582792761971e+02 1.558928986002048589e+02 1.190606350290201476e+02
1.326246671218846132e+02 1.558447080914988021e+02 1.188955786958006087e+02
1.326135882553772660e+02 1.559838852850802198e+02 1.188996244452031448e+02
1.323200068282690438e+02 1.558565722089450389e+02 1.186365653806760037e+02
1.324550358484124217e+02 1.560702628883578029e+02 1.187339364970979858e+02
1.323576476613178556e+02 1.561279788323659830e+02 1.187551212017753528e+02
1.326943666780471176e+02 1.561644930010242263e+02 1.188338340730624765e+02
1.326212871287128792e+02 1.559570331171048281e+02 1.187465517241379303e+02
1.327398258791396302e+02 1.559508193922840462e+02 1.188286958006145397e+02
1.326936497097985637e+02 1.558693752133834209e+02 1.187258108569477599e+02
1.328641174462273682e+02 1.560663366336633544e+02 1.188826903379993212e+02
1.328476101058381573e+02 1.560697678388528402e+02 1.189006316148856257e+02
1.327549334243769295e+02 1.559657562307955061e+02 1.187029020143393581e+02
1.326188118811881225e+02 1.558658586548309870e+02 1.185585182656196679e+02
1.327324001365653885e+02 1.559576647319904339e+02 1.186227381358825568e+02
1.327490611130078548e+02 1.560104813929668808e+02 1.186858996244451987e+02
1.328489928303175134e+02 1.560685216797541841e+02 1.187558893820416586e+02
1.326408501194947007e+02 1.558363776032775831e+02 1.186058552406964850e+02
1.327947934448617389e+02 1.559050017070672709e+02 1.186322465005121245e+02
1.328290713554114006e+02 1.559620860361898167e+02 1.187367190167292534e+02
1.329349778081256375e+02 1.560518777739843017e+02 1.187821611471491963e+02
1.328265278251963082e+02 1.559828269033799870e+02 1.187428815295322693e+02
1.329012632297712457e+02 1.560225674291567088e+02 1.187438033458518305e+02
1.327896210310686342e+02 1.559865483100034282e+02 1.186689313758962072e+02
1.329010754523728224e+02 1.561270228747012538e+02 1.187794298395356805e+02
1.327831000341413414e+02 1.560996244452031476e+02 1.187538409013315146e+02
1.328855752816660925e+02 1.561097473540457372e+02 1.188624957323318512e+02
1.327125128030044436e+02 1.559600034141345191e+02 1.187396551724137908e+02
1.329139979515192920e+02 1.560764424718333885e+02 1.189192215773301484e+02
1.327181802663024826e+02 1.558797371116421857e+02 1.187976954592010941e+02
1.327837828610447275e+02 1.559310344827586334e+02 1.188183680437009286e+02
1.327777569136223974e+02 1.559534482758620584e+02 1.188136736087401886e+02
1.329271765107545207e+02 1.560983953567770470e+02 1.188840218504609112e+02
1.328644930010242433e+02 1.560356777057016018e+02 1.187874359849778045e+02
1.328464663707750049e+02 1.559779788323660057e+02 1.186430863776032822e+02
1.327523386821440852e+02 1.558016387845680981e+02 1.186117104813929615e+02
1.329589791737794542e+02 1.560250768180266334e+02 1.188146295664049177e+02
1.329199897575964542e+02 1.560120006828269084e+02 1.187691532946398070e+02
1.329164049163537129e+02 1.559403721406623333e+02 1.185797712529873706e+02
1.328346022533287680e+02 1.558585353362922490e+02 1.185289347900307320e+02
1.331276715602594720e+02 1.561019972686924007e+02 1.186951348583134234e+02
1.330783714578354306e+02 1.561202970297029822e+02 1.188702116763400483e+02
1.328967224308637753e+02 1.558729259132809943e+02 1.187851485148514854e+02
1.326915500170706821e+02 1.556759815636736164e+02 1.186333390235575251e+02
1.330039091840218646e+02 1.559971150563332287e+02 1.189747183339023593e+02
1.330824854899283025e+02 1.561209286445885880e+02 1.190961420279959100e+02
1.331370945715261200e+02 1.561580573574598816e+02 1.190855752816660953e+02
1.328494708091498921e+02 1.558744281324684096e+02 1.188004438374871938e+02
1.328018436326391338e+02 1.558288494366678094e+02 1.186219187435984992e+02
1.328586206896551687e+02 1.559086719016729319e+02 1.187598497780812608e+02
1.328884602253328922e+02 1.559065551382724379e+02 1.187075452372823463e+02
1.326290884260839960e+02 1.556971321270058013e+02 1.184607374530556569e+02
1.327031410037555474e+02 1.557551041311027689e+02 1.184605326049846354e+02
1.327050017070672538e+02 1.558290372140662328e+02 1.185270228747012595e+02
1.326455104131102871e+02 1.558291908501194882e+02 1.184703653123933123e+02
1.326598497780812522e+02 1.559010925230454063e+02 1.186073062478661626e+02
1.326438716285421719e+02 1.558560259474223244e+02 1.185752816660976379e+02
1.324634175486514209e+02 1.556994025264595507e+02 1.183796005462615284e+02
1.324791908501194939e+02 1.556651587572550284e+02 1.183591840218504672e+02
1.326385797200409797e+02 1.558969272789347826e+02 1.185899624445203102e+02
1.327819392284056050e+02 1.560300785250938986e+02 1.186998975759644992e+02
1.327516387845681152e+02 1.557931205189484558e+02 1.186233697507681768e+02
1.328160805735745953e+02 1.556664049163537129e+02 1.185227381358825482e+02
1.327412256742915702e+02 1.555074598839194380e+02 1.183830146807784161e+02
1.330335097302833844e+02 1.557290372140662384e+02 1.187361727552065531e+02
1.329844998292932701e+02 1.556765448958688864e+02 1.187138272447934497e+02
1.328518607033117007e+02 1.557367360874018516e+02 1.187068965517241423e+02
1.323388869921474793e+02 1.554987709115739278e+02 1.183494025264595422e+02
1.322544383748719667e+02 1.555203311710481273e+02 1.182868043700921845e+02
1.320903209286445872e+02 1.557542676681461273e+02 1.183371628542164586e+02
1.322853533629225069e+02 1.560357801297371054e+02 1.185794810515534294e+02
1.321567599863434737e+02 1.558766985319221590e+02 1.184126152270399501e+02
1.321106350290201306e+02 1.556366848753840770e+02 1.181955786958006200e+02
1.319567941276886245e+02 1.554201946056674615e+02 1.180130932058723090e+02
1.322786958006145426e+02 1.556851826561966448e+02 1.182285080232161079e+02
1.325290201433936375e+02 1.559319562990781947e+02 1.185181631956299100e+02
1.328687606691703706e+02 1.561777057016046513e+02 1.187747354045749404e+02
1.327018948446568913e+02 1.558100887674974331e+02 1.184957835438716245e+02
1.325615568453397088e+02 1.555829976101058492e+02 1.182316490269716667e+02
1.326445885967907259e+02 1.556531580744281200e+02 1.183150221918743625e+02
1.331495220211676269e+02 1.561244281324684096e+02 1.187624957323318569e+02
1.330180778422669903e+02 1.560907647661317981e+02 1.187780300443837547e+02
1.326531410037555361e+02 1.558261693410720454e+02 1.185029873677022891e+02
1.320127347217480462e+02 1.553528166609764298e+02 1.180157733014680730e+02
1.321127517924206245e+02 1.554240184363263779e+02 1.180436155684533901e+02
1.321506998975759757e+02 1.556692727893479002e+02 1.182631614885626448e+02
1.326413622396722474e+02 1.561719870262888321e+02 1.187488391942642494e+02
1.324839364970979716e+02 1.558777910549675596e+02 1.185711676340047802e+02
1.321971491976783852e+02 1.554812393308296237e+02 1.182245305565039217e+02
1.319370945715261314e+02 1.551396893137589643e+02 1.179258279276203467e+02
1.324394161829976042e+02 1.556531068624103682e+02 1.184195459201092575e+02
1.327823489245476196e+02 1.561374871969955507e+02 1.189114373506316156e+02
1.328078354387162960e+02 1.561833560942301062e+02 1.189468248548992761e+02
1.321549675657221030e+02 1.554599522021167672e+02 1.182725503584841249e+02
1.320341072038238224e+02 1.553264936838511403e+02 1.180711847046773642e+02
1.322668658245134736e+02 1.556223113690679440e+02 1.183804199385455718e+02
1.326863093205872417e+02 1.560899624445203244e+02 1.188339023557528122e+02
1.323903209286445986e+02 1.560394503243427664e+02 1.188006657562307993e+02
1.322347388187094452e+02 1.557440594059405896e+02 1.186104643222943054e+02
1.319556162512803041e+02 1.555058040286787389e+02 1.184104472516217186e+02
1.320553089791737875e+02 1.555326732673267429e+02 1.184494708091498865e+02
1.322619836121543244e+02 1.556942471833390300e+02 1.184920279959030438e+02
1.325914305223625718e+02 1.559978490952543666e+02 1.187340047797883216e+02
1.323456128371457794e+02 1.557325367019460600e+02 1.185012290884260864e+02
1.321872823489245548e+02 1.554931888016387802e+02 1.182816148856264959e+02
1.322313417548651557e+02 1.555249231819733780e+02 1.182947080914988049e+02
1.325787811539774737e+02 1.559338852850802368e+02 1.186525947422328500e+02
1.325512632297712514e+02 1.559653636053260470e+02 1.187126835097302830e+02
1.323666268350972928e+02 1.558530044383748816e+02 1.185477808125640138e+02
1.319765790372140657e+02 1.554963468760669230e+02 1.182967907135541168e+02
1.320019801980197940e+02 1.555550017070672482e+02 1.183602594742232839e+02
1.321219870262888492e+02 1.557199044042335174e+02 1.184480710139979465e+02
1.322485319221577242e+02 1.558309149880505231e+02 1.185726015705018739e+02
1.320810344827586107e+02 1.558036360532605045e+02 1.185250768180266334e+02
1.320706896551724014e+02 1.560748890406281930e+02 1.186568282690337952e+02
1.322295493342437567e+02 1.563199214749061241e+02 1.189237111642198670e+02
1.324865312393308159e+02 1.562941447593035207e+02 1.193746841925571829e+02
1.325998634346193228e+02 1.560888357801297275e+02 1.197210993513144359e+02
1.328533287811539765e+02 1.560074086719016861e+02 1.200556162512802985e+02
1.328198019801980081e+02 1.558055308979173788e+02 1.200734038921133475e+02
1.328005121201775296e+02 1.556482417207238029e+02 1.200563673608740203e+02
1.328413110276544842e+02 1.554747354045749432e+02 1.199610105838170000e+02
1.331291567087743317e+02 1.555578354387162960e+02 1.199219870262888321e+02
1.333201775349948832e+02 1.556415158757255028e+02 1.200216456128371476e+02
1.335554626152270430e+02 1.558774496415158808e+02 1.200837316490269728e+02
1.333167634004779813e+02 1.556090133151246278e+02 1.198291908501194882e+02
1.333716626835097259e+02 1.554157050187777429e+02 1.198415500170706736e+02
1.334296858996244453e+02 1.553043530215090584e+02 1.199383578012973715e+02
1.338503584841242855e+02 1.555886650734038881e+02 1.203722089450324404e+02
1.338163537043359383e+02 1.556007852509388840e+02 1.204699897575964513e+02
1.337060259474223187e+02 1.554423523386821557e+02 1.204026459542506018e+02
1.335940081939228321e+02 1.553194434960737453e+02 1.203312564015022161e+02
1.335115056333219457e+02 1.552881188118811906e+02 1.201781153977466658e+02
1.335648173438033552e+02 1.552605155343120487e+02 1.202528678729942015e+02
1.336738818709457064e+02 1.554064185728917664e+02 1.203980539433253654e+02
1.336190508706042976e+02 1.553589621031068759e+02 1.204771252987367660e+02
1.336171389552748394e+02 1.555093547285763123e+02 1.202768521679754201e+02
1.333572208945032571e+02 1.554292591328098467e+02 1.200037896893137628e+02
1.334991635370433585e+02 1.556078695800614469e+02 1.200433082963468792e+02
1.333068111983612027e+02 1.554558040286787275e+02 1.197775179242062080e+02
1.334631614885626618e+02 1.555279617616934047e+02 1.198510071696824895e+02
1.332683168316831654e+02 1.554353704335950965e+02 1.197090133151246221e+02
1.333547797883236683e+02 1.556072208945032571e+02 1.198724650051211995e+02
1.333421645612837096e+02 1.556807442813246780e+02 1.200420621372482088e+02
1.333024240355069878e+02 1.556304540798907396e+02 1.198847388187094509e+02
1.329758108569477599e+02 1.553540628200751144e+02 1.196786787299419643e+02
1.330863093205872190e+02 1.554015705018777851e+02 1.198076476613178585e+02
1.332296688289518727e+02 1.555511778764083317e+02 1.201340730624786630e+02
1.335357118470467697e+02 1.558165244110618062e+02 1.204537726186411675e+02
1.333273472174803658e+02 1.556271765107545377e+02 1.202179583475588913e+02
1.331515022191874493e+02 1.553759132809832693e+02 1.200071184704677307e+02
1.330699385455787080e+02 1.552592523045408086e+02 1.197894673950153646e+02
1.333799931717309732e+02 1.556469102082621987e+02 1.202066234209627851e+02
1.336405257767156058e+02 1.559567429156708727e+02 1.205168999658586557e+02
1.337051382724479254e+02 1.560120006828269084e+02 1.205507169682485511e+02
1.333056674632980503e+02 1.555850802321611468e+02 1.201494025264595393e+02
1.332736770228746934e+02 1.554851826561966561e+02 1.199318197336975089e+02
1.332797200409696075e+02 1.554999317173096642e+02 1.199625810856947794e+02
1.337303687265278143e+02 1.558913110276544955e+02 1.204225162171389485e+02
1.338755377261864226e+02 1.559985489928303082e+02 1.206577159440081886e+02
1.337238648002731338e+02 1.557841584158415742e+02 1.204045407989074761e+02
1.332509900990098970e+02 1.552788494366677980e+02 1.199962273813588212e+02
1.332794469102082644e+02 1.554645612837145734e+02 1.199778764083304878e+02
1.334869409354728589e+02 1.558642710822806521e+02 1.204412598156367409e+02
1.336086036189825847e+02 1.561776715602594834e+02 1.207020826220553147e+02
1.333483953567770470e+02 1.559343974052577551e+02 1.204393820416524363e+02
1.329621713895527364e+02 1.554767156025947372e+02 1.201022191874359919e+02
1.326654489586889838e+02 1.553095937179924988e+02 1.199660635029020170e+02
1.329905769887333520e+02 1.556293274155001711e+02 1.203827927620348248e+02
1.333049163537043285e+02 1.560793786275179116e+02 1.210206213724820827e+02
1.333304711505633406e+02 1.560205018777739951e+02 1.210299931717309647e+02
1.328888187094571549e+02 1.556458347558893820e+02 1.203042164561283727e+02
1.329846534653465255e+02 1.556890576988733415e+02 1.200431717309661934e+02
1.330827244793444777e+02 1.558526118129054225e+02 1.200328781153977502e+02
1.333059405940593933e+02 1.562159098668487616e+02 1.198790030727210620e+02
1.334094230112666537e+02 1.563871628542164558e+02 1.200418572891771873e+02
1.332533970638443179e+02 1.562129395698190422e+02 1.199562307954933402e+02
1.328975076818026650e+02 1.558106862410378994e+02 1.196544554455445564e+02
1.330729259132809830e+02 1.559341072038238281e+02 1.199977466712188487e+02
1.333090815978149521e+02 1.562290201433936545e+02 1.203375554796859035e+02
1.333913963810174153e+02 1.563387845681119757e+02 1.204535677705701602e+02
1.331852167975418126e+02 1.560163537043359554e+02 1.200251963127347210e+02
1.332422328439740511e+02 1.558074428132468370e+02 1.197415841584158471e+02
1.333972004096961541e+02 1.559462615227039919e+02 1.198825196312734676e+02
1.337173267326732571e+02 1.560895015363605296e+02 1.201799419597132186e+02
1.337263229771253066e+02 1.560202799590303755e+02 1.201160805735745924e+02
1.336703994537384688e+02 1.560172072379651809e+02 1.202909866848753779e+02
1.333531239330829692e+02 1.556979173779446910e+02 1.201221577330146744e+02
1.332471321270058127e+02 1.556506828269033917e+02 1.201094742232843942e+02
1.332363605326049765e+02 1.557319221577330097e+02 1.202208603618982607e+02
1.335422328439740625e+02 1.560370092181632060e+02 1.205625810856947737e+02
1.332959542505974753e+02 1.558601399795151963e+02 1.203152782519631216e+02
1.331348753840901225e+02 1.556481905087060511e+02 1.200385967907135552e+02
1.329240867190167421e+02 1.554106008876749740e+02 1.198136736087401886e+02
1.330948275862068897e+02 1.555912086036189805e+02 1.200178729941959688e+02
1.333010413110276602e+02 1.558020314100375572e+02 1.203056503926254663e+02
1.334805906452714339e+02 1.559738306589279659e+02 1.205377432570843297e+02
1.332352338682144079e+02 1.555970297029703033e+02 1.202957323318538698e+02
1.330083646295664153e+02 1.553379651758279181e+02 1.200324001365653857e+02
1.331561625128030073e+02 1.554340047797883244e+02 1.202279617616934075e+02
1.336424889040628159e+02 1.559486002048480771e+02 1.206427620348241732e+02
1.336966370775008670e+02 1.560339194264253990e+02 1.207225844998292956e+02
1.336730795493342328e+02 1.560046261522703901e+02 1.205842437692045053e+02
1.336398258791396358e+02 1.559628030044383706e+02 1.204761522703994530e+02
1.341368385114373609e+02 1.565376579037213958e+02 1.209296005462615256e+02
1.347474223284397397e+02 1.571803687265278313e+02 1.215663024923182007e+02
1.351601399795151792e+02 1.575899795151929084e+02 1.220609935131444246e+02
1.346599180607715880e+02 1.571187094571526188e+02 1.216782861044725195e+02
1.338759815636736050e+02 1.563803857972004039e+02 1.208637248207579376e+02
1.334806247866166018e+02 1.559861215431888013e+02 1.204985489928303224e+02
1.338317173096619968e+02 1.563317514510071646e+02 1.208071355411403260e+02
1.339136565380676132e+02 1.563598839194264372e+02 1.208557186753158135e+02
1.338139467395015458e+02 1.561933253670194688e+02 1.206973540457494067e+02
1.335797883236599546e+02 1.560752475247524842e+02 1.202066234209627851e+02
1.337031410037555474e+02 1.561841925571867478e+02 1.202570501877773950e+02
1.337644417890064972e+02 1.562248036872652790e+02 1.204245988391942603e+02
1.338683851143734955e+02 1.564299078183680365e+02 1.204968589962444554e+02
1.338635029020143463e+02 1.564431205189484331e+02 1.204058723113690661e+02
1.337631273472174769e+02 1.563399112325025726e+02 1.202806418572891829e+02
1.336518094912939603e+02 1.563309832707408589e+02 1.202242574257425787e+02
1.338265107545237242e+02 1.564697678388528459e+02 1.202940081939228349e+02
1.339479173779446910e+02 1.565873506316148962e+02 1.203545407989074789e+02
1.343174803687265353e+02 1.569242403550699976e+02 1.206926254694434988e+02
1.342764083304882092e+02 1.569002389894161809e+02 1.206312051894844615e+02
1.342140833048822230e+02 1.566772447934448564e+02 1.204293444861727522e+02
1.339206555138272563e+02 1.563805735745988272e+02 1.200604984636394619e+02
1.339353533629225126e+02 1.565956469784909473e+02 1.205659440081939238e+02
1.339925059747353941e+02 1.570831853875042725e+02 1.212447763741891436e+02
1.337872823489245491e+02 1.569569989757596318e+02 1.212637931034482790e+02
1.327308125640150251e+02 1.559405428473882012e+02 1.202368214407647713e+02
1.325866165926937583e+02 1.557214066234209611e+02 1.200617616934107161e+02
1.331388016387845710e+02 1.562005633321952871e+02 1.205905940594059444e+02
1.339589108910891184e+02 1.568920962785933853e+02 1.211930180949129436e+02
1.337513997951519400e+02 1.565555308979173788e+02 1.209111130078525065e+02
1.332846534653465369e+02 1.556307442813246951e+02 1.199158927961761663e+02
1.330950836462956772e+02 1.553771594400819254e+02 1.198082622055308946e+02
1.334254523728234858e+02 1.558107715944008191e+02 1.203015534312051926e+02
1.337349607374530649e+02 1.566045407989074647e+02 1.208693752133834067e+02
1.339406111300785369e+02 1.568144930010242319e+02 1.211106008876749769e+02
1.331166780471150446e+02 1.559649197678388646e+02 1.201948958688972340e+02
1.329242062137248297e+02 1.557641174462273739e+02 1.199017753499487924e+02
1.330871969955616123e+02 1.560708432912256853e+02 1.201457152611812944e+02
1.335087572550358459e+02 1.567045237282349035e+02 1.206038750426766768e+02
1.332991293956982020e+02 1.565786104472516342e+02 1.205449129395698122e+02
1.328120860361898394e+02 1.560975759644929894e+02 1.199224991464663646e+02
1.323920962785933853e+02 1.556276715602594720e+02 1.193405769887333605e+02
1.327101741208603585e+02 1.558730283373164980e+02 1.198271765107545264e+02
1.329949812222601508e+02 1.563086719016729376e+02 1.203949470809149886e+02
1.329293103448275986e+02 1.562165073403891995e+02 1.202734892454762701e+02
1.321341925571867648e+02 1.553070501877774063e+02 1.194731136906794120e+02
1.318540286787299465e+02 1.549447763741891322e+02 1.190858484124274526e+02
1.320157562307954890e+02 1.551243598497780738e+02 1.191606862410378938e+02
1.325791567087743204e+02 1.556818197336974947e+02 1.197090645271423739e+02
1.325970297029703033e+02 1.557092864458859651e+02 1.197687265278251942e+02
1.322557357459884031e+02 1.553101570501877688e+02 1.192482587913963812e+02
1.318274496415158694e+02 1.547998634346193114e+02 1.187088767497439363e+02
1.320249573233185458e+02 1.550588596790713609e+02 1.190335609423011221e+02
1.323893991123250373e+02 1.555660122908842595e+02 1.196482929327415548e+02
1.323309662000682749e+02 1.555423352680095661e+02 1.196728917719358094e+02
1.316306759986343593e+02 1.548635882553772660e+02 1.190506486855582153e+02
1.313102424035506886e+02 1.544209286445885994e+02 1.186416182997610065e+02
1.315030215090474428e+02 1.545172584499829327e+02 1.187517753499487867e+02
1.318650051212017615e+02 1.547259815636735993e+02 1.190532604984636436e+02
1.319600375554796869e+02 1.547714066234209724e+02 1.191063332195288496e+02
1.316997439399112295e+02 1.543537896893137713e+02 1.187348753840901310e+02
1.314323659952202092e+02 1.539502902014339440e+02 1.184189484465687912e+02
1.314490099009900916e+02 1.539952372823489384e+02 1.183863605326049822e+02
1.317515705018777794e+02 1.543729088426084104e+02 1.188034312051894830e+02
1.319447593035165482e+02 1.545496415158757202e+02 1.190261864117446180e+02
1.316863605326049935e+02 1.542789177193581338e+02 1.188017241379310320e+02
1.314587743257084469e+02 1.540111130078525150e+02 1.185182826903379976e+02
1.313925913280983195e+02 1.540239672243086488e+02 1.185639808808466995e+02
1.315366848753840827e+02 1.542098497780812636e+02 1.186688118811881196e+02
1.315528678729941987e+02 1.543449812222601452e+02 1.187541311027654558e+02
1.316286616592693690e+02 1.544354557869580162e+02 1.189043871628542206e+02
1.313900648685558110e+02 1.541642881529532190e+02 1.187620689655172441e+02
1.312355069989757510e+02 1.539707067258449911e+02 1.185532604984636436e+02
1.311790542847388110e+02 1.539304711505633350e+02 1.185881017412086038e+02
1.314251451007169749e+02 1.541653636053260357e+02 1.188683680437009258e+02
1.313380334585182538e+02 1.541587572550358516e+02 1.189149880505291890e+02
1.311986684875384128e+02 1.539559918060771508e+02 1.187212017753499538e+02
1.310897063844315369e+02 1.537794639808808483e+02 1.184313246841925604e+02
1.312058723113690633e+02 1.538904062820075183e+02 1.183267326732673297e+02
1.314793103448275815e+02 1.541812222601570568e+02 1.185627517924206273e+02
1.316670536019119027e+02 1.543201092523045475e+02 1.185876066917036553e+02
1.315033287811539822e+02 1.540727722772277275e+02 1.184707920792079250e+02
1.313017412086036302e+02 1.539568453397063763e+02 1.181521679754182372e+02
1.312158415841584258e+02 1.539680095595766431e+02 1.180823830658927989e+02
1.312903038579719919e+02 1.542690679412768873e+02 1.181444861727552080e+02
1.313326732673267259e+02 1.544045407989074761e+02 1.182791054967565714e+02
1.312193922840559992e+02 1.543136223967224225e+02 1.180605667463298118e+02
1.311260157050187729e+02 1.540481051553431087e+02 1.179472174803687210e+02
1.312473540457494039e+02 1.539586548310003309e+02 1.179066234209627879e+02
1.313113861386138694e+02 1.539670023898941622e+02 1.180744452031410106e+02
1.316119494708091509e+02 1.538810515534312060e+02 1.182696142027995876e+02
1.315850802321611468e+02 1.539430522362580973e+02 1.183336633663366371e+02
1.312029020143393723e+02 1.537226357118470332e+02 1.181889040628200718e+02
1.309151246159098605e+02 1.535203823830658791e+02 1.179902355752816732e+02
1.309296346876066934e+02 1.537013997951519286e+02 1.180635370433595028e+02
1.308967053601911914e+02 1.538516046432229416e+02 1.182382212359166971e+02
1.309454250597473504e+02 1.539447080914987964e+02 1.183087913963810109e+02
1.308877261864117543e+02 1.537896039603960503e+02 1.182460396039603978e+02
1.310022533287811655e+02 1.536024581768521671e+02 1.180768180266302494e+02
1.310572208945032457e+02 1.535313417548651387e+02 1.180184021850460852e+02
1.312577500853533650e+02 1.536405769887333577e+02 1.180167463298054003e+02
1.313370433595083568e+02 1.537331171048139424e+02 1.181604301809491346e+02
1.311216285421645580e+02 1.535985148514851346e+02 1.180932912256742924e+02
1.308673608740184306e+02 1.533070672584499903e+02 1.180043018094912952e+02
1.307412598156367380e+02 1.532070160464322157e+02 1.178879651758279294e+02
1.307869921474906221e+02 1.533524411061795831e+02 1.179989416182997672e+02
1.310362239672243163e+02 1.536082622055309059e+02 1.182628883578013017e+02
1.308104813929668921e+02 1.534006828269033917e+02 1.177764766131785592e+02
1.304465687948105028e+02 1.529006828269033917e+02 1.170787299419597076e+02
1.304629566404916261e+02 1.528513144417890146e+02 1.170479685899624513e+02
1.308555821099351419e+02 1.532475588938204112e+02 1.173568453397063820e+02
1.310934619324001460e+02 1.535195459201092660e+02 1.175456640491635341e+02
1.307835609423011363e+02 1.531994025264595507e+02 1.175182826903379976e+02
1.301836804370092295e+02 1.526482075793786350e+02 1.170709457152611748e+02
1.300008364629566415e+02 1.525915841584158557e+02 1.170754353021509075e+02
1.302496756572209051e+02 1.530748378286104412e+02 1.175697849095254384e+02
1.304437009218163155e+02 1.533862068965517267e+02 1.178836462956640503e+02
1.304887504267668135e+02 1.532240184363263893e+02 1.176752645954250625e+02
1.303620518948446545e+02 1.526412598156367437e+02 1.171405428473881898e+02
1.303066917036531152e+02 1.524828951860703228e+02 1.169435984977808118e+02
1.308527313076135101e+02 1.530231307613520073e+02 1.173623933082963475e+02
1.311338340730624736e+02 1.532875042676681403e+02 1.176859679071355345e+02
1.309899453738477177e+02 1.532842779105496618e+02 1.175864629566404886e+02
1.302563673608740089e+02 1.525911573916012287e+02 1.168827927620348248e+02
1.299921133492659635e+02 1.522766131785592449e+02 1.165877091157391590e+02
1.302963468760669059e+02 1.527613178559235223e+02 1.170215090474564761e+02
1.308252475247524842e+02 1.532965687948105256e+02 1.176353533629225012e+02
1.307875725503584761e+02 1.532923523386821500e+02 1.174583134175486521e+02
1.303455616251280276e+02 1.527875213383407242e+02 1.166930863776032794e+02
1.298046944349607372e+02 1.522661147149197802e+02 1.161208091498805004e+02
1.302100204848071030e+02 1.528067429156708670e+02 1.165442642540116083e+02
1.308868726527825288e+02 1.536018948446568686e+02 1.173341584158415856e+02
1.308080402867873033e+02 1.534648173438033325e+02 1.174199214749061042e+02
1.301286958006145369e+02 1.527126493683851152e+02 1.168394844656879457e+02
1.295395015363605467e+02 1.521220553089791849e+02 1.162588255377261817e+02
1.295784226698531825e+02 1.521635711847046650e+02 1.164311369067941229e+02
1.300869409354728532e+02 1.527341584158415912e+02 1.170537896893137599e+02
1.301554455445544534e+02 1.527677022874701152e+02 1.170771935814271103e+02
1.301164561283714534e+02 1.526384090133151119e+02 1.168360874018436277e+02
1.298872140662342076e+02 1.524199897575964542e+02 1.164028508023216091e+02
1.301064868555821192e+02 1.526312051894844615e+02 1.165513827244793390e+02
1.304608910891089124e+02 1.530067770570160519e+02 1.169519119153294611e+02
1.305142881529532133e+02 1.530986172755206667e+02 1.170306077159440150e+02
1.301355752816660925e+02 1.528601229088426123e+02 1.167239672243086375e+02
1.296561966541481752e+02 1.525118129054284850e+02 1.162791396381017393e+02
1.296198019801980195e+02 1.526020826220553204e+02 1.163555821099351277e+02
1.299982929327415491e+02 1.530491635370433698e+02 1.168768180266302465e+02
1.303066063502901955e+02 1.533518436326391168e+02 1.170980368726527843e+02
1.302378115397746683e+02 1.531439569819050917e+02 1.167247354045749432e+02
1.298246500512120178e+02 1.525712529873676999e+02 1.161569819050870649e+02
1.298242062137248070e+02 1.525698873335609562e+02 1.157673608740184363e+02
1.303439399112324963e+02 1.532473881870945718e+02 1.165090815978149550e+02
1.305551382724479481e+02 1.534304199385455831e+02 1.168636394673950178e+02
1.302573233185387380e+02 1.530872311369067802e+02 1.166876408330488175e+02
1.298518094912939489e+02 1.525257937862751874e+02 1.163189313758962129e+02
1.298122055308979270e+02 1.524058893820416642e+02 1.164035677705701630e+02
1.301353192215773333e+02 1.528311198361215304e+02 1.167314953909183970e+02
1.303824854899283139e+02 1.530112666439057705e+02 1.170442130419938565e+02
1.302215431888016326e+02 1.527226015705018654e+02 1.167863434619324039e+02
1.299021167634004712e+02 1.522497097985660730e+02 1.165257084329122534e+02
1.299908501194946950e+02 1.523388528508023114e+02 1.165815295322635734e+02
1.302018607033117235e+02 1.526029532263571298e+02 1.167842779105496760e+02
1.299788835780129830e+02 1.525638613861386261e+02 1.166889552748378236e+02
1.295986855582110024e+02 1.523549504950495077e+02 1.164040798907476955e+02
1.295576818026630121e+02 1.524326903379993041e+02 1.164850290201434007e+02
1.294468248548992904e+02 1.524041823147832133e+02 1.163536189825879177e+02
1.294672925913280892e+02 1.524436667804711476e+02 1.164371116421987011e+02
1.296241891430522344e+02 1.524919938545578759e+02 1.165001536360532555e+02
1.297931717309662076e+02 1.524550358484124217e+02 1.165536701946056724e+02
1.298245817685216821e+02 1.525074769545920219e+02 1.166391942642540158e+02
1.298844656879481079e+02 1.525016729259132831e+02 1.167315807442813309e+02
1.299032434277910681e+02 1.524574940252645945e+02 1.166582792762034870e+02
1.297587401843632620e+02 1.523907306247866131e+02 1.164738648002731338e+02
1.295423011266643982e+02 1.523993854557869554e+02 1.165128030044383678e+02
1.294430522362580973e+02 1.525128030044383820e+02 1.165498122226015738e+02
1.293703823830659019e+02 1.526442301126664347e+02 1.167291396381017421e+02
1.292255377261864169e+02 1.524694093547285831e+02 1.165743257084329088e+02
1.292599351314441662e+02 1.524259986343462003e+02 1.164863605326049907e+02
1.295179242062137348e+02 1.525064527142369286e+02 1.163947080914987993e+02
1.296009900990098913e+02 1.524687948105155328e+02 1.163305223625810925e+02
1.297223625810856902e+02 1.525661317855923471e+02 1.163725844998292871e+02
1.297865653806759951e+02 1.525559064527142255e+02 1.164017241379310406e+02
1.296835268009559456e+02 1.524858825537726261e+02 1.162260669170365333e+02
1.294477808125640195e+02 1.523347729600546359e+02 1.160614714919767891e+02
1.294088426083987713e+02 1.523024581768521557e+02 1.159729941959713244e+02
1.295186241037896764e+02 1.524430693069306813e+02 1.161449812222601565e+02
1.295488562649368305e+02 1.525541140320928548e+02 1.161934107203823885e+02
1.297664731990440430e+02 1.525178559235233990e+02 1.162557186753158049e+02
1.300057698873335710e+02 1.523636394673950178e+02 1.161920792079207985e+02
1.300299078183680308e+02 1.522727210652099643e+02 1.161615227039945353e+02
1.302214236940935450e+02 1.522139467395015231e+02 1.161408159781495328e+02
1.304443154660293658e+02 1.523501536360532498e+02 1.163412768863093163e+02
1.300668487538409011e+02 1.523972004096961541e+02 1.162840559918060706e+02
1.294555991806077202e+02 1.521877603277569051e+02 1.159828781153977530e+02
1.292729429839535555e+02 1.521696312734721630e+02 1.159123079549334250e+02
1.291503243427791006e+02 1.522961420279958986e+02 1.159601229088426066e+02
1.293769375213383341e+02 1.527540969614202879e+02 1.163549504950495077e+02
1.296688460225333017e+02 1.528356264936838613e+02 1.165243257084329116e+02
1.295547627176510730e+02 1.525323318538750357e+02 1.162765790372140629e+02
1.294452714236940949e+02 1.523224650051211881e+02 1.160412768863093191e+02
1.296780812564014980e+02 1.524819392284055937e+02 1.162643905769887311e+02
1.299945203141003844e+02 1.528153123933082895e+02 1.165916182997610093e+02
1.301089621031068759e+02 1.529451519289860073e+02 1.166321782178217887e+02
1.297696995561625215e+02 1.525984807101399667e+02 1.162014510071696805e+02
1.295572038238306618e+02 1.523893649709798694e+02 1.158759474223284371e+02
1.296261181290542766e+02 1.525374530556503885e+02 1.159299761010583865e+02
1.299294639808808540e+02 1.528611471491976772e+02 1.162685216797541869e+02
1.300655343120518808e+02 1.530005633321952985e+02 1.163195117787640811e+02
1.300308637760327883e+02 1.528802321611471484e+02 1.161695800614544254e+02
1.298210993513144444e+02 1.525579720040969676e+02 1.158810174120860381e+02
1.300338170023898954e+02 1.526197166268350998e+02 1.159189313758962072e+02
1.303965005121201841e+02 1.531242574257425701e+02 1.164388016387845681e+02
1.305830658927961849e+02 1.533342437692045053e+02 1.166584841242744943e+02
1.303467907135541282e+02 1.529586377603277469e+02 1.167148002731307628e+02
1.301589962444520268e+02 1.527224650051211938e+02 1.164727210652099672e+02
1.301927278934790024e+02 1.527956299078183804e+02 1.164286104472516286e+02
1.305882553772618735e+02 1.531999317173096529e+02 1.170223967224308694e+02
1.306003755547968694e+02 1.534337657903721492e+02 1.172588938204165174e+02
1.304627859337657867e+02 1.532719699556162425e+02 1.172074769545920105e+02
1.300905428473881784e+02 1.528976783885285045e+02 1.167077500853533678e+02
1.301270058040286699e+02 1.528701946056674501e+02 1.167344827586206861e+02
1.304776544895868824e+02 1.533476101058381573e+02 1.170569306930693045e+02
1.307220723796517632e+02 1.535396893137589700e+02 1.173603106862410357e+02
1.306562820075110949e+02 1.535328610447251663e+02 1.171736599522021152e+02
1.303053943325367072e+02 1.532168658245134907e+02 1.167579378627517883e+02
1.302042505974735320e+02 1.531261010583816926e+02 1.166340559918060791e+02
1.304449129395698321e+02 1.534073916012290795e+02 1.168622567429156760e+02
1.309727552065551492e+02 1.539231136906794006e+02 1.173182314783202429e+02
1.311202970297029822e+02 1.539632127005804136e+02 1.173948958688972368e+02
1.308365995220211744e+02 1.535023898941618370e+02 1.169102765448958650e+02
1.306914646637077624e+02 1.532243427791054842e+02 1.166469784909525487e+02
1.308648514851485061e+02 1.534519801980198110e+02 1.167644417890064830e+02
1.313058381700238897e+02 1.540400136565380649e+02 1.173584499829293293e+02
1.317832878115397648e+02 1.545945203141003788e+02 1.179050358484124246e+02
1.316080232161147023e+02 1.543659269375213512e+02 1.177001365653806744e+02
1.311879139638101606e+02 1.539710139979515304e+02 1.171867872994195920e+02
1.312384260839877186e+02 1.539761864117446351e+02 1.172442983953567790e+02
1.314973369750768200e+02 1.543813246841925491e+02 1.176770911573916010e+02
1.317833731649026845e+02 1.546886650734038824e+02 1.180405940594059473e+02
1.315935643564356496e+02 1.544842437692045110e+02 1.178741720723796504e+02
1.313982075793786350e+02 1.542300955957664712e+02 1.176645442130419923e+02
1.310359166951177770e+02 1.538048822123591606e+02 1.173009559576647263e+02
1.309513485831341768e+02 1.538577330146807753e+02 1.172713895527483743e+02
1.312359849778081298e+02 1.544255718675315734e+02 1.178526459542505904e+02
1.313204677364288102e+02 1.547374018436326253e+02 1.181046602936155665e+02
1.306356264936838443e+02 1.540526288835780235e+02 1.173599351314441748e+02
1.298620518948446545e+02 1.531819562990781947e+02 1.165111812905428508e+02
1.300775008535336212e+02 1.532342779105496788e+02 1.166306930693069290e+02
1.307589108910891014e+02 1.538839023557528094e+02 1.172033287811539708e+02
1.310648856264936910e+02 1.541893308296346845e+02 1.174394161829976042e+02
1.305903550699897551e+02 1.535851314441788986e+02 1.168144247183338962e+02
1.294000170706725896e+02 1.521876237623762336e+02 1.154599351314441833e+02
1.290229259132809716e+02 1.517939740525776813e+02 1.152109423011266642e+02
1.293928132468419392e+02 1.522736599522021095e+02 1.158426937521338402e+02
1.297768009559576683e+02 1.528224137931034363e+02 1.165239842949812186e+02
1.292971833390235474e+02 1.523277739842949927e+02 1.162307101399795215e+02
1.286053601911915223e+02 1.515688289518606950e+02 1.153858654831000337e+02
1.281746500512120122e+02 1.510320757937862766e+02 1.148937350631614862e+02
1.285288152953226302e+02 1.514411744622738070e+02 1.152058040286787275e+02
1.292946227381358710e+02 1.522771765107545150e+02 1.161678217821782226e+02
1.299544725162171517e+02 1.529432741550017170e+02 1.169029190850119448e+02
1.296936667804711476e+02 1.526349436667804582e+02 1.164439911232502567e+02
1.291472516217139059e+02 1.520045066575623025e+02 1.157549675657220831e+02
1.294608910891089124e+02 1.523671389552748394e+02 1.162550529190850170e+02
1.302376579037214128e+02 1.532651758279276066e+02 1.171802663024923135e+02
1.303016046432229302e+02 1.533968589962444469e+02 1.173561625128030101e+02
1.300201604643222879e+02 1.530298224650051111e+02 1.170516729259132802e+02
1.298758620689655174e+02 1.528617958347558954e+02 1.166841925571867478e+02
