2.051472895817295239e+02 6.385756671798819895e+01 8.647731588401335046e+01
2.051640043623299903e+02 6.387384526558891196e+01 8.649473633564279851e+01
2.051718790094944893e+02 6.388246407492943035e+01 8.650358609186554304e+01
2.052974339235309174e+02 6.397418527072106542e+01 8.661304529124967644e+01
2.055183827303053761e+02 6.411151526815498869e+01 8.671499550936617595e+01
2.054465165511932128e+02 6.437835193738773398e+01 8.689888375673595533e+01
2.052487041313831071e+02 6.471071978444958006e+01 8.700483705414421820e+01
2.053910026943802904e+02 6.471861367718757663e+01 8.708659545804465552e+01
2.055067968950474722e+02 6.463594110854504038e+01 8.695251154734411614e+01
2.057832755966127820e+02 6.437864062099050955e+01 8.677461188093404587e+01
2.060483705414421252e+02 6.419424236592250566e+01 8.659560238645111951e+01
2.062145496535796667e+02 6.418034385424685695e+01 8.662783872209391234e+01
2.064223537336412733e+02 6.433068065178342465e+01 8.679696561457531345e+01
2.064966993841416354e+02 6.430151398511675609e+01 8.685644085193739272e+01
2.063139530408006124e+02 6.401995124454708730e+01 8.651934500898126146e+01
2.062725718501411336e+02 6.389578842699512506e+01 8.631864254554785987e+01
2.065653547600718412e+02 6.427103861945086294e+01 8.669435463176802159e+01
2.066239575314344279e+02 6.444147741852707156e+01 8.683711829612522592e+01
2.065722895817295353e+02 6.442004426481909718e+01 8.685338080574801722e+01
2.066041313831152308e+02 6.457573774698485636e+01 8.714018154991018150e+01
2.067104727995894393e+02 6.490359250705671457e+01 8.750769822940723941e+01
2.067364318706697475e+02 6.491992879137798411e+01 8.761338529638183559e+01
2.065333269181421656e+02 6.466427059276367117e+01 8.727771041827045906e+01
2.061295740313061344e+02 6.428532525019245725e+01 8.684218308955607313e+01
2.060198710546574148e+02 6.437397998460353676e+01 8.683574544521427185e+01
2.059241981011033999e+02 6.433723056197074186e+01 8.681475173210161245e+01
2.057879875545291384e+02 6.420699576597382929e+01 8.662595907108031668e+01
2.056423562997177328e+02 6.398920644085193743e+01 8.635958108801642652e+01
2.058810848088272962e+02 6.397330959712599707e+01 8.644302027200410521e+01
2.062017994611239544e+02 6.399310046189376777e+01 8.662065050038491165e+01
2.063385937900949330e+02 6.391642609699768940e+01 8.657025596612778884e+01
2.063374807544264797e+02 6.377448036951501109e+01 8.646122979214780457e+01
2.064073838850397635e+02 6.383867077238901544e+01 8.656133885039774611e+01
2.063416410059019768e+02 6.390151719271234043e+01 8.650136322812419110e+01
2.062692199127534138e+02 6.402517641775725110e+01 8.644896394662561079e+01
2.062332274826789842e+02 6.412056389530407330e+01 8.654957018219143094e+01
2.063514722863741326e+02 6.443367654606107919e+01 8.677256864254555069e+01
2.063601424172440204e+02 6.450576084167308011e+01 8.690489158326917618e+01
2.062951340774955042e+02 6.451522645624839924e+01 8.689427123428278321e+01
2.062362329997433790e+02 6.445694123684886279e+01 8.685474403387220832e+01
2.063451084167308238e+02 6.460159417500641155e+01 8.706567231203490564e+01
2.063438157557095280e+02 6.464605465742879176e+01 8.711142224788298449e+01
2.063171381832178497e+02 6.455626122658455301e+01 8.699639466256094522e+01
2.062816076469078723e+02 6.426749101873235759e+01 8.688560110341288123e+01
2.062868328201180361e+02 6.417661021298434321e+01 8.685382345393892933e+01
2.061481428021554905e+02 6.383300936617911248e+01 8.650114831921990799e+01
2.061833589940980289e+02 6.375532460867334095e+01 8.638893058763150634e+01
2.064146394662560908e+02 6.388763151141903762e+01 8.654288876058507185e+01
2.064566750064151961e+02 6.430639273800359490e+01 8.680964203233256171e+01
2.061542019502181233e+02 6.408414164742109165e+01 8.650745765973826451e+01
2.058462118296125141e+02 6.380618424429047764e+01 8.609953810623557047e+01
2.057835739030023205e+02 6.381298113933794980e+01 8.603457788042084076e+01
2.059014273800359263e+02 6.405134398255067651e+01 8.626465871182961109e+01
2.059742141390813401e+02 6.369032268411598352e+01 8.601389530408006578e+01
2.059666506286887397e+02 6.316271811649987455e+01 8.547157108031819917e+01
2.058259879394406084e+02 6.279580446497305957e+01 8.512188863228124092e+01
2.058893090839106890e+02 6.288722093918399025e+01 8.519365216833462284e+01
2.059158904285347660e+02 6.286708044649730454e+01 8.522203618167822015e+01
2.059425519630484871e+02 6.279884526558891622e+01 8.513138953040800061e+01
2.058747369771619162e+02 6.259243007441622098e+01 8.499883885039774611e+01
2.059741692327431224e+02 6.280056774441878531e+01 8.525554272517321408e+01
2.061259719014626626e+02 6.295774313574544578e+01 8.544075250192456394e+01
2.061515204003079305e+02 6.290982165768539858e+01 8.543005837823967852e+01
2.059968822170900751e+02 6.293055555555555713e+01 8.528339427764947800e+01
2.059492141390813345e+02 6.311940916089299236e+01 8.534475237362073585e+01
2.057919906338208875e+02 6.309054080061585523e+01 8.532818514241724017e+01
2.056384366179112249e+02 6.310938863228124518e+01 8.527673210161663064e+01
2.055537079804978191e+02 6.306219527841929562e+01 8.527976969463689727e+01
2.056454837054144207e+02 6.319861431870669577e+01 8.542872722607133085e+01
2.056425230946882152e+02 6.312846741082883995e+01 8.537500962278676298e+01
2.056587406979728030e+02 6.299784128817038464e+01 8.524058570695406445e+01
2.056356011034128812e+02 6.293460674878111405e+01 8.513459391839876389e+01
2.058220650500385034e+02 6.310719463690018216e+01 8.534652617397998142e+01
2.060051642288940172e+02 6.319411726969463672e+01 8.551649345650500322e+01
2.060735405440082104e+02 6.320326212471131555e+01 8.549252630228380667e+01
2.061263792661021341e+02 6.322170579933281687e+01 8.557271619194251855e+01
2.063633275596612862e+02 6.346233962022068198e+01 8.585867333846547922e+01
2.063167628945342642e+02 6.340855144983320457e+01 8.587774249422632522e+01
2.061622690531177966e+02 6.345025981524249659e+01 8.585791634590711396e+01
2.061579195535026940e+02 6.351211188093405013e+01 8.590208493713112148e+01
2.063115826276623181e+02 6.380094944829355796e+01 8.622833910700538240e+01
2.062458269181421713e+02 6.381898575827559483e+01 8.617551642288940172e+01
2.060822908647677707e+02 6.359628239671542360e+01 8.591258018988965262e+01
2.058849948678470696e+02 6.343083140877597970e+01 8.563318257634077213e+01
2.060808410315627270e+02 6.378675263022837783e+01 8.601059468822171539e+01
2.061682929176289463e+02 6.414980433666923432e+01 8.646916217603283883e+01
2.059043944059532976e+02 6.409244931998973982e+01 8.628648639979471113e+01
2.054659930715935445e+02 6.359925583782396785e+01 8.568318257634076929e+01
2.054452623813189689e+02 6.351876443418014162e+01 8.564013985116756089e+01
2.055201533230690245e+02 6.342616756479343110e+01 8.564597767513471638e+01
2.054531979727995861e+02 6.325167115730048550e+01 8.547912496792405079e+01
2.053974114703618170e+02 6.305714973056196726e+01 8.532579548370542000e+01
2.055122273543751703e+02 6.318397485245060352e+01 8.545332306902746211e+01
2.056311585835258029e+02 6.312365280985373062e+01 8.553588657942006535e+01
2.057301321529381539e+02 6.301017128560430791e+01 8.544372273543751817e+01
2.057982903515524811e+02 6.292449319989735557e+01 8.543019951244546917e+01
2.059237586605080708e+02 6.298140556838593795e+01 8.550819861431870095e+01
2.060051706440851831e+02 6.302732871439568640e+01 8.566540287400565035e+01
2.058613677187580322e+02 6.325511290736464076e+01 8.568765075699255362e+01
2.056304015909674092e+02 6.315908711829612798e+01 8.554659674108287959e+01
2.054259879394406028e+02 6.308725301513985073e+01 8.531120092378752418e+01
2.053342218373107642e+02 6.309730882730305268e+01 8.529171478060045786e+01
2.053742526302283693e+02 6.318608224275083529e+01 8.526567231203489428e+01
2.054118199897357044e+02 6.271445663330766962e+01 8.496715742879138134e+01
2.054789228894020994e+02 6.249699448293559101e+01 8.481902104182704250e+01
2.057483448806774504e+02 6.256405568385937954e+01 8.502060238645111667e+01
2.060219463690017960e+02 6.266947652040030903e+01 8.515294136515268519e+01
2.059768668206312441e+02 6.236169489350782413e+01 8.489367782909930327e+01
2.059428598922247886e+02 6.222611624326405177e+01 8.463163330767257264e+01
2.059168430844239026e+02 6.222962214523992941e+01 8.455520272004105209e+01
2.058064761354888503e+02 6.218173274313574694e+01 8.444620220682575962e+01
2.056872433923530821e+02 6.211582948421862937e+01 8.440961316397228131e+01
2.058840293815755729e+02 6.255918976135488663e+01 8.481321850141134178e+01
2.060656498588657826e+02 6.278841095714652454e+01 8.520966448550166206e+01
2.060156691044393256e+02 6.276881254811393518e+01 8.521927764947395190e+01
2.058797664870413087e+02 6.244924300744162338e+01 8.492959648447524046e+01
2.059146811649987114e+02 6.231390171927123589e+01 8.473794264819090927e+01
2.059098826020015451e+02 6.215966127790608198e+01 8.451598024121118158e+01
2.058850109058249984e+02 6.208946304849884257e+01 8.435236399794713691e+01
2.057548979984603648e+02 6.182914742109314687e+01 8.401731780857069509e+01
2.056183602771362473e+02 6.163723697716191907e+01 8.368355144983320315e+01
2.056077046445984138e+02 6.163188029253272049e+01 8.372363356428022030e+01
2.055634686938670654e+02 6.167254939697203042e+01 8.375104246856555790e+01
2.055749133949191787e+02 6.153097254298177887e+01 8.367785476007185252e+01
2.056295483705414426e+02 6.151229471388247561e+01 8.371544778034385104e+01
2.057526526815499039e+02 6.159890941750064286e+01 8.387568321785988701e+01
2.059687997177315992e+02 6.179405953297408161e+01 8.410678406466512058e+01
2.059563157557095110e+02 6.175341288170387344e+01 8.412905760841672986e+01
2.058500449063382121e+02 6.188211123941493241e+01 8.412482678983833750e+01
2.057854727995894280e+02 6.191964973056197152e+01 8.419428406466512627e+01
2.056525051321529247e+02 6.195845842956119753e+01 8.410640877598152088e+01
2.053835610726199548e+02 6.159040928919682045e+01 8.375534706184244271e+01
2.053056485758275471e+02 6.140192455735181198e+01 8.340529574031306481e+01
2.054311072619964023e+02 6.121693289710033525e+01 8.334909866564024128e+01
2.055427155504233951e+02 6.119947716191942533e+01 8.336825763407749434e+01
2.056147998460354245e+02 6.124140364382858337e+01 8.353565884013343634e+01
2.058252662304336695e+02 6.132191429304593555e+01 8.361877726456248183e+01
2.058319508596356116e+02 6.121283038234539475e+01 8.351079676674365260e+01
2.058687965101360078e+02 6.118955606877084819e+01 8.350139530408006294e+01
2.059216416474210973e+02 6.118380484988452395e+01 8.359324480369515697e+01
2.059518154991018832e+02 6.121257698229407396e+01 8.357871760328457356e+01
2.058373749037721439e+02 6.099597767513471780e+01 8.334812997177316163e+01
2.060912015653066476e+02 6.118726263792660802e+01 8.354330254041570925e+01
2.066597414677957545e+02 6.158246086733384317e+01 8.397614511162431938e+01
2.069390460610726166e+02 6.174954452142674199e+01 8.419917244033872805e+01
2.066692744418783718e+02 6.138754169874262345e+01 8.381744931998973414e+01
2.066255773672055511e+02 6.128546959199383792e+01 8.359241403643828505e+01
2.066714299461123971e+02 6.115786181678213751e+01 8.353880549140365019e+01
2.067738805491403582e+02 6.118799076212471277e+01 8.350996279189119775e+01
2.067156819348216459e+02 6.106223376956633331e+01 8.335959071080317528e+01
2.066004907621247071e+02 6.086818706697459902e+01 8.317205542725173473e+01
2.064638279445727562e+02 6.062729022324865014e+01 8.282040030792917662e+01
2.065172985629971834e+02 6.060395817295355414e+01 8.277056710289966190e+01
2.066551225301514023e+02 6.072120862201693825e+01 8.284948999230176980e+01
2.067571080318193424e+02 6.084114062099050813e+01 8.293053310238644826e+01
2.067133500128303751e+02 6.080502309468822375e+01 8.290123171670515489e+01
2.067320374647164556e+02 6.083664677957403200e+01 8.287876571721837138e+01
2.066940082114446966e+02 6.080550744162176358e+01 8.288640941750064428e+01
2.067773094688221818e+02 6.099587503207595773e+01 8.302654926866820517e+01
2.068001956633307543e+02 6.103161085450346235e+01 8.317007954837053774e+01
2.067902970233512860e+02 6.108871888632280900e+01 8.320805106492173309e+01
2.066336412625096273e+02 6.094133628432127381e+01 8.308775019245572935e+01
2.065622273543751533e+02 6.086079355914806399e+01 8.294443802925327702e+01
2.064623043366692343e+02 6.078452335129586714e+01 8.287441942519886595e+01
2.065022549396971954e+02 6.085352835514498082e+01 8.291581344624070482e+01
2.065018507826533209e+02 6.092077238901719483e+01 8.294751732101616426e+01
2.065032589171157440e+02 6.097336733384654650e+01 8.298771811649987740e+01
2.065023062612265790e+02 6.098864511162432933e+01 8.295027264562483538e+01
2.064877790608160240e+02 6.097455414421349928e+01 8.299429368745188640e+01
2.064868392353092190e+02 6.089656145753143335e+01 8.301939633051064504e+01
2.065950057736720566e+02 6.097924044136514965e+01 8.306613741339491241e+01
2.066327687965101347e+02 6.086130677444187853e+01 8.298910379779317736e+01
2.066774538106235468e+02 6.089846035411855496e+01 8.291823838850397976e+01
2.066133115216833573e+02 6.079061136771876050e+01 8.290014113420579633e+01
2.066870894277649597e+02 6.087650115473441303e+01 8.303768924813959984e+01
2.067661855273287017e+02 6.090480818578393496e+01 8.315913202463433151e+01
2.068401751347190043e+02 6.093121632024634238e+01 8.328230690274570236e+01
2.068125192455735260e+02 6.091375416987425950e+01 8.322786759045419558e+01
2.066508468052348064e+02 6.095033679753656486e+01 8.312316846292019079e+01
2.064323518090839116e+02 6.080709840903259078e+01 8.290725878881190170e+01
2.062933346163715669e+02 6.084184629201950401e+01 8.279010136002052889e+01
2.063893892738003615e+02 6.099849884526558697e+01 8.298797472414678111e+01
2.064102290223248701e+02 6.106044072363356179e+01 8.303466769309724782e+01
2.063992269694636832e+02 6.080556838593790303e+01 8.293453297408262870e+01
2.065565434949961627e+02 6.085448742622530460e+01 8.303116820631254313e+01
2.068276109828073004e+02 6.103069027457018336e+01 8.326919425198870783e+01
2.069501732101616653e+02 6.111513985116756231e+01 8.346993199897356419e+01
2.069928566846292028e+02 6.112488773415447696e+01 8.343695791634590364e+01
2.071224339235309344e+02 6.128431485758275699e+01 8.348528996664100532e+01
2.070760681293302525e+02 6.119654862714909171e+01 8.341522004105722488e+01
2.069658872209391802e+02 6.110043623299974058e+01 8.331041827046445292e+01
2.068745445214267420e+02 6.102747947138824713e+01 8.320767898383371630e+01
2.070183442391583242e+02 6.116096035411855070e+01 8.325532460867333384e+01
2.070205542725173302e+02 6.117883307672568804e+01 8.328162368488581535e+01
2.070772709776751412e+02 6.122579869130100150e+01 8.334940659481652858e+01
2.071539389273800396e+02 6.135897806004619071e+01 8.346904670259173997e+01
2.072408358994098023e+02 6.143725943033102510e+01 8.351070695406723132e+01
2.074071048242237509e+02 6.137355658198614350e+01 8.365297023351295991e+01
2.077912817551963087e+02 6.156762253015139663e+01 8.403791698742622884e+01
2.080568674621503646e+02 6.169039325121888595e+01 8.429157685399025013e+01
2.080521843725942972e+02 6.172527585322042398e+01 8.428573261483192880e+01
2.078584552219656132e+02 6.158245124454708730e+01 8.415571593533486805e+01
2.075718180651783484e+02 6.172229599692070678e+01 8.414011739799846623e+01
2.074219335386194416e+02 6.180571914293045666e+01 8.415677123428278605e+01
2.073909481652553382e+02 6.200607839363613039e+01 8.422842891968180368e+01
2.073421028996664006e+02 6.200142738003592768e+01 8.426523287143956509e+01
2.071999294328971075e+02 6.198185463176803012e+01 8.423377918911982931e+01
2.069194187836797596e+02 6.189900885296381716e+01 8.404151590967410357e+01
2.068353765717218380e+02 6.190932768796510288e+01 8.398022838080574104e+01
2.066900532460867339e+02 6.204445406723120016e+01 8.401725686425454853e+01
2.066293944059532919e+02 6.210296702591737272e+01 8.410283230690274081e+01
2.065513183217859989e+02 6.197462150372081169e+01 8.401799140364383334e+01
2.066732678983833580e+02 6.190573838850397692e+01 8.404750769822940981e+01
2.068607935591480498e+02 6.191059789581729689e+01 8.420801257377469540e+01
2.069693321785989326e+02 6.192594303310238502e+01 8.427301129073646280e+01
2.069538619450859755e+02 6.178061008468052506e+01 8.420899089042853802e+01
2.069254105722350516e+02 6.168970682576340892e+01 8.406264113420580486e+01
2.068849403387220889e+02 6.158613356428021746e+01 8.402758532204259723e+01
2.068575186040544054e+02 6.160928919681806804e+01 8.384913074159609891e+01
2.068707338978701671e+02 6.152985950731331855e+01 8.361851744931999519e+01
2.069273351295868508e+02 6.148844303310238502e+01 8.345160059019758592e+01
2.069309212214523939e+02 6.143000064151911488e+01 8.333633885039773759e+01
2.069604727995894393e+02 6.124013664357197939e+01 8.324168591224018598e+01
2.069662849627918888e+02 6.102993328201180390e+01 8.310186361303567537e+01
2.072294072363356463e+02 6.117569604824223717e+01 8.330825314344367882e+01
2.073354567616114821e+02 6.123798113933795406e+01 8.344078778547600450e+01
2.072392449319989680e+02 6.101315755709519806e+01 8.320194701052091091e+01
2.072318706697459447e+02 6.084899923017705703e+01 8.303647677700794816e+01
2.074114222478829959e+02 6.097710418270464316e+01 8.323190595329741370e+01
2.074414934565050146e+02 6.106159866564023275e+01 8.330570310495252784e+01
2.074136996407492859e+02 6.096921670515781244e+01 8.319730241211188115e+01
2.073822844495765878e+02 6.088417051578137063e+01 8.311936425455478172e+01
2.074475718501411450e+02 6.103000064151911630e+01 8.322941044393122922e+01
2.074101616628175577e+02 6.102387413394919236e+01 8.323996664100590692e+01
2.072816076469078723e+02 6.093171991275340105e+01 8.312232486528098718e+01
2.071378239671542190e+02 6.073808378239671413e+01 8.296632986913010654e+01
2.071246054657428886e+02 6.074114703618167965e+01 8.298630998203746856e+01
2.071243777264562596e+02 6.083697716191942817e+01 8.302916025147548851e+01
2.071437002822684121e+02 6.094763600205286025e+01 8.310294136515268804e+01
2.070386707723890254e+02 6.090513536053374111e+01 8.288862265845521904e+01
2.069000096227867687e+02 6.080542725173209817e+01 8.271334680523479221e+01
2.070561104695919994e+02 6.098577110597895512e+01 8.289361688478317092e+01
2.071074127534000411e+02 6.104724146779574312e+01 8.291095714652296067e+01
2.070109218629715144e+02 6.076416474210931540e+01 8.276997049012059904e+01
2.069750769822940697e+02 6.058046574287913444e+01 8.269478124198100488e+01
2.069846773158839994e+02 6.055576725686425732e+01 8.269990377213241572e+01
2.069808378239671640e+02 6.051799781883499918e+01 8.268066140620990723e+01
2.069815851937387663e+02 6.032816910443931135e+01 8.252894534257120540e+01
2.069957146522966411e+02 6.043174557351809284e+01 8.247843533487298373e+01
2.068653226841159949e+02 6.041934180138568422e+01 8.227190787785475834e+01
2.067052155504233895e+02 6.032090710803181821e+01 8.199459520143700786e+01
2.066251250962278618e+02 6.016856877084936883e+01 8.180465742879137281e+01
2.066034706184244385e+02 6.002317167051577940e+01 8.166844046702591697e+01
2.066750160379779402e+02 5.984159609956376613e+01 8.159219912753400195e+01
2.068850301513985244e+02 5.988063253784962825e+01 8.162131126507570400e+01
2.071425263022838124e+02 5.974331857839363380e+01 8.162130164228894103e+01
2.072840005132152896e+02 5.952789645881447456e+01 8.138997626379266137e+01
2.072025532460867225e+02 5.922377790608160097e+01 8.113479278932511818e+01
2.070959648447523875e+02 5.922381960482422159e+01 8.092157108031818780e+01
2.068600333589940874e+02 5.914992943289710325e+01 8.088035989222478861e+01
2.066227771362586623e+02 5.915997882986913226e+01 8.081365152681550512e+01
2.063775083397485162e+02 5.910928278162689509e+01 8.067217410828843072e+01
2.061624775468308997e+02 5.895601103412881372e+01 8.048954644598408947e+01
2.061775115473441247e+02 5.877372016936104870e+01 8.048837567359507261e+01
2.063105914806261296e+02 5.877081408775981686e+01 8.062451565306646728e+01
2.063347478829869033e+02 5.869509237875288932e+01 8.062320374647164556e+01
2.063222959969207011e+02 5.866045355401590911e+01 8.056280792917628730e+01
2.063324833205029449e+02 5.861643251218886519e+01 8.049716127790608766e+01
2.064675872465999475e+02 5.873040159096741064e+01 8.065390364382858479e+01
2.065208397485245087e+02 5.869991660251475452e+01 8.061317680266871832e+01
2.065982839363612982e+02 5.875048755452912275e+01 8.063484731845008469e+01
2.067033230690274479e+02 5.873234539389273579e+01 8.057806966897614132e+01
2.067594303310238786e+02 5.863336220169360757e+01 8.052574095458044212e+01
2.068465742879137679e+02 5.852296638439825216e+01 8.052969271234282189e+01
2.070284545804464926e+02 5.849645560687708468e+01 8.063352578906851420e+01
2.071176161149602137e+02 5.838427957403130364e+01 8.059000833974852185e+01
2.072219688221709077e+02 5.825753143443674276e+01 8.047146522966384907e+01
2.072827559661277803e+02 5.821144149345650476e+01 8.054118873492430453e+01
2.072784642032332556e+02 5.835766936104695901e+01 8.056003015139850731e+01
2.071720586348473319e+02 5.843824095458044354e+01 8.049163459071080240e+01
2.072353637413394836e+02 5.855594367462150274e+01 8.051386964331537399e+01
2.071659866564023673e+02 5.858768924813959700e+01 8.052645945599178390e+01
2.069751250962278561e+02 5.850006094431613946e+01 8.040738388503977774e+01
2.070500288683602719e+02 5.848395239928149891e+01 8.042072106748780413e+01
2.072775243777264507e+02 5.858877662304336553e+01 8.051607005388760285e+01
2.073217859892224908e+02 5.842942006671798794e+01 8.043340710803181537e+01
2.073872016936104785e+02 5.816625930202719985e+01 8.017237297921478500e+01
2.075022164485501719e+02 5.800871182961252259e+01 8.003786245830126234e+01
2.075817327431357455e+02 5.791432512188863058e+01 7.987041955350269973e+01
2.075963722093918307e+02 5.783751603797793450e+01 7.975841031562740113e+01
2.075454163459071140e+02 5.780202078521939768e+01 7.969081344624069629e+01
2.074649089042853518e+02 5.769240441365152350e+01 7.963121311265075519e+01
2.074979086476776899e+02 5.761504362329997520e+01 7.952133371824480434e+01
2.075394149345650590e+02 5.754699127534000525e+01 7.956274698486015495e+01
2.075777970233513088e+02 5.760838786245830079e+01 7.961360662047728454e+01
2.075807929176289406e+02 5.759517256864254620e+01 7.972019502181164796e+01
2.076809436746215169e+02 5.762569284064664998e+01 7.975065755709519522e+01
2.078038202463433493e+02 5.770508083140877886e+01 7.990561649987169801e+01
2.078102482678983733e+02 5.797591095714652454e+01 8.004724146779574312e+01
2.077563414164742142e+02 5.817263279445727164e+01 8.018140877598152372e+01
2.076332082371054639e+02 5.795107133692584256e+01 7.997124711316396883e+01
2.075596131639722728e+02 5.779463690017962563e+01 7.971424172440339362e+01
2.074848376956633444e+02 5.769402745701822255e+01 7.953151141904028520e+01
2.076423178085707093e+02 5.779700410572235114e+01 7.975214908904285949e+01
2.078215133435976441e+02 5.816732743135745665e+01 8.015715293815755160e+01
2.077327238901719397e+02 5.829812355658198442e+01 8.035933089556068865e+01
2.076913523222991955e+02 5.839099627918911750e+01 8.055354439312291959e+01
2.078692648190915975e+02 5.862711380549140472e+01 8.081762573774697955e+01
2.077035668462920057e+02 5.883364447010520593e+01 8.076623364126251658e+01
2.075419681806517929e+02 5.879375801898896725e+01 8.068145047472414433e+01
2.074979471388247418e+02 5.888487939440595653e+01 8.069285026943802563e+01
2.074456505003849145e+02 5.895854182704644586e+01 8.070718822170900353e+01
2.074387894534256986e+02 5.890325250192455542e+01 8.063561714139081005e+01
2.076534674108288527e+02 5.883770207852194289e+01 8.068356428021554905e+01
2.078795547857326085e+02 5.892940402874005912e+01 8.087174429047985313e+01
2.079575378496279257e+02 5.891492494226327636e+01 8.101864575314344563e+01
2.079700282268411513e+02 5.888177764947395332e+01 8.105213305106492783e+01
2.079672023351295991e+02 5.886219527841929988e+01 8.105040415704388579e+01
2.079734635617141407e+02 5.885629971773158786e+01 8.103291634590711112e+01
2.078848537336412505e+02 5.887361111111111001e+01 8.093794264819091211e+01
2.078532589171157383e+02 5.882995252758531990e+01 8.083633243520657174e+01
2.077840325891711473e+02 5.878787208108801821e+01 8.079981716705157169e+01
2.077593501411342061e+02 5.880942712342827861e+01 8.072848344880677018e+01
2.077885617141390924e+02 5.877297279958942511e+01 8.087271298434693279e+01
2.079613452655889034e+02 5.874710674878111405e+01 8.094910187323581852e+01
2.081342635360533677e+02 5.868686810366948947e+01 8.106768026687194606e+01
2.082330029509879523e+02 5.869030343854247178e+01 8.104384462406979139e+01
2.082961925840390052e+02 5.870393571978444669e+01 8.109478765717219062e+01
2.083247915062868856e+02 5.881502758532204211e+01 8.108182255581216680e+01
2.082832371054657301e+02 5.885367269694636860e+01 8.100129266102129577e+01
2.082544168591224150e+02 5.886595778804208123e+01 8.091451116243264607e+01
2.083155119322555890e+02 5.908724980754426781e+01 8.111439889658711877e+01
2.084261739799846112e+02 5.926413587374904068e+01 8.138066140620991007e+01
2.083271458814472794e+02 5.934517577623812912e+01 8.141828971003336335e+01
2.082400821144470058e+02 5.929674429047985740e+01 8.129048947908647449e+01
2.082595971259943610e+02 5.933779189119835706e+01 8.126047921478060232e+01
2.083968982550680096e+02 5.941579740826276890e+01 8.141190659481652858e+01
2.084853027970233654e+02 5.941644534257120824e+01 8.135732935591479986e+01
2.084498171670515774e+02 5.928568129330253811e+01 8.133353861945086294e+01
2.084461476777007931e+02 5.924867847061842241e+01 8.143096612779061161e+01
2.085756639722863781e+02 5.938910700538875886e+01 8.164984603541185493e+01
2.085922664870413143e+02 5.944848601488324391e+01 8.173798434693354409e+01
2.084297600718501542e+02 5.930650821144470086e+01 8.160717539132666332e+01
2.083119643315370695e+02 5.928083461637157114e+01 8.154239479086476194e+01
2.083922536566589656e+02 5.939300744162176215e+01 8.163729150628688558e+01
2.084794938414164847e+02 5.942680266871952455e+01 8.156250320759558292e+01
2.084888054914036388e+02 5.936987426225301334e+01 8.148092442904798816e+01
2.086798562997177271e+02 5.957817231203490138e+01 8.181438606620477572e+01
2.089181453682319614e+02 5.987496792404413526e+01 8.207485245060303214e+01
2.089334231460097442e+02 5.983027007954837018e+01 8.196325057736720510e+01
2.088609314857582717e+02 5.958152745701821829e+01 8.171586156017448843e+01
2.087624358480882734e+02 5.950440723633564488e+01 8.161539004362329308e+01
2.086681357454452268e+02 5.943528996664100816e+01 8.155391005901975632e+01
2.083654413651526909e+02 5.929963754169874335e+01 8.133008403900436178e+01
2.079844207082371099e+02 5.904557351809084054e+01 8.097245316910444046e+01
2.078550263022838180e+02 5.899222158070310229e+01 8.079906979727995520e+01
2.079163330767256923e+02 5.909130741596099767e+01 8.097227033615601499e+01
2.078385873749037671e+02 5.907892930459327374e+01 8.086514305876315234e+01
2.076726552476263805e+02 5.891245188606620786e+01 8.070350910957147050e+01
2.075696144470105082e+02 5.882965422119578847e+01 8.060675519630484587e+01
2.073551995124454663e+02 5.877749871696176598e+01 8.049433538619450701e+01
2.073254586861688438e+02 5.888055555555555287e+01 8.059617654606107351e+01
2.072656209905055107e+02 5.894036117526302121e+01 8.064621824480369128e+01
2.072801706440851888e+02 5.896359058249935714e+01 8.073776943802924677e+01
2.070257730305362998e+02 5.886309019758788708e+01 8.076390813446241168e+01
2.063399441878368066e+02 5.880291891198357490e+01 8.067806325378496979e+01
2.059088465486271389e+02 5.860715293815755444e+01 8.045760200153964092e+01
2.057709327687965128e+02 5.852076597382602330e+01 8.040586348473183875e+01
2.056818450089812700e+02 5.844711957916345568e+01 8.032953554015909958e+01
2.055061746215037317e+02 5.828032140107774950e+01 8.014855016679497623e+01
2.052153258917115863e+02 5.791073261483192169e+01 7.969102193995381356e+01
2.048827816268924948e+02 5.746139017192712117e+01 7.929277970233512463e+01
2.046631415191172607e+02 5.722443546317680330e+01 7.891458814472670724e+01
2.044865120605593916e+02 5.716169168591223837e+01 7.869885809597126070e+01
2.043747177315883903e+02 5.708032140107775376e+01 7.849816846292019079e+01
2.044235245060302759e+02 5.708444636900179603e+01 7.846365152681549660e+01
2.046870252758532160e+02 5.725157492943289839e+01 7.858093725943032837e+01
2.048222093918398627e+02 5.735076661534513676e+01 7.867457659738259679e+01
2.048971259943546386e+02 5.726454003079291510e+01 7.857525340005132364e+01
2.050711508852963902e+02 5.722948421862971458e+01 7.855055491403643941e+01
2.052863067744418686e+02 5.726679497049011758e+01 7.864154477803438681e+01
2.054387220939183862e+02 5.731412304336669195e+01 7.869772581472928152e+01
2.055766487041313724e+02 5.729610597895817392e+01 7.872472735437516178e+01
2.055481909160893110e+02 5.728808698999230131e+01 7.874928470618424114e+01
2.054938574544521543e+02 5.729356556325378591e+01 7.869246856556326009e+01
2.054275885296381716e+02 5.732932383885039940e+01 7.869482935591480555e+01
2.053682031049525278e+02 5.730435270721067553e+01 7.871191942519887164e+01
2.053118360277136389e+02 5.730494611239414837e+01 7.862957082371055151e+01
2.054311072619964023e+02 5.734787015653066788e+01 7.866819668976135915e+01
2.056316974595843021e+02 5.749588786245830363e+01 7.894039325121889306e+01
2.057342186297151727e+02 5.755432383885040082e+01 7.896071016166281709e+01
2.056823421862971486e+02 5.751841159866564368e+01 7.890581857839363522e+01
2.056795708237105487e+02 5.756157942006672101e+01 7.893010649217346497e+01
2.057182544264819057e+02 5.765106171413908243e+01 7.908016422889402008e+01
2.057626154734411159e+02 5.759930395175776141e+01 7.906290094944829150e+01
2.057683346163715612e+02 5.747329355914806115e+01 7.896918462920194770e+01
2.058698197331280539e+02 5.753990890428534755e+01 7.899938414164742539e+01
2.061687227354375125e+02 5.781529060816012588e+01 7.932278034385424803e+01
2.062121664100590124e+02 5.786538042083654432e+01 7.943523864511162458e+01
2.061032172183731177e+02 5.775949769053117677e+01 7.929677957403130506e+01
2.060653483448806753e+02 5.777062804721580846e+01 7.931438285860919279e+01
2.061206152168334711e+02 5.792260071850141401e+01 7.952215165511931616e+01
2.061748460354118606e+02 5.804486784706184466e+01 7.962567680266872117e+01
2.062594752373620679e+02 5.796816140620990154e+01 7.953834039004362921e+01
2.062623235822427432e+02 5.774526558891454897e+01 7.943916794970489548e+01
2.064156113677187534e+02 5.785838786245830079e+01 7.959128817038747172e+01
2.067020015396458916e+02 5.797022068257633975e+01 7.982722927893250642e+01
2.069352771362586623e+02 5.814391198357711232e+01 7.994691750064151847e+01
2.069419874262252961e+02 5.821668591224018741e+01 7.996609892224788041e+01
2.068047536566589599e+02 5.810714010777520855e+01 7.977491981011034738e+01
2.067147645624839640e+02 5.788435334872978899e+01 7.952716833461637691e+01
2.068504843469335412e+02 5.799081665383628348e+01 7.958468052347960509e+01
2.070373460354118436e+02 5.811170772389017003e+01 7.970517705927636598e+01
2.070674685655632459e+02 5.800521234282781791e+01 7.974619258403900801e+01
2.069987458301257277e+02 5.770961637156787560e+01 7.961207338978701387e+01
2.070400500384911595e+02 5.758437900949448363e+01 7.955097510905825686e+01
2.070807961252245377e+02 5.749646202206825762e+01 7.948986720554272267e+01
2.070379298178085605e+02 5.748277521170130910e+01 7.955656915576084032e+01
2.069490184757505915e+02 5.747796061072619977e+01 7.939494162176032432e+01
2.068811040544008222e+02 5.748813189633050769e+01 7.936750705671029493e+01
2.067001860405439970e+02 5.736439889658711877e+01 7.899160572235052769e+01
2.068134237875288761e+02 5.752509622786759280e+01 7.917205542725173473e+01
2.068309917885553091e+02 5.747591095714652454e+01 7.923404862714909314e+01
2.067809083910700565e+02 5.742392224788298449e+01 7.916050166794970266e+01
2.068750160379779288e+02 5.748882473697716478e+01 7.919728316653836941e+01
2.072567359507313256e+02 5.792698550166795002e+01 7.966715422119578704e+01
2.076357711059789608e+02 5.837824608673338389e+01 8.024004362329996809e+01
2.077873011290736542e+02 5.852959327687965185e+01 8.041926481909160884e+01
2.077938959455991892e+02 5.858738131896330259e+01 8.040639594559917214e+01
2.078136034128816902e+02 5.857869835771106182e+01 8.036006864254554216e+01
2.078129843469335469e+02 5.853750641519117437e+01 8.022690851937387890e+01
2.078478284577880402e+02 5.847656530664613683e+01 8.009414293045932709e+01
2.078620220682576303e+02 5.846044713882474042e+01 8.010872786759045994e+01
2.078261675647934226e+02 5.846802668719527674e+01 8.020513856812932829e+01
2.078048595073133242e+02 5.841531626892481199e+01 8.020355080831409111e+01
2.079197299204516298e+02 5.831087695663330805e+01 8.015836220169360615e+01
2.081370188606620388e+02 5.836890236079035077e+01 8.024336348473184444e+01
2.082561393379522769e+02 5.850579291762894485e+01 8.044593918398767585e+01
2.081724627918912063e+02 5.847176353605337340e+01 8.046220490120605007e+01
2.080286117526302405e+02 5.826061714139081005e+01 8.022013086989991848e+01
2.079391711573004784e+02 5.808196048242237453e+01 8.002787400564537279e+01
2.079366403643828676e+02 5.810804144213497580e+01 8.010498781113676614e+01
2.079876058506543473e+02 5.822158391070053796e+01 8.028030536309981358e+01
2.078956088016422825e+02 5.841804272517320840e+01 8.029402424942263394e+01
2.077761290736463877e+02 5.874218950474724465e+01 8.048228124198101341e+01
2.078664357197844481e+02 5.903788491147036410e+01 8.084724788298690612e+01
2.079127181164998603e+02 5.914668976135488521e+01 8.106737554529125589e+01
2.080096933538619339e+02 5.933261483192199393e+01 8.122148126764177789e+01
2.080121856556325497e+02 5.934122401847574935e+01 8.133147934308442473e+01
2.079820759558634791e+02 5.938893058763151345e+01 8.149078457788041874e+01
2.080284609956376585e+02 5.952564793430844503e+01 8.162992045162945942e+01
2.080583301257377400e+02 5.965278419296895152e+01 8.176007185014113077e+01
2.079956569155760917e+02 5.960072812419809907e+01 8.169354311008467562e+01
2.079336925840389938e+02 5.955775275853220307e+01 8.170484667693096981e+01
2.078938061329227480e+02 5.948799076212470993e+01 8.173156274056967163e+01
2.078845875032075980e+02 5.947520528611752866e+01 8.172280600461893130e+01
2.078242269694636946e+02 5.930765653066461596e+01 8.154623428278162578e+01
2.078193385937900928e+02 5.922770721067487898e+01 8.145540159096741206e+01
2.079042821401077674e+02 5.933216576853990176e+01 8.142812419810110214e+01
2.079014402104182579e+02 5.942798947908647733e+01 8.131037336412624938e+01
2.077965550423402590e+02 5.925642802155504540e+01 8.097536887349242818e+01
2.077551610212984485e+02 5.920604311008467846e+01 8.070873749037721723e+01
2.078450346420323456e+02 5.926547344110854709e+01 8.075029189119835848e+01
2.080544232743135638e+02 5.931019053117783102e+01 8.094891583269181012e+01
2.082692167051578167e+02 5.926002052861175429e+01 8.098740697972799296e+01
2.082769630484988568e+02 5.917612265845522046e+01 8.091318321785989554e+01
2.082336316397228586e+02 5.904009815242493886e+01 8.081208942776494553e+01
2.082489222478829731e+02 5.902094880677444166e+01 8.086093148575827172e+01
2.082637253015139720e+02 5.885350910957146198e+01 8.084807865024377804e+01
2.082231748781113652e+02 5.862647870156530416e+01 8.073103348729792117e+01
2.081413779830639044e+02 5.842959969207082338e+01 8.059841544778034006e+01
2.081276238131896434e+02 5.845151398511675467e+01 8.063753528355144340e+01
2.081265460610726166e+02 5.843480882730305126e+01 8.065953938927380307e+01
2.080164870413138374e+02 5.833354503464202878e+01 8.050472158070310513e+01
2.079309308442391568e+02 5.834851167564793428e+01 8.040450346420323058e+01
2.078898094688221647e+02 5.852056068770849606e+01 8.051275340005132364e+01
2.079265941750064144e+02 5.858716641005901948e+01 8.049134269951244391e+01
2.080200250192455655e+02 5.862732229920451488e+01 8.055361816782139783e+01
2.079686072619963966e+02 5.862245316910443904e+01 8.064097382602001574e+01
2.079155857069540616e+02 5.863268219142930349e+01 8.057887156787272431e+01
2.078212439055683944e+02 5.843538940210418531e+01 8.040381062355658059e+01
2.078128592507056851e+02 5.841214716448550348e+01 8.039431293302540382e+01
2.078330414421349701e+02 5.840547215807031023e+01 8.029150307929175767e+01
2.078543783679753574e+02 5.842675134719014807e+01 8.029014305876314950e+01
2.079196433153707915e+02 5.838941814216063619e+01 8.026494098024120660e+01
2.079335706954067291e+02 5.846156658968437370e+01 8.028272389017192268e+01
2.080162496792404454e+02 5.856870028226840930e+01 8.038434051834744309e+01
2.080735437516038076e+02 5.867310110341288265e+01 8.049760071850141685e+01
2.078925166794970494e+02 5.840226135488837400e+01 8.021391775724916329e+01
2.077882826533230798e+02 5.822832627662304361e+01 8.006416794970489548e+01
2.079489511162432507e+02 5.835623877341544841e+01 8.025843918398767585e+01
2.081494386707723834e+02 5.872385488837567635e+01 8.062234090325891600e+01
2.080605978958172955e+02 5.863497882986912657e+01 8.055200153964588594e+01
2.078331280472158085e+02 5.838525468308955624e+01 8.021974595842955580e+01
2.077484154477803315e+02 5.832710097510906166e+01 8.011393379522709779e+01
2.077889658711829668e+02 5.842057672568642346e+01 8.017663587374903500e+01
2.076935976392096563e+02 5.817146843725942773e+01 7.996692327431357228e+01
2.074963722093918363e+02 5.789049268668206594e+01 7.960285155247626676e+01
2.074090967410828910e+02 5.783595073133179199e+01 7.961413266615345208e+01
2.073987105465742786e+02 5.807565114190403222e+01 7.981645496535796269e+01
2.073147581472927925e+02 5.792277072106748648e+01 7.970799012060560074e+01
2.071765588914549596e+02 5.778277521170130626e+01 7.947990120605594200e+01
2.072502052861175343e+02 5.772205542725173189e+01 7.946530664613806039e+01
2.074358737490377109e+02 5.784719014626635669e+01 7.977201052091352551e+01
2.074957852193995507e+02 5.769271234282781791e+01 7.974579804978188236e+01
2.075426578137028457e+02 5.753963625866050791e+01 7.966912368488580398e+01
2.076590614575314362e+02 5.749256800102642728e+01 7.970967410828842503e+01
2.077384077495509302e+02 5.746688799076212462e+01 7.972479792147805711e+01
2.075787849627919002e+02 5.742359507313317835e+01 7.940635103926096861e+01
2.074781402360790423e+02 5.739449255837823927e+01 7.918494675391326609e+01
2.074682608416730716e+02 5.748825699255837662e+01 7.915830446497305672e+01
2.074884879394406028e+02 5.762746022581472971e+01 7.927295034642031624e+01
2.074387734154477698e+02 5.751722799589428092e+01 7.916831537079805514e+01
2.074363773415447838e+02 5.745611367718758089e+01 7.903627469848601095e+01
2.074985309212214588e+02 5.747472093918398883e+01 7.903734282781627485e+01
2.075398062612265733e+02 5.752420772389017145e+01 7.911313189633051479e+01
2.075398094688221704e+02 5.752627662304336553e+01 7.917817872722606864e+01
2.076459872979214651e+02 5.756878047215806760e+01 7.925085001283038366e+01
2.077917596869386614e+02 5.761429625352835160e+01 7.925062548113933758e+01
2.078461540928919646e+02 5.761876764177572596e+01 7.924188157557095735e+01
2.077757313317936791e+02 5.744703297408262443e+01 7.914929432897100980e+01
2.076702303053631056e+02 5.724815242494226197e+01 7.894642353092122278e+01
2.075829869130100178e+02 5.705498460354118606e+01 7.866921349756222526e+01
2.076962022068257738e+02 5.710766294585578606e+01 7.879448293559147487e+01
2.078547889402104261e+02 5.712477867590454395e+01 7.881074223761868325e+01
2.079974756222735550e+02 5.717108031819348213e+01 7.876964010777521707e+01
2.079996856556325326e+02 5.715986656402360921e+01 7.877204259686938315e+01
2.079795579933281999e+02 5.720616179112137445e+01 7.887939119835770896e+01
2.080286630741596241e+02 5.719016230433666692e+01 7.890769822940723088e+01
2.080115377213240890e+02 5.703079612522453345e+01 7.887117975365666211e+01
2.080017192712342933e+02 5.700830767256864107e+01 7.883433410315628009e+01
2.080708654092891834e+02 5.718732999743392043e+01 7.902681870669745479e+01
2.082571369001796313e+02 5.740126700025660966e+01 7.927053502694380427e+01
2.083299589427765000e+02 5.742702399281498771e+01 7.928295162945855168e+01
2.081908968437259375e+02 5.709804978188350333e+01 7.902558378239670844e+01
2.081704708750320663e+02 5.703014498332050408e+01 7.890446497305619289e+01
2.081774987169617646e+02 5.705476969463690295e+01 7.889788298691300383e+01
2.083750384911470235e+02 5.732026558891455181e+01 7.916718950474724181e+01
2.084515107775211789e+02 5.751451116243264039e+01 7.938032140107775092e+01
2.083015845522196514e+02 5.754309083910700195e+01 7.943433410315627441e+01
2.079629522709776666e+02 5.730856748781113907e+01 7.932254298178085605e+01
2.081208493713112659e+02 5.750396138054914275e+01 7.939272517321016664e+01
2.082358705414421252e+02 5.752608737490377422e+01 7.939413972286374133e+01
2.082716576853990205e+02 5.743739414934564991e+01 7.930336797536565996e+01
2.082877052861175287e+02 5.730309532974082742e+01 7.918874454708750932e+01
2.084420996920708262e+02 5.730787464716448198e+01 7.917809853733641035e+01
2.085797985629971834e+02 5.737876892481396141e+01 7.926808763151142045e+01
2.085409289196818179e+02 5.736675968693867134e+01 7.921929047985629779e+01
2.083094399538106245e+02 5.726257377469848819e+01 7.906695855786502136e+01
2.082714363613035573e+02 5.726668911983577459e+01 7.906811008468052648e+01
2.083728220425968800e+02 5.734730561970746976e+01 7.917392866307416455e+01
2.083589427764947288e+02 5.734604503464203162e+01 7.913115537593020576e+01
2.082732197844495659e+02 5.726354246856556074e+01 7.913375673595072612e+01
2.081865409289196691e+02 5.736551193225557910e+01 7.917194636900180171e+01
2.080837278675904543e+02 5.730802540415704271e+01 7.911669553502694896e+01
2.078841127790608141e+02 5.716315755709520374e+01 7.895174813959455662e+01
2.078497594303310336e+02 5.706871311265075519e+01 7.894133628432126670e+01
2.079403194765203864e+02 5.713295162945856021e+01 7.901625609443161125e+01
2.080118873492430112e+02 5.707310751860405418e+01 7.893683282011804181e+01
2.080815851937387606e+02 5.702865986656402697e+01 7.897164485501667741e+01
2.082268443674621494e+02 5.720006735950731525e+01 7.911681421606364495e+01
2.084620477290223164e+02 5.754520785219399670e+01 7.945612329997433676e+01
2.084981652553246079e+02 5.757678983833718434e+01 7.952875609443161409e+01
2.084200089812676424e+02 5.756739479086476763e+01 7.948626507569925081e+01
2.083763503977418452e+02 5.746672119579163507e+01 7.948872530151398053e+01
2.083507634077495538e+02 5.746595778804208265e+01 7.948338465486271787e+01
2.083263920964844829e+02 5.749200667179881918e+01 7.952730946882216756e+01
2.083076725686425448e+02 5.754855978958173068e+01 7.956542211957916777e+01
2.081642385168078135e+02 5.755609443161406347e+01 7.950425006415191831e+01
2.081163042083654204e+02 5.768263407749550709e+01 7.959378688734923912e+01
2.081860341288170275e+02 5.788998588657941724e+01 7.975729407236335078e+01
2.082570952014370107e+02 5.802202976648704436e+01 7.979480369515012228e+01
2.083069284064665112e+02 5.803697716191942391e+01 7.981168847831665403e+01
2.085495220682576303e+02 5.824952527585322315e+01 8.007826212471131555e+01
2.086318642545547846e+02 5.830046510136001814e+01 8.016864896073903424e+01
2.084643315370798007e+02 5.805590839107005507e+01 8.000281626892481768e+01
2.083837439055683944e+02 5.782554208365409210e+01 7.976855914806260728e+01
2.084172921478059948e+02 5.785333589940979948e+01 7.983704131383115055e+01
2.083470522196561490e+02 5.813673338465486040e+01 8.007069219912753510e+01
2.081831376700025658e+02 5.820313702848344661e+01 8.005730369515011091e+01
2.080159930715935275e+02 5.805530857069540929e+01 7.985311136771875340e+01
2.081343918398768267e+02 5.817524056966897916e+01 7.998156915576083748e+01
2.081243135745445159e+02 5.824236271490890715e+01 8.005974467539132888e+01
2.079256062355658230e+02 5.796059148062612110e+01 7.990746407492943604e+01
2.077967057993328126e+02 5.763915832691814245e+01 7.963000705671028356e+01
2.078934276366435654e+02 5.751895368231973293e+01 7.957573774698485636e+01
2.079734828072876667e+02 5.750282909930715647e+01 7.960762445470875548e+01
2.079966095714652283e+02 5.748412560944316141e+01 7.961280151398511862e+01
2.080315563253784887e+02 5.756760969976905074e+01 7.953815114190402369e+01
2.081569797279958891e+02 5.770153964588144646e+01 7.959297536566589315e+01
2.082284738260200072e+02 5.775637990762124474e+01 7.963585771105978495e+01
2.083770817295355471e+02 5.790287721324095571e+01 7.977572812419809622e+01
2.084102995894277512e+02 5.792937195278419438e+01 7.974705221965614044e+01
2.082612939440595312e+02 5.777508981267641985e+01 7.963335578650243463e+01
2.080388664357197968e+02 5.761573325635104226e+01 7.949418462920195338e+01
2.080287368488581023e+02 5.762646266358737535e+01 7.950337118296124572e+01
2.080043911983577232e+02 5.760593405183474403e+01 7.941041506286887852e+01
2.080090261739799757e+02 5.758246086733384317e+01 7.944087759815242578e+01
2.081679561200923843e+02 5.764342442904798247e+01 7.949700410572235398e+01
2.083683378239671526e+02 5.773780472158070154e+01 7.953348729792148220e+01
2.082440563253784944e+02 5.726446304849884683e+01 7.907123107518603433e+01
2.081372145239928102e+02 5.708397164485501918e+01 7.892789004362329308e+01
2.080555523479599742e+02 5.701871311265075803e+01 7.885501347190145793e+01
2.079895688991531983e+02 5.718055234795996711e+01 7.898720810880163867e+01
2.080158840133435945e+02 5.729478124198101341e+01 7.924024570182191951e+01
2.080705061585835267e+02 5.730594688221709276e+01 7.931527777777777999e+01
2.079615409289196748e+02 5.701352322299204189e+01 7.897023351295868565e+01
2.078558185783936381e+02 5.677584680523479932e+01 7.873826661534513960e+01
2.077613869643315354e+02 5.664524634334102871e+01 7.854959263536053982e+01
2.077993199897356931e+02 5.667769758788811885e+01 7.854874903772132200e+01
2.078952784192968863e+02 5.673832114447010611e+01 7.856353284577880913e+01
2.079772068257634032e+02 5.683533487297921738e+01 7.864694636900179603e+01
2.079843469335386317e+02 5.681398190916089419e+01 7.869624390556838023e+01
2.080849948678470582e+02 5.677435206569155923e+01 7.867461188093405156e+01
2.081875256607646918e+02 5.672304015909674035e+01 7.870292853477033646e+01
2.082707274826789785e+02 5.675232871439568783e+01 7.878368937644341941e+01
2.082137477546830837e+02 5.680997562227354081e+01 7.878820567102899020e+01
2.082085899409802323e+02 5.686870028226841356e+01 7.884334103156274409e+01
2.080808698999230160e+02 5.695665896843726017e+01 7.886111111111111427e+01
2.080876218886322704e+02 5.701486399794713833e+01 7.881657043879907576e+01
2.080786919425198960e+02 5.702565755709520090e+01 7.874644598409032881e+01
2.080695823710546506e+02 5.689814921734667763e+01 7.855275532460866827e+01
2.080067648190916145e+02 5.657341544778034148e+01 7.824713561714139587e+01
2.081398928663074059e+02 5.641165319476520068e+01 7.822236014883243627e+01
2.083992365922504462e+02 5.656456248396202113e+01 7.850258852963818867e+01
2.086024473954323923e+02 5.672475943033102652e+01 7.871053695150115459e+01
2.085487362073389761e+02 5.661333076725686198e+01 7.861718308955606460e+01
2.084497177315884073e+02 5.646017449319990078e+01 7.849358480882730760e+01
2.084247754683089511e+02 5.644699127534000382e+01 7.843947908647677991e+01
2.084197170900692981e+02 5.646189697202976987e+01 7.840369194251988461e+01
2.083876892481395942e+02 5.636958557865024488e+01 7.832657492943289412e+01
2.083869258403900346e+02 5.642068578393636358e+01 7.839918206312547966e+01
2.082509141647421131e+02 5.644414613805491143e+01 7.839472350526045830e+01
2.081041506286887284e+02 5.647208108801642368e+01 7.840698935078265208e+01
2.079562034898640093e+02 5.630474082627662114e+01 7.826713497562226962e+01
2.078267705927636655e+02 5.618579676674364975e+01 7.807491660251476162e+01
2.077516005901975973e+02 5.608626828329484226e+01 7.793582242750834155e+01
2.078373235822427603e+02 5.611446625609443117e+01 7.793404862714909598e+01
2.080295259173723252e+02 5.603069348216576628e+01 7.790824031306132724e+01
2.081664998716961748e+02 5.598748075442648542e+01 7.787646266358737535e+01
2.082387573774698524e+02 5.599337631511419033e+01 7.784473633564280703e+01
2.082625962278675900e+02 5.607419810110341274e+01 7.797806966897613279e+01
2.081967763664357278e+02 5.602741852707210768e+01 7.791629137798305749e+01
2.081675134719014579e+02 5.612948421862971315e+01 7.795466384398254434e+01
2.081431517834231499e+02 5.612211957916345995e+01 7.790389722863741895e+01
2.080493937644341713e+02 5.606226584552219805e+01 7.783196369001795745e+01
2.079865184757505858e+02 5.592762381318963349e+01 7.772780664613804902e+01
2.080226488324352090e+02 5.589672825250192290e+01 7.765625160379779857e+01
2.079987490377213248e+02 5.584305234795996853e+01 7.769401462663587665e+01
2.080386547344110966e+02 5.588558185783936239e+01 7.776698421862971600e+01
2.083130324608673334e+02 5.610976071336925486e+01 7.802746664100590124e+01
2.085337823967154236e+02 5.632791891198358059e+01 7.831884783166538000e+01
2.083955703104952590e+02 5.614569540672312087e+01 7.813810944316141160e+01
2.080882890685142286e+02 5.613139915319476358e+01 7.795546253528354441e+01
2.080009943546317572e+02 5.627229920451629397e+01 7.798516807800872641e+01
2.079629266102129748e+02 5.642417244033872237e+01 7.810783294842185853e+01
2.078685110341288294e+02 5.647584680523479506e+01 7.813619130100076404e+01
2.077539902489094175e+02 5.653366371567872761e+01 7.817034898639980156e+01
2.075769502181165080e+02 5.631469078778547299e+01 7.801673723376956104e+01
2.074805363099820283e+02 5.618848473184500847e+01 7.788932191429304908e+01
2.073347190146266428e+02 5.595441365152681357e+01 7.770870220682576246e+01
2.074436072619964193e+02 5.606180395175775999e+01 7.779266102129842864e+01
2.074667372337695781e+02 5.602217410828842503e+01 7.782831344624069914e+01
2.076093982550679868e+02 5.611520400307929179e+01 7.795433346163716237e+01
2.077342795740313193e+02 5.620799974339235661e+01 7.808687772645625103e+01
2.077930844239158432e+02 5.628397164485501492e+01 7.811041185527328423e+01
2.078184180138568138e+02 5.620653387220939123e+01 7.814733448806774163e+01
2.078587856043110094e+02 5.629435142417244009e+01 7.821789838337181777e+01
2.078075410572235171e+02 5.641244226327944489e+01 7.828982229920451630e+01
2.076886739799845998e+02 5.651282396715421896e+01 7.833780151398511293e+01
2.076603060046189455e+02 5.654846676930972649e+01 7.837372658455221597e+01
2.077519758788811828e+02 5.664781241981010851e+01 7.846319925583782151e+01
2.077536694893507843e+02 5.671278868360277414e+01 7.851302925327175330e+01
2.077707050295098838e+02 5.700881126507569974e+01 7.863569412368488543e+01
2.078584648447523762e+02 5.711800102643059063e+01 7.873119065948165485e+01
2.078974788298691294e+02 5.716289774185271000e+01 7.878152745701821402e+01
2.078747337695663191e+02 5.707798947908647591e+01 7.867922761098280660e+01
2.079131062355658059e+02 5.720251154734410903e+01 7.876047600718501940e+01
2.080031370284834509e+02 5.724620541442134680e+01 7.893839171157300427e+01
2.080336733384654906e+02 5.724207403130613159e+01 7.896793687451885546e+01
2.080512445470874923e+02 5.719377405696689465e+01 7.898191557608416247e+01
2.081105690274570179e+02 5.718473505260456591e+01 7.898155311778290866e+01
2.080604214780600500e+02 5.704909225044906407e+01 7.885345137285091255e+01
2.080891871952784129e+02 5.698442391583269284e+01 7.884639145496535662e+01
2.080234731845008866e+02 5.689110533743905762e+01 7.886760007698229913e+01
2.079219752373620622e+02 5.676134205799332477e+01 7.882260392609700261e+01
2.078427700795483588e+02 5.665061585835258029e+01 7.874834488067745042e+01
2.078260071850141060e+02 5.666425455478573525e+01 7.878891134205800029e+01
2.077792532717475069e+02 5.670658840133435774e+01 7.873466127790608482e+01
2.076804080061585864e+02 5.672550359250706009e+01 7.865864126250961874e+01
2.077570887862458164e+02 5.686331472927893316e+01 7.876147356941237376e+01
2.079036951501154817e+02 5.709028419296895152e+01 7.899580446497306241e+01
2.079336188093405156e+02 5.713637734154477954e+01 7.908350012830382525e+01
2.079051898896587147e+02 5.731436040544008392e+01 7.918444316140620742e+01
2.079648672055427312e+02 5.746548627149088873e+01 7.925747690531177625e+01
2.079853060046189341e+02 5.758106877084937025e+01 7.928617205542725799e+01
2.078581248396202170e+02 5.751471324095457760e+01 7.918248973569411930e+01
2.078550423402617469e+02 5.765790993071593817e+01 7.935044906338208648e+01
2.078189568899153130e+02 5.770445535026944128e+01 7.959162176032845082e+01
2.077992237618680917e+02 5.784433859379009846e+01 7.977392224788299302e+01
2.077503688734924197e+02 5.792383564280215325e+01 7.988489543238388535e+01
2.078722190146266371e+02 5.802970875032075782e+01 8.004060495252758756e+01
2.078571080318193367e+02 5.803773736207338629e+01 8.004062099050551637e+01
2.078673498845265613e+02 5.805121567872722466e+01 8.006051770592763717e+01
2.079777328714395708e+02 5.816511419040287478e+01 8.013294200667179723e+01
2.081507024634334186e+02 5.833930266871952597e+01 8.025128624583012993e+01
2.080594944829356052e+02 5.823290351552476096e+01 8.014586220169361752e+01
2.079091544778034404e+02 5.815842635360533563e+01 8.000629971773159355e+01
2.079318931229150564e+02 5.830504234026174259e+01 8.011260905824993017e+01
2.079446753913266548e+02 5.858205991788555167e+01 8.022423659225044901e+01
2.078824993584808851e+02 5.860824993584808595e+01 8.020846484475237048e+01
2.076980850654349524e+02 5.847031370284834395e+01 8.001477418527072416e+01
2.074148447523736252e+02 5.804145496535797122e+01 7.957946176546060713e+01
2.073447844495765935e+02 5.779506671798819895e+01 7.952611303566845891e+01
2.073278804208365500e+02 5.757805363099820539e+01 7.955493328201180248e+01
2.072423723376956559e+02 5.739998396202206976e+01 7.951962086220169112e+01
2.069361335642802260e+02 5.695085963561714237e+01 7.913526109828072208e+01
2.068407717474980814e+02 5.676882537849628108e+01 7.895703425712086698e+01
2.068566012317166951e+02 5.681251283038234590e+01 7.890545932768796433e+01
2.068929304593276868e+02 5.692551642288940172e+01 7.894125930202720554e+01
2.068253400051321478e+02 5.687679304593277152e+01 7.874881960482422016e+01
2.069033134462407020e+02 5.697729343084424158e+01 7.886485437516037678e+01
2.068317936874518921e+02 5.682196240697972911e+01 7.859907621247113241e+01
2.066903836284321301e+02 5.661632024634334215e+01 7.829102514754939079e+01
2.065590614575314419e+02 5.637192391583268858e+01 7.801369322555812857e+01
2.064138536053374366e+02 5.629760392609699693e+01 7.784794393122915324e+01
2.061710225814729256e+02 5.613169745958429502e+01 7.770320759558634904e+01
2.059664806261226602e+02 5.611701950218116508e+01 7.765758917115729787e+01
2.058563029253271850e+02 5.600698293559148055e+01 7.764957338978702239e+01
2.058267000256607560e+02 5.598098858095971053e+01 7.766575250192455826e+01
2.057666666666666799e+02 5.596650307929176194e+01 7.763266615345136756e+01
2.057867077238901743e+02 5.596352322299204474e+01 7.765189248139594724e+01
2.058152072106748847e+02 5.590228701565306579e+01 7.759691750064152416e+01
2.059508596356171495e+02 5.601241339491917159e+01 7.757043879907621431e+01
2.059299364896073996e+02 5.594081023864511337e+01 7.743282974082627845e+01
2.059043976135488947e+02 5.596313831152168206e+01 7.734394085193738988e+01
2.059549300744162110e+02 5.599268347446754035e+01 7.741725365665897129e+01
2.060547921478060118e+02 5.610219720297664736e+01 7.746126507569925934e+01
2.060381543494996208e+02 5.613930908391070318e+01 7.753311842442904833e+01
2.059698967154221236e+02 5.617350205286117415e+01 7.757761419040286910e+01
2.059133115216833403e+02 5.617225429817808902e+01 7.766370926353604887e+01
2.059800455478573156e+02 5.617884911470361686e+01 7.774651975878880705e+01
2.059885809597126070e+02 5.619335706954067433e+01 7.769003720810880509e+01
2.060763600205286252e+02 5.632513792661021057e+01 7.779613805491403866e+01
2.062623652809853638e+02 5.647584039004362211e+01 7.797325827559660638e+01
2.064095201437002913e+02 5.654087759815242720e+01 7.800914164742108881e+01
2.064618071593533557e+02 5.647248203746471518e+01 7.790711765460611105e+01
2.065456184244290512e+02 5.649752694380292439e+01 7.795427251732101581e+01
2.067217859892224681e+02 5.665754426481909434e+01 7.814644598409032028e+01
2.067755645368231967e+02 5.670129586861688153e+01 7.817696304849884825e+01
2.066357390300231032e+02 5.655318193482165867e+01 7.800045547857325801e+01
2.066468084423915741e+02 5.659870733897869854e+01 7.802830703104952192e+01
2.066744643315370809e+02 5.668123877341545125e+01 7.820614254554786271e+01
2.067018732358224327e+02 5.675357326148319004e+01 7.826409417500642007e+01
2.066903515524762724e+02 5.674448293559147771e+01 7.824232101616628654e+01
2.066438382088786341e+02 5.671154413651526482e+01 7.828937323582242414e+01
2.066190050038491108e+02 5.672266807800872357e+01 7.832874005645368243e+01
2.066907140107775263e+02 5.683287464716448767e+01 7.841408134462406565e+01
2.066824319989735557e+02 5.677871118809340345e+01 7.827596869386707112e+01
2.067604118552732757e+02 5.688566846292019363e+01 7.834265139851167703e+01
2.069614863997947225e+02 5.707148768283294515e+01 7.858091159866563657e+01
2.070621086733384573e+02 5.721810046189376209e+01 7.868497562227354081e+01
2.069942487811136687e+02 5.708093725943032837e+01 7.852889081344623889e+01
2.069831472927893117e+02 5.711023864511162174e+01 7.846500513215293893e+01
2.070035187323582306e+02 5.722655568385938096e+01 7.861056261226585207e+01
2.069638151141903961e+02 5.726790159096741206e+01 7.859222799589427666e+01
2.067162240184757422e+02 5.693987041313830844e+01 7.826132281241980593e+01
2.065732037464716484e+02 5.682817551963048430e+01 7.810481139337952072e+01
2.066355818578393553e+02 5.684944829355914919e+01 7.820209455991788161e+01
2.066921061072619921e+02 5.689091288170387628e+01 7.825578971003335482e+01
2.065476456248396175e+02 5.669691429304593555e+01 7.808633564280215467e+01
2.065199929432897079e+02 5.667466320246343514e+01 7.803069348216577339e+01
2.066740697972799694e+02 5.683616243264049217e+01 7.829481652553245397e+01
2.069154991018732233e+02 5.713014498332050550e+01 7.860953938927380591e+01
2.069107069540672228e+02 5.700118681036694568e+01 7.861264434180138494e+01
2.070104792147805881e+02 5.697853477033615377e+01 7.863293879907621431e+01
2.072059757505773803e+02 5.713314087759815152e+01 7.888694187836797767e+01
2.073608480882730305e+02 5.733978701565306579e+01 7.920483705414420683e+01
2.072951116243264096e+02 5.730792276109828265e+01 7.909527841929688918e+01
2.073476071336925770e+02 5.728910059019758449e+01 7.899159609956376471e+01
2.073475141134205728e+02 5.719690467025917258e+01 7.892939761354888617e+01
2.074198838850397806e+02 5.732398960739030258e+01 7.905525083397485275e+01
2.074012990762124673e+02 5.732384205799332477e+01 7.910020207852194574e+01
2.073331216320246426e+02 5.745038491147035842e+01 7.911174621503721482e+01
2.072774056966897547e+02 5.752249807544264826e+01 7.918556581986143783e+01
2.072753303823454019e+02 5.768503656658968737e+01 7.925941429304593555e+01
2.073297151655119421e+02 5.779130741596099341e+01 7.932618681036694852e+01
2.074716191942519856e+02 5.795753464203233563e+01 7.959764562483961470e+01
2.075131351039260892e+02 5.801543815755709232e+01 7.964888696433153825e+01
2.074900853220426029e+02 5.791208301257377400e+01 7.942941685912239791e+01
2.074384077495509473e+02 5.765526366435720007e+01 7.913659225044906975e+01
2.074810687708493617e+02 5.756708686168848033e+01 7.897822684115986647e+01
2.075556389530408126e+02 5.756589363613035459e+01 7.896895688991531870e+01
2.075723697716192078e+02 5.751464588144726520e+01 7.899957018219143379e+01
2.074148639979471511e+02 5.722380998203746572e+01 7.880405440082114410e+01
2.073449704901206019e+02 5.701591929689504923e+01 7.868869001796252860e+01
2.073642898383371858e+02 5.708502373620734005e+01 7.871241660251475025e+01
2.073758468052348007e+02 5.718257954837054058e+01 7.883967795740312567e+01
2.072282589171157383e+02 5.704615730048755751e+01 7.873044008211444122e+01
2.071290704387990900e+02 5.700697652040030761e+01 7.864985565819861790e+01
2.072006768026687098e+02 5.709485822427508595e+01 7.873108480882730476e+01
2.071917147806004493e+02 5.711385360533743949e+01 7.874619258403900801e+01
2.071584455991788616e+02 5.701537400564536995e+01 7.873095008981267995e+01
2.072168206312548193e+02 5.707369771619194410e+01 7.864856941236848797e+01
2.071584840903258851e+02 5.690650179625352933e+01 7.845348665640236163e+01
2.071363163972286259e+02 5.690381703874775354e+01 7.839590710803182105e+01
2.071926385681293254e+02 5.691165960995637363e+01 7.845947202976648782e+01
2.072113548883756664e+02 5.687764305876314808e+01 7.835409289196817895e+01
2.071042019502181120e+02 5.660150115473441446e+01 7.821651911726969786e+01
2.071093758018988922e+02 5.651841801385680952e+01 7.821495701821913826e+01
2.071901334359763780e+02 5.666470682576341034e+01 7.839235309212214986e+01
2.072485533743905535e+02 5.685756992558378187e+01 7.863889209648446865e+01
2.070519855016679571e+02 5.672454452142673631e+01 7.851691365152682067e+01
2.068574769053117848e+02 5.668735245060302930e+01 7.834447331280472326e+01
2.067859314857582831e+02 5.695971901462663567e+01 7.853431485758275699e+01
2.068449961508852937e+02 5.745802861175263132e+01 7.907750833974851901e+01
2.067463497562227417e+02 5.732017898383372057e+01 7.898634847318450625e+01
2.063658134462407077e+02 5.692035540159096740e+01 7.854525275853220023e+01
2.061038843982550759e+02 5.687638888888888999e+01 7.837712022068257056e+01
2.061990537593020179e+02 5.711136130356684504e+01 7.865271041827045906e+01
2.063353701565306721e+02 5.717958365409289456e+01 7.873568450089813098e+01
2.063847061842442940e+02 5.712474659994867920e+01 7.860101360020529171e+01
2.062410283551449766e+02 5.692218052347959656e+01 7.836101809083911007e+01
2.061524666410059012e+02 5.686978765717218209e+01 7.834435142417244435e+01
2.060100301513985244e+02 5.660351873235822495e+01 7.813142481395945538e+01
2.057715614575314476e+02 5.644132986913010086e+01 7.787066974595842339e+01
2.057209359763920986e+02 5.649654221195791592e+01 7.792784513728508955e+01
2.058361848858095868e+02 5.679836412625095932e+01 7.827074993584808738e+01
2.059337278675904486e+02 5.685751860405439828e+01 7.838426674364896485e+01
2.060055331023864653e+02 5.679739543238388677e+01 7.829812997177316447e+01
2.060842474980754560e+02 5.670145624839620524e+01 7.822398319219912821e+01
2.061939344367462184e+02 5.682782909930715931e+01 7.833353541185528002e+01
2.062015556838593682e+02 5.679571144470105537e+01 7.831680459327688482e+01
2.062077527585321945e+02 5.681528098537336291e+01 7.830512253015139379e+01
2.063977226071336872e+02 5.693513600205286451e+01 7.851145753143443073e+01
2.065792340261739923e+02 5.714575314344367740e+01 7.880284834488067247e+01
2.064901590967410812e+02 5.712083012573774710e+01 7.883201821914292395e+01
2.063780792917629014e+02 5.705584103156274267e+01 7.870640877598152940e+01
2.063752726456248467e+02 5.712659738260200015e+01 7.869313895304080120e+01
2.064694444444444343e+02 5.730559404670259482e+01 7.878305748011290177e+01
2.063824865280985250e+02 5.729696240697973053e+01 7.887989799846035055e+01
2.063875962278675900e+02 5.750812483962022270e+01 7.898646715422120224e+01
2.064388503977418452e+02 5.763639658711829838e+01 7.917462791891198037e+01
2.066645400307929208e+02 5.788837246599948827e+01 7.945295098793944533e+01
2.068047504490633912e+02 5.799067872722606864e+01 7.962089427764946947e+01
2.068336412625096159e+02 5.794921413908134156e+01 7.956492173466769202e+01
2.067528066461380547e+02 5.780737746984860337e+01 7.938821850141134462e+01
2.068005068001026530e+02 5.782009558634847224e+01 7.938536053374390633e+01
2.069033070310495361e+02 5.766769309725430048e+01 7.932185334872978899e+01
2.068363099820374771e+02 5.739390236079034935e+01 7.902627020785219258e+01
2.066117686682063095e+02 5.702212599435463147e+01 7.862387413394918667e+01
2.066217603284577820e+02 5.700635424685655295e+01 7.854858224275083955e+01
2.066434308442391625e+02 5.704471388247370101e+01 7.855455478573261985e+01
2.066235533743905535e+02 5.700351873235822353e+01 7.859415255324609006e+01
2.066226071336925827e+02 5.685766936104695901e+01 7.834046061072619693e+01
2.066715357967667330e+02 5.675287721324095713e+01 7.825032717474981325e+01
2.066026719271234242e+02 5.668368616884783506e+01 7.814565370798050026e+01
2.066242847061842554e+02 5.680813446240698283e+01 7.825474403387221400e+01
2.066485662047728908e+02 5.687807287657172139e+01 7.834960546574288287e+01
2.067065563253785001e+02 5.689828714395689246e+01 7.836689119835770612e+01
2.066832467282524988e+02 5.682943610469592244e+01 7.828808378239671129e+01
2.066482646907877836e+02 5.686621760328457498e+01 7.825444893507825839e+01
2.064939793430844190e+02 5.666007826533230940e+01 7.806867141390813458e+01
2.064118841416474197e+02 5.652483962022068198e+01 7.795563574544522112e+01
2.064220233512958771e+02 5.637653002309468775e+01 7.776975237362073301e+01
2.063727707210674964e+02 5.610697010520913608e+01 7.746577174749808137e+01
2.062632152938157617e+02 5.552779381575570739e+01 7.694473954323838427e+01
2.062677059276366549e+02 5.539968244803694830e+01 7.669407877854760613e+01
2.063252662304336695e+02 5.541433153707980352e+01 7.671465871182961394e+01
2.064317872722607206e+02 5.551749101873235759e+01 7.680095907108031383e+01
2.066329676674365032e+02 5.556053053630998306e+01 7.688037272260713451e+01
2.069293751603797773e+02 5.575669745958429502e+01 7.709905375930202354e+01
2.069282589171157269e+02 5.568451372850910985e+01 7.706141262509622436e+01
2.068769758788811828e+02 5.561152489094175166e+01 7.695271362586605335e+01
2.067800198870926351e+02 5.557877213240954717e+01 7.694369065948164632e+01
2.068048723376956559e+02 5.580506479343084436e+01 7.714523030536309989e+01
2.067393988965871188e+02 5.593627790608159955e+01 7.728470939183988264e+01
2.066465229663843957e+02 5.608896587118296395e+01 7.743210803181935376e+01
2.067020688991532040e+02 5.617687323582242698e+01 7.750541121375417219e+01
2.068485469591993819e+02 5.635247947138824998e+01 7.770117077238901970e+01
2.067664453425712168e+02 5.634902809853733885e+01 7.779467859892224624e+01
2.067279606107261998e+02 5.641668591224018314e+01 7.785781691044392971e+01
2.067877662304336752e+02 5.653897870156530558e+01 7.798631639722863440e+01
2.068783968437259375e+02 5.674983962022068340e+01 7.815748332050294778e+01
2.068453104952527610e+02 5.683758339748524691e+01 7.827987554529124736e+01
2.068278194765204034e+02 5.701902104182704534e+01 7.844580767256864817e+01
2.067773383371824423e+02 5.711759686938670910e+01 7.853977739286631277e+01
2.066947555812163273e+02 5.708487297921477932e+01 7.856047279958943363e+01
2.065403066461380490e+02 5.703511996407493001e+01 7.841429304593276584e+01
2.065042564793430984e+02 5.715189889658712019e+01 7.847598473184500278e+01
2.064775179625352735e+02 5.719687900949448078e+01 7.852129522709776666e+01
2.065066814216063733e+02 5.722334167308185471e+01 7.848936682063126113e+01
2.065264754939697127e+02 5.712480433666923574e+01 7.845756671798820037e+01
2.065294585578650128e+02 5.715420515781370625e+01 7.844680202720040540e+01
2.064992622530151323e+02 5.713099499615088206e+01 7.843926096997689967e+01
2.063959039004362239e+02 5.711122337695663020e+01 7.845061265075699453e+01
2.063636066204772987e+02 5.724314536823197130e+01 7.857204259686938030e+01
2.065110437516038076e+02 5.751399153194765290e+01 7.882635681293302810e+01
2.067065531177829030e+02 5.770913523222991870e+01 7.907594624069797362e+01
2.067665960995637704e+02 5.791964973056197152e+01 7.918265973826019888e+01
2.066291730818578287e+02 5.779988452655889120e+01 7.899302989479086534e+01
2.066621022581472857e+02 5.785435912240184564e+01 7.909415255324609006e+01
2.066584488067744303e+02 5.784357197844495602e+01 7.920698614318706632e+01
2.066873813189633040e+02 5.811415191172697092e+01 7.955619065948165769e+01
2.066377598152425037e+02 5.820293815755709232e+01 7.975493328201180532e+01
2.066409994867846933e+02 5.828780472158070580e+01 7.986529702335128889e+01
2.066281819348216686e+02 5.828854246856556642e+01 7.987869835771105897e+01
2.066435687708493845e+02 5.826233962022067914e+01 7.993885039774185941e+01
2.066583942776494780e+02 5.832544585578650498e+01 7.995889145496535377e+01
2.067400307929176222e+02 5.845986335642802345e+01 8.010439761354888333e+01
2.067018956889915273e+02 5.851103733641262750e+01 8.010351231716704490e+01
2.067645015396458916e+02 5.859799525275852972e+01 8.022176995124455345e+01
2.068797857326148346e+02 5.871258018988965688e+01 8.032973761868103679e+01
2.070434404670259312e+02 5.890072812419810333e+01 8.047426225301514080e+01
2.070340005132152896e+02 5.892140749294328828e+01 8.045836540928920044e+01
2.069930812163202347e+02 5.892662304336668910e+01 8.049474916602514440e+01
2.070076148319219840e+02 5.891147356941236524e+01 8.048041442134974943e+01
2.070898960739029917e+02 5.900159096741082720e+01 8.052324865280985478e+01
2.069936585835257858e+02 5.910388760585065171e+01 8.055517385168077737e+01
2.069455157813702897e+02 5.929623107518604286e+01 8.067166089299460907e+01
2.069152360790351679e+02 5.931265396458814365e+01 8.069752052861174718e+01
2.068720810880164152e+02 5.925035604311008797e+01 8.062552283808057041e+01
2.068356460097510876e+02 5.916743648960738966e+01 8.050663330767257264e+01
2.071711573004875504e+02 5.932563831152168632e+01 8.080290928919681903e+01
2.074391294585578578e+02 5.939455350269437872e+01 8.106661534513727929e+01
2.073702014370028337e+02 5.921910123171670648e+01 8.098964908904285664e+01
2.072320791634590762e+02 5.893175198870926579e+01 8.073845265588914799e+01
2.072335097510905939e+02 5.892564793430844361e+01 8.076917500641519609e+01
2.071911502437772583e+02 5.898305427251732169e+01 8.081033808057479462e+01
2.071058795227097846e+02 5.907573774698486346e+01 8.080008339748523838e+01
2.069209199384141584e+02 5.889978509109571547e+01 8.062689248139594156e+01
2.067976648704131435e+02 5.892292147806004721e+01 8.064754298178085890e+01
2.068076693610469476e+02 5.902448036951501109e+01 8.074795996920708774e+01
2.069596580703104962e+02 5.913369899923017670e+01 8.072006671798818900e+01
2.069205703104952647e+02 5.892256864254554927e+01 8.040675840390044016e+01
2.069821016166281709e+02 5.889492237618681258e+01 8.035066397228636959e+01
2.071407589171157326e+02 5.901026430587631211e+01 8.054036759045419558e+01
2.072843501411342118e+02 5.917809212214523740e+01 8.074422312034899107e+01
2.071801963048498862e+02 5.907703682319733218e+01 8.065730048755452231e+01
2.071545098793943964e+02 5.914895432383885066e+01 8.073329804978187951e+01
2.072581633307672462e+02 5.921978765717218351e+01 8.079708429561200944e+01
2.072584391839876901e+02 5.922596548627149105e+01 8.078789774185270289e+01
2.071317840646651405e+02 5.907373299974339176e+01 8.058399089042853802e+01
2.072722927893251210e+02 5.925723633564280135e+01 8.084544521426738584e+01
2.074378271747497990e+02 5.941870990505517369e+01 8.109281819348215947e+01
2.075097735437516064e+02 5.945122530151398621e+01 8.110453874775468819e+01
2.073198421862971657e+02 5.912885232229920263e+01 8.083479599692070394e+01
2.072459231460097442e+02 5.912440338722093713e+01 8.069569861431870095e+01
2.073157108031819291e+02 5.917583076725686198e+01 8.074983320502950335e+01
2.075549396972029683e+02 5.947670644085193459e+01 8.114625673595072897e+01
2.075289998716961861e+02 5.951830895560687651e+01 8.117233769566333024e+01
2.073366147036181815e+02 5.946889915319476216e+01 8.112806966897613847e+01
2.071929914036438163e+02 5.943435334872979325e+01 8.112210674878110694e+01
2.072115120605594143e+02 5.961428021555042278e+01 8.123976135488837258e+01
2.071278162689248177e+02 5.954552861175262990e+01 8.114407877854759477e+01
2.070654413651526795e+02 5.945865730048755182e+01 8.103060366948935211e+01
2.070755517064408480e+02 5.950240569668976320e+01 8.114897036181677947e+01
2.071168783679753744e+02 5.965301513985117055e+01 8.129660315627405964e+01
2.070466031562740454e+02 5.937861816782140068e+01 8.111389851167564302e+01
2.070198357711059884e+02 5.934873941493456329e+01 8.103169745958429360e+01
2.070765075699255817e+02 5.931341737233769607e+01 8.106020015396458689e+01
2.071564408519373899e+02 5.941371888632281184e+01 8.119016551193224984e+01
2.070884719014626683e+02 5.924944508596356485e+01 8.105413779830638532e+01
2.071324897356941221e+02 5.918765717218373368e+01 8.103293879907620578e+01
2.072269566333076796e+02 5.923171991275339821e+01 8.111400756992559025e+01
2.073202880420836607e+02 5.927709135232230153e+01 8.120379137798306601e+01
2.072778932512188987e+02 5.913956569155760690e+01 8.118435334872978615e+01
2.072320502950987873e+02 5.908907172183731404e+01 8.109437066974595609e+01
2.071511707723890083e+02 5.914942904798562751e+01 8.106733705414421820e+01
2.072195406723120357e+02 5.938018026687195317e+01 8.116532589171157497e+01
2.072240152681550001e+02 5.937155504234026182e+01 8.118802283808057041e+01
2.071724275083397515e+02 5.934011098280728902e+01 8.111688799076212320e+01
2.070656209905055221e+02 5.919136836027713855e+01 8.091806838593790019e+01
2.072670066717988107e+02 5.941094110854503185e+01 8.108085065434950423e+01
2.074988548883756607e+02 5.965510007698229344e+01 8.130296061072620262e+01
2.075758147292789317e+02 5.965442327431357228e+01 8.137307865024378373e+01
2.074602290223248531e+02 5.943416730818578486e+01 8.100545612009237573e+01
2.074230241211188002e+02 5.944073325635103799e+01 8.095523479599691541e+01
2.074513920964844829e+02 5.935472478829868948e+01 8.107022389017193120e+01
2.074688061329227651e+02 5.940200153964588026e+01 8.120882409545804137e+01
2.073089074929432911e+02 5.934787657172184083e+01 8.127350846805234141e+01
2.070872049012060643e+02 5.951547985629972004e+01 8.145471837310752505e+01
2.068870541442134936e+02 5.942190467025917400e+01 8.140339684372594320e+01
2.068726327944572745e+02 5.940024056966897348e+01 8.140702142673850972e+01
2.068920483705414313e+02 5.939563125481139139e+01 8.141259943546317857e+01
2.069123749037721325e+02 5.949245894277649427e+01 8.152718116499872281e+01
2.070433121632024722e+02 5.963269822940723941e+01 8.170637670002565756e+01
2.072828842699512393e+02 5.979664806261226317e+01 8.190272004105722203e+01
2.072550391326661554e+02 5.969914677957402915e+01 8.183268219142929922e+01
2.068859731845008980e+02 5.961090261739799701e+01 8.158045612009237857e+01
2.066221420323325617e+02 5.938315050038491449e+01 8.138204708750321004e+01
2.066244258403900460e+02 5.946392417244033624e+01 8.142922440338722367e+01
2.066272966384398160e+02 5.935700538876058374e+01 8.129917244033872237e+01
2.066560431100846813e+02 5.945520913523223072e+01 8.137200410572235398e+01
2.066396651270207769e+02 5.950078265332307126e+01 8.152054144213497011e+01
2.066552829099307189e+02 5.958863548883756778e+01 8.159326404926866871e+01
2.066826020015396352e+02 5.940553630998203971e+01 8.139362971516551681e+01
2.067484122401847628e+02 5.941038940210417962e+01 8.138909738260200299e+01
2.069268379522709722e+02 5.959544842186296876e+01 8.159763600205286593e+01
2.071599820374647152e+02 5.984501539645881252e+01 8.191862009237875952e+01
2.072866307415960989e+02 5.984147421093148722e+01 8.189865601744932633e+01
2.071341608929946005e+02 5.966424813959456230e+01 8.160391005901975348e+01
2.069164902489094118e+02 5.944313253784962825e+01 8.138926738516808257e+01
2.067977899666410053e+02 5.960623556581985838e+01 8.146683666923274814e+01
2.067905664613805357e+02 5.961813574544521543e+01 8.140671028996663949e+01
2.068191108545034638e+02 5.962443867077239190e+01 8.142503528355145193e+01
2.066787047729022220e+02 5.946959840903259220e+01 8.125374647164485964e+01
2.065803727226071373e+02 5.940792917628944991e+01 8.112363356428021177e+01
2.065183282011803954e+02 5.908068706697459760e+01 8.086462984346933069e+01
2.065387702078521954e+02 5.889123684885809951e+01 8.066119771619193557e+01
2.064149890941750130e+02 5.872985629971773136e+01 8.043094367462150274e+01
2.064086829612522536e+02 5.871350397741852589e+01 8.039069797279958607e+01
2.064112201693610587e+02 5.861863933795227410e+01 8.030975750577367478e+01
2.064464299461124028e+02 5.854747241467795504e+01 8.024593597639209008e+01
2.065619418783679748e+02 5.858409674108288101e+01 8.039792147806004152e+01
2.068224114703618284e+02 5.882664870413138658e+01 8.064583333333332860e+01
2.068284096741082863e+02 5.875405440082114694e+01 8.065473441108545671e+01
2.067645143700282233e+02 5.864816525532460645e+01 8.050104567616115503e+01
2.066739222478829845e+02 5.854786694893508070e+01 8.032780985373364047e+01
2.066960642802155519e+02 5.856731460097510933e+01 8.033229086476777070e+01
2.064233160123171729e+02 5.839361046959199086e+01 7.996073903002309180e+01
2.063719303310238615e+02 5.823183217859892125e+01 7.985044264819092064e+01
2.063451052091352267e+02 5.814238196048242457e+01 7.972751796253528767e+01
2.064571978444957665e+02 5.831357454452142974e+01 7.984600975109057686e+01
2.067065338722094054e+02 5.845458686168847606e+01 8.016403002309468206e+01
2.071066397228637470e+02 5.870231909160892769e+01 8.050085963561714664e+01
2.070937612265845473e+02 5.860620669745958367e+01 8.046392417244034334e+01
2.070191750064151961e+02 5.864181742365922645e+01 8.039522389017193404e+01
2.070680138568129394e+02 5.857553566846291915e+01 8.034674108288426453e+01
2.072129073646394772e+02 5.863652489094175024e+01 8.051055940467026062e+01
2.072076276623043327e+02 5.855845522196561603e+01 8.051050808314087703e+01
2.072063414164742028e+02 5.853877020785219543e+01 8.055555876315114006e+01
2.070772068257633975e+02 5.843488580959712664e+01 8.049437387734154470e+01
2.070044136515268178e+02 5.836521683346163769e+01 8.032493584808827336e+01
2.070052764947395474e+02 5.833549204516294395e+01 8.032052540415703845e+01
2.070881190659481774e+02 5.832728380805748003e+01 8.027637926610212560e+01
2.069349531691044319e+02 5.803631960482422159e+01 8.001088337182447674e+01
2.069639081344624003e+02 5.798004875545291270e+01 7.988617526302283522e+01
2.071178021555042221e+02 5.815516743648960585e+01 7.996447267128560554e+01
2.074079580446497175e+02 5.842496471644854950e+01 8.018671093148576290e+01
2.075287657172183629e+02 5.854150307929176478e+01 8.027139466256095091e+01
2.075787176032845878e+02 5.854494803695150296e+01 8.022894213497562532e+01
2.074777745701821914e+02 5.839674429047985882e+01 8.004553823453939287e+01
2.074467057993328183e+02 5.835714331537079858e+01 8.008787208108802247e+01
2.073390300230946934e+02 5.821253528355145335e+01 8.009568899153194366e+01
2.074010873749037671e+02 5.833071272773928939e+01 8.023119386707723777e+01
2.074357999743392327e+02 5.831715101360020270e+01 8.037703040800616350e+01
2.074651815499101986e+02 5.838315691557608744e+01 8.044433859379009277e+01
2.073793078008724535e+02 5.818769887092635429e+01 8.013515204003078907e+01
2.075487971516551227e+02 5.830404157043879820e+01 8.010851616628175975e+01
2.078759269951244448e+02 5.856774762637926557e+01 8.037319412368488258e+01
2.080612875288683483e+02 5.884148062612266017e+01 8.068127726456248183e+01
2.079038459071080354e+02 5.868080574801128790e+01 8.056875481139337580e+01
2.078053502694380370e+02 5.872756286887349120e+01 8.046240056453682143e+01
2.078363196048242116e+02 5.883815114190402795e+01 8.051902424942262826e+01
2.079529926866820517e+02 5.900133435976392349e+01 8.068715999486784085e+01
2.078666859122401718e+02 5.895757954837053916e+01 8.064130100076982899e+01
2.076176032845778821e+02 5.874420387477546512e+01 8.038264370028227290e+01
2.074478637413394893e+02 5.849665768539902189e+01 8.031357133692584682e+01
2.074943931229150564e+02 5.858002950987939528e+01 8.051480626122658180e+01
2.074836027713625981e+02 5.853435655632537760e+01 8.062852835514497940e+01
2.073515941750064258e+02 5.846709969207082480e+01 8.052022389017193404e+01
2.073363356428021689e+02 5.845041377983064024e+01 8.051202848344880181e+01
2.074395111624326375e+02 5.876475493969720532e+01 8.064355594046702436e+01
2.074219976905311853e+02 5.891147677700795526e+01 8.070806710289966190e+01
2.074713369258403759e+02 5.899760392609699977e+01 8.081951180395175527e+01
2.075067648190916145e+02 5.908948870926353436e+01 8.076549589427764886e+01
2.075697074672825124e+02 5.921258660508082983e+01 8.080820502950987816e+01
2.075533070310495134e+02 5.917339620220682406e+01 8.092668719527841859e+01
2.075402713625865943e+02 5.913872209391839618e+01 8.098361560174492979e+01
2.073831023864511280e+02 5.896383115216833204e+01 8.089323197331280824e+01
2.072512702078522011e+02 5.891772838080574815e+01 8.077687002822683837e+01
2.071904092891968219e+02 5.879299781883499776e+01 8.070272966384398217e+01
2.073073999230176980e+02 5.884695599178855474e+01 8.072784513728508671e+01
2.074004201950218089e+02 5.887289902489094118e+01 8.076743328201180816e+01
2.076523158840133476e+02 5.910657236335642750e+01 8.104041891198357916e+01
2.076443225558121526e+02 5.903018026687195174e+01 8.101364511162432791e+01
2.075593886322812409e+02 5.890550744162175789e+01 8.076351680780086895e+01
2.073117141390813458e+02 5.872479150628688416e+01 8.054596163715679324e+01
2.071088112650757012e+02 5.868758018988965830e+01 8.045749615088529083e+01
2.067444797279958948e+02 5.844520143700282233e+01 8.011844688221708566e+01
2.067645624839620098e+02 5.843527392866307224e+01 8.012997818835000885e+01
2.069729856299717596e+02 5.842289260969977249e+01 8.028404541955350737e+01
2.072042372337695610e+02 5.856190338722093713e+01 8.054524955093661731e+01
2.071210578650243690e+02 5.832522132409545890e+01 8.045804144213497011e+01
2.070976744931998894e+02 5.828517449319989652e+01 8.043577431357454088e+01
2.071665094944829377e+02 5.831319284064664998e+01 8.047225109058250325e+01
2.072347895817295296e+02 5.851679817808570760e+01 8.072975044906338837e+01
2.071549044136515363e+02 5.864826789838337362e+01 8.074844752373620338e+01
2.071684180138568081e+02 5.864620220682576246e+01 8.066315755709520374e+01
2.071855786502437695e+02 5.860635745445214440e+01 8.061671798819604362e+01
2.073889883243520558e+02 5.888072876571721537e+01 8.085881447267128408e+01
2.075783166538362821e+02 5.915587310751860173e+01 8.114959905055169997e+01
2.075385328457788034e+02 5.925248909417500442e+01 8.117119579163458809e+01
2.074740762124711182e+02 5.922370733897869854e+01 8.116097959969206954e+01
2.075579003079291738e+02 5.950669745958429502e+01 8.145873749037721723e+01
2.074594752373620850e+02 5.947293110084680734e+01 8.144889337952271546e+01
2.073449929432896965e+02 5.933479599692071105e+01 8.132971195791634500e+01
2.072225269438029329e+02 5.932958044649730311e+01 8.131866820631255166e+01
2.074495477290223278e+02 5.979445085963561723e+01 8.187596227867589960e+01
2.075129715165512039e+02 6.004968244803695399e+01 8.221787593020272311e+01
2.074107165768539858e+02 6.002463433410315474e+01 8.217371054657428431e+01
2.072379137798306488e+02 5.985883051064922000e+01 8.209957338978701102e+01
2.071315884013343691e+02 6.003628432127277392e+01 8.219943225558121469e+01
2.071698293559147999e+02 6.028132858609186684e+01 8.243645432383884497e+01
2.072488035668463056e+02 6.042980497818835062e+01 8.257071465229664398e+01
2.070480946882217097e+02 6.024333461637156972e+01 8.237962214523993509e+01
2.068701020015396352e+02 6.018778226841159551e+01 8.227807287657172708e+01
2.069580638953040932e+02 6.033677187580190093e+01 8.246212791891198890e+01
2.069948165255324568e+02 6.042815306646138396e+01 8.253143764434180696e+01
2.068052476263792698e+02 6.015331344624069487e+01 8.220841352322298690e+01
2.067178470618424342e+02 6.016444701052091659e+01 8.217294393122915608e+01
2.065811842442904833e+02 6.018549204516294537e+01 8.221619515011546753e+01
2.064693289710033355e+02 6.016372530151398479e+01 8.208471580703104564e+01
2.062488613035668550e+02 5.993838208878624840e+01 8.178860020528611585e+01
2.062807351809083798e+02 5.992890685142417340e+01 8.178243199897356419e+01
2.062580478573261473e+02 5.989430972542982090e+01 8.170629330254041633e+01
2.063874807544264911e+02 6.009575955863484609e+01 8.179078137028483297e+01
2.065190563253785001e+02 6.009180780087246632e+01 8.197827816268925005e+01
2.067823165255324511e+02 6.025487554529124878e+01 8.215719784449576935e+01
2.069282011803951775e+02 6.025728124198101199e+01 8.227269373877341252e+01
2.070302091352322407e+02 6.028537336412625081e+01 8.224115024377726968e+01
2.070212439055683831e+02 6.016324095458044496e+01 8.220900692840646684e+01
2.068639081344624060e+02 6.017022709776751555e+01 8.221430266871952597e+01
2.067628881190659342e+02 6.024176610212984428e+01 8.221180074416217565e+01
2.067732775211701437e+02 6.028503015139850874e+01 8.224685014113420323e+01
2.066639690787785355e+02 6.012924364896073826e+01 8.205284834488067247e+01
2.064243103669489301e+02 6.000219078778547299e+01 8.187480112907364571e+01
2.060579227610982684e+02 5.983560431100846699e+01 8.163767962535283118e+01
2.059258981267641673e+02 5.989316140620990581e+01 8.154249101873236327e+01
2.057782942006671760e+02 5.969989735694123567e+01 8.133365409289196180e+01
2.059992333846548718e+02 5.991322170900692612e+01 8.148012573774698808e+01
2.064587471131639802e+02 6.025058698999229989e+01 8.189710674878111263e+01
2.066000866050808327e+02 6.030008018988965546e+01 8.200841673081858119e+01
2.062961540928919817e+02 5.968754811393379356e+01 8.147568001026431261e+01
2.061991147036181644e+02 5.947648511675647853e+01 8.122677380035925410e+01
2.061604118552732814e+02 5.928592186297151301e+01 8.098790415704388579e+01
2.060209488067744417e+02 5.899435463176802585e+01 8.064321914293046234e+01
2.058679817808570647e+02 5.841021619194251713e+01 8.004675391326661327e+01
2.057572523736207302e+02 5.814978829869129839e+01 7.975612329997433392e+01
2.055434693353861917e+02 5.776928085706953908e+01 7.944003079291762504e+01
2.055516390813446321e+02 5.787756607646907980e+01 7.951792725173210385e+01
2.054912176032845821e+02 5.790035925070566947e+01 7.963082499358480959e+01
2.055622754683089681e+02 5.830463818321786107e+01 8.013680074416217280e+01
2.052954933282011893e+02 5.870780408006158524e+01 8.054354952527584999e+01
2.050502052861175173e+02 5.921377662304336553e+01 8.110297985629971151e+01
2.049426129073646337e+02 5.951052732871439588e+01 8.143775340005132080e+01
2.049380132152938074e+02 5.992583718244803492e+01 8.175662047729022675e+01
2.050423915832691932e+02 6.000656915576084316e+01 8.182595907108031952e+01
2.052398800359250686e+02 6.011364831921991225e+01 8.199282140107774808e+01
2.053170515781370398e+02 6.003082499358480817e+01 8.185447459584295871e+01
2.052172408262766226e+02 5.979789260969977249e+01 8.149169232743135183e+01
2.050274217346676835e+02 5.940470554272517489e+01 8.109588144726713210e+01
2.051077014370028166e+02 5.945536630741596440e+01 8.111001411342057565e+01
2.051839940980241295e+02 5.944260007698229487e+01 8.104342122145240523e+01
2.052119418783679805e+02 5.945336476777008272e+01 8.102862458301257220e+01
2.052307287657172310e+02 5.952623813189632784e+01 8.110491082884270497e+01
2.053943001026430579e+02 5.991617590454195863e+01 8.151855914806260728e+01
2.053376347190146305e+02 5.999450538876058658e+01 8.152913779830639385e+01
2.055008307672568719e+02 6.016674685655632260e+01 8.164249422632794051e+01
2.058139145496535889e+02 6.032676417757249254e+01 8.187101295868616546e+01
2.059954901206055808e+02 6.037052861175263274e+01 8.194195855786502136e+01
2.058801770592763773e+02 6.003227482678983762e+01 8.152769117269694732e+01
2.059800615858352444e+02 5.999201950218116508e+01 8.148645432383885634e+01
2.061658615601745055e+02 6.000065434949961229e+01 8.158728509109570837e+01
2.062270560687708496e+02 6.003919040287400577e+01 8.163090197587888497e+01
2.061835931485758238e+02 5.986177829099307246e+01 8.152286374133949209e+01
2.062069444444444457e+02 5.990008018988965688e+01 8.148099820374646640e+01
2.062175263022838010e+02 5.964234026173979686e+01 8.134163779830639385e+01
2.061251058506543359e+02 5.944866564023607935e+01 8.107089427764947231e+01
2.061297376186810482e+02 5.931142224788298734e+01 8.102188863228124660e+01
2.062691974595842908e+02 5.940594688221708708e+01 8.108589940980240840e+01
2.064412047729022390e+02 5.954741788555298854e+01 8.129787336412624654e+01
2.066232903515524697e+02 5.985333589940979948e+01 8.170583140877597828e+01
2.066915800615858245e+02 6.004017192712343132e+01 8.193824736977161649e+01
2.066908262766230564e+02 6.027294713882474042e+01 8.217770400307928469e+01
2.065790159096740979e+02 6.020282589171157639e+01 8.221788234539388895e+01
2.065772228637413264e+02 6.024014305876315234e+01 8.216803310238644542e+01
2.064931581986143101e+02 6.008698999230177407e+01 8.200850654349500246e+01
2.064962278675904486e+02 5.992559661277906002e+01 8.183477995894277512e+01
2.065391230433666863e+02 5.978536694893507786e+01 8.175388760585065029e+01
2.066470939183987809e+02 5.990923466769309869e+01 8.185822106748780413e+01
2.066963208878624698e+02 5.995297985629972004e+01 8.189021041827047043e+01
2.065768411598665750e+02 6.025900372081088108e+01 8.204480690274570520e+01
2.064644470105208995e+02 6.059895432383885350e+01 8.244548049781883492e+01
2.065425423402617469e+02 6.080813125481139281e+01 8.258372786759045425e+01
2.064751764177572397e+02 6.064299781883499918e+01 8.232148768283295226e+01
2.063887285091095691e+02 6.043974210931485658e+01 8.205891390813445696e+01
2.065199865280985421e+02 6.042117013086990340e+01 8.209938414164741971e+01
2.069185655632537930e+02 6.067375224531691202e+01 8.246238131896330970e+01
2.070050840390043732e+02 6.060178342314600997e+01 8.244211573004875504e+01
2.070574095458044610e+02 6.053670772389017429e+01 8.239193289710033241e+01
2.071440723633564289e+02 6.048958172953553714e+01 8.239841224018475430e+01
2.072417853477033702e+02 6.063381126507569974e+01 8.251095714652296920e+01
2.071833429561201001e+02 6.050628367975365762e+01 8.251554400821144952e+01
2.069985469591993876e+02 6.018976777007954837e+01 8.213292917628945133e+01
2.068135552989479038e+02 5.998244162176033001e+01 8.189971452399281304e+01
2.069002662304336582e+02 6.013350333589941243e+01 8.203948550166795428e+01
