1.327366220116941804e+02 1.683408148915698348e+02 1.256516172007993504e+02
1.317463178151135992e+02 1.670001480275331289e+02 1.244093146325216424e+02
1.315305491821478654e+02 1.667692435793057371e+02 1.242150469987417694e+02
1.315806935089926810e+02 1.668014765746428907e+02 1.242710754200281258e+02
1.313206831470653526e+02 1.664523906446599142e+02 1.238448671452890295e+02
1.313724742802161245e+02 1.665839316112796951e+02 1.237254644363851668e+02
1.311627377692250889e+02 1.666346865516986213e+02 1.231002516468062993e+02
1.310496817408037771e+02 1.665529198430908195e+02 1.228988971948782449e+02
1.310479979276145457e+02 1.665435015912959784e+02 1.228101176818888263e+02
1.310758456072829574e+02 1.666212345496262230e+02 1.228516579083709530e+02
1.311786877359188850e+02 1.667792169343497903e+02 1.229799977795870092e+02
1.311505995115091423e+02 1.667626378506402318e+02 1.230452594182517885e+02
1.312087743320257687e+02 1.667661905114351271e+02 1.230482014654725731e+02
1.311215491081341042e+02 1.666634223965657498e+02 1.228947709273925000e+02
1.309213603730293869e+02 1.664999814965583482e+02 1.226666049885278653e+02
1.307561061357412484e+02 1.662796980238324238e+02 1.224117200799348666e+02
1.306462326992820806e+02 1.661837021686033609e+02 1.223466989860114040e+02
1.310407260750499461e+02 1.664884908592998158e+02 1.224802938346532386e+02
1.309738361335208481e+02 1.663092850270150223e+02 1.222071645326030591e+02
1.311894937458367281e+02 1.663094885648730781e+02 1.222049996299311658e+02
1.313792465398564104e+02 1.664739656576123252e+02 1.223271778550810467e+02
1.316200318259196251e+02 1.667139367922433451e+02 1.224995744208422792e+02
1.314481903634076048e+02 1.665445007771445489e+02 1.223954185478498999e+02
1.311127044630301270e+02 1.662759973355043996e+02 1.221817223003478716e+02
1.308617422840648317e+02 1.660923136703426906e+02 1.220035526607949095e+02
1.306636999481903558e+02 1.659473392050921348e+02 1.218735289763896077e+02
1.306076345200207243e+02 1.658695877433202668e+02 1.218709014876767043e+02
1.308098586337058578e+02 1.660864665827843965e+02 1.221506180149507799e+02
1.307049996299311658e+02 1.660108430168011182e+02 1.220662238176300747e+02
1.305581933239582497e+02 1.658609281326326652e+02 1.220161164976685626e+02
1.307452446154984784e+02 1.660162645252016773e+02 1.222750351565391185e+02
1.309406964695433260e+02 1.662091629043002001e+02 1.225240544741321855e+02
1.311059507068314645e+02 1.663174635482199619e+02 1.226435311968025985e+02
1.310335467396935769e+02 1.661918806898083005e+02 1.225053659980756464e+02
1.309212678558211849e+02 1.660418177781067186e+02 1.222783472725926970e+02
1.309396787802531321e+02 1.660469062245577732e+02 1.222243357264451191e+02
1.311510065872252255e+02 1.662907630819332496e+02 1.224649359780919298e+02
1.311044334246169853e+02 1.663355229072607528e+02 1.224075938124491216e+02
1.307351972466878749e+02 1.660966989860114040e+02 1.221332802901339676e+02
1.306010843016801175e+02 1.660370068832802986e+02 1.219814780549182132e+02
1.308085818962327096e+02 1.663161498038635102e+02 1.222039264303160451e+02
1.308662201169417472e+02 1.664853267707793520e+02 1.222972022796240168e+02
1.310412811782991582e+02 1.665942565317149047e+02 1.225137480571386277e+02
1.312624528162238278e+02 1.667280179113315057e+02 1.228364295759011213e+02
1.316271001406261689e+02 1.669832728887573126e+02 1.232469654355710134e+02
1.315624861224187612e+02 1.669207312560136245e+02 1.232810487750721649e+02
1.315921101324846347e+02 1.669305195766412453e+02 1.233230700910369393e+02
1.316040448523425255e+02 1.669614758345052223e+02 1.233292687439863755e+02
1.317215232033158259e+02 1.671232884316482910e+02 1.233419806083931576e+02
1.319739471541706735e+02 1.674523906446599142e+02 1.235281252312930178e+02
1.320727185256457688e+02 1.675261453630375286e+02 1.235835985493301763e+02
1.318155391902893996e+02 1.672590111760787579e+02 1.233369661757086817e+02
1.311864406779660897e+02 1.668520649840870362e+02 1.227366960254607307e+02
1.309261712678558354e+02 1.668825956627932783e+02 1.224950410776404368e+02
1.306583154466730718e+02 1.667782917622677701e+02 1.222778846865517011e+02
1.304165679816445902e+02 1.666557434682850953e+02 1.221212900599511499e+02
1.303293427577529542e+02 1.666443453482347650e+02 1.220349900081415200e+02
1.305998075642069409e+02 1.669798682554955178e+02 1.225490341203463913e+02
1.308113019021537866e+02 1.672240026644956004e+02 1.229425653171489898e+02
1.307409518170379670e+02 1.671142402486862579e+02 1.229255421508400588e+02
1.308619458219228875e+02 1.672335874472651938e+02 1.233576530234623618e+02
1.308156317074976016e+02 1.672227999407889740e+02 1.233393901265635435e+02
1.305239619569239835e+02 1.671168677373991613e+02 1.231596291910295378e+02
1.301472318851306227e+02 1.668534527422100382e+02 1.228196839612167821e+02
1.297742395085485896e+02 1.665573606690844599e+02 1.225412811782991582e+02
1.295429464880467663e+02 1.664035230552882751e+02 1.223684220264969298e+02
1.297199689142180432e+02 1.666418658870549905e+02 1.225764192139737929e+02
1.303067315520686975e+02 1.667250018503441709e+02 1.226879764636222347e+02
1.303287321441788151e+02 1.663508807638220617e+02 1.223541928798756544e+02
1.305521241951002764e+02 1.661671600917770775e+02 1.222430056990600207e+02
1.308397972022796125e+02 1.663282695581378050e+02 1.224146991340389263e+02
1.309318703278809721e+02 1.663147990526237834e+02 1.223859447857301461e+02
1.311502294426763342e+02 1.663571534305380908e+02 1.224576826289689819e+02
1.313388350233143456e+02 1.664714491895492472e+02 1.225995485160239866e+02
1.312211901413662929e+02 1.662986270446303081e+02 1.224536303752498014e+02
1.311672341055436277e+02 1.661135186144622935e+02 1.223664051513581512e+02
1.313490859299829765e+02 1.662329398268077796e+02 1.224942454296499079e+02
1.310741432906520743e+02 1.662183036044704352e+02 1.222779957072015407e+02
1.307653023462364104e+02 1.660719228776552541e+02 1.219525386721930289e+02
1.305350455184664327e+02 1.661380541780771125e+02 1.218558766930649142e+02
1.303817630079194601e+02 1.660944970764562072e+02 1.217792354377914279e+02
1.301360928132632750e+02 1.658555621345570330e+02 1.214853082673377287e+02
1.305051994671008799e+02 1.661399600325660515e+02 1.218190733476426573e+02
1.308404078158537516e+02 1.663908296943231448e+02 1.222037598993412786e+02
1.309215084005625158e+02 1.663535452594182402e+02 1.223071386277847665e+02
1.310208163718451715e+02 1.662917622677818201e+02 1.223454222485382274e+02
1.309889719487824777e+02 1.661761712678558354e+02 1.222883761379616629e+02
1.306837576789282878e+02 1.660607282954629511e+02 1.220620975501443297e+02
1.302558655909999175e+02 1.659798867589371696e+02 1.218519169565539215e+02
1.302053882022055973e+02 1.660738842424690915e+02 1.218748612241876970e+02
1.300333987121604480e+02 1.660081785212049397e+02 1.217035748649248745e+02
1.296531529864554670e+02 1.656397379912663723e+02 1.213175190585448888e+02
1.298818370216860387e+02 1.656180334542224841e+02 1.213957701132410563e+02
1.303794870845977414e+02 1.657591221967285833e+02 1.216020279772037611e+02
1.306983753978240088e+02 1.658597069054844155e+02 1.217126045444452700e+02
1.306127229664717504e+02 1.655994930056990597e+02 1.215201502479461197e+02
1.308627599733550539e+02 1.657788838724002574e+02 1.216258234031529923e+02
1.309845681296721125e+02 1.659691177559026016e+02 1.218774146991340359e+02
1.310060136185330464e+02 1.660943675523647300e+02 1.220069572940566900e+02
1.308445155798978590e+02 1.659901561690474523e+02 1.220219080749019298e+02
1.308452372141218234e+02 1.659986862556435483e+02 1.220929612908000905e+02
1.307953149285767154e+02 1.659774072977573951e+02 1.221170527718155512e+02
1.309575901117607941e+02 1.660879098512323253e+02 1.221764858263637024e+02
1.311104285397083800e+02 1.662192102731108037e+02 1.221801865146917265e+02
1.309522426171267853e+02 1.660541780771223443e+02 1.219243024202501715e+02
1.311470838575975222e+02 1.662099030419658163e+02 1.220597476130560324e+02
1.311959514469691328e+02 1.662451891051735515e+02 1.220496632373621537e+02
1.308138923839834149e+02 1.661800939974835387e+02 1.220731256013618520e+02
1.305672970172452096e+02 1.660978461993930750e+02 1.221621456590925874e+02
1.305032936126119409e+02 1.661611464732440311e+02 1.223689401228628526e+02
1.305410036266745522e+02 1.663308045296425064e+02 1.225251646806305956e+02
1.305941085041817757e+02 1.664640663163348506e+02 1.226807416179409387e+02
1.305098623343941995e+02 1.663664606616830781e+02 1.225161905114351271e+02
1.303246798904596346e+02 1.661550588409444060e+02 1.222017060173192249e+02
1.305054215084005591e+02 1.662772925764192280e+02 1.222556250462586007e+02
1.306897712974613341e+02 1.664649359780919156e+02 1.222758123010879956e+02
1.306354266893642091e+02 1.664394567389534529e+02 1.221917141588335483e+02
1.304326844793131386e+02 1.661890496632373697e+02 1.219071867367330384e+02
1.303396491747465120e+02 1.660211124269114009e+02 1.217970172452076127e+02
1.306080600991784593e+02 1.663125786396269632e+02 1.220485900377470188e+02
1.310368958626304448e+02 1.666060802309229416e+02 1.224479683221079114e+02
1.311607764044112230e+02 1.667150840056250445e+02 1.225652246317815184e+02
1.309801088002368488e+02 1.665732366220117058e+02 1.223307120124343186e+02
1.307706313374287674e+02 1.664390681666789931e+02 1.221711938420546204e+02
1.308701428465694505e+02 1.665548997113463088e+02 1.222510546961734832e+02
1.310824513359484911e+02 1.667933720672045013e+02 1.224302050181333783e+02
1.312974798312486087e+02 1.670551032492043646e+02 1.227069609947450175e+02
1.311741173858337675e+02 1.669455073643697745e+02 1.226290059951150937e+02
1.310614499296869155e+02 1.667828436089112643e+02 1.225255162460217662e+02
1.312509251720820203e+02 1.669765746428835769e+02 1.228036599807564215e+02
1.315145992154540693e+02 1.672205610243505305e+02 1.230971985789356751e+02
1.314804973725112802e+02 1.671735807860262071e+02 1.230802309229516709e+02
1.314691177559026016e+02 1.672613796166086786e+02 1.229240063651839279e+02
1.314188068980830337e+02 1.673736214935977955e+02 1.227428021612019791e+02
1.312496669380504670e+02 1.672568092665235611e+02 1.225337317741099810e+02
1.312673192213751747e+02 1.673183147065354035e+02 1.224498001628302859e+02
1.312866738213307656e+02 1.673787839538154003e+02 1.224898416105395569e+02
1.313541188661091041e+02 1.674826807786248253e+02 1.226059507068314645e+02
1.311484901191621759e+02 1.672962586041003590e+02 1.225307712234475588e+02
1.309895270520316899e+02 1.671645326030641741e+02 1.224564428983790947e+02
1.309915254237288025e+02 1.671785212049441327e+02 1.224684331285619123e+02
1.310215935163940628e+02 1.672652098290282083e+02 1.225003515653911563e+02
1.308403338020872013e+02 1.670248871290060038e+02 1.225446488046776636e+02
1.307009473762119853e+02 1.668167789208792726e+02 1.224846791503219663e+02
1.304943379468581099e+02 1.665359521871068011e+02 1.222796980238324380e+02
1.307153800606913023e+02 1.667027422100510705e+02 1.226027311079860880e+02
1.309959477462808195e+02 1.670380430760121442e+02 1.229199726149063707e+02
1.310949411590555940e+02 1.672240211679372237e+02 1.229141625342313660e+02
1.308598734364591678e+02 1.669609392346976620e+02 1.226290615054400064e+02
1.305909814225445871e+02 1.665590814891569948e+02 1.222740174672489104e+02
1.305138405743468297e+02 1.665130264229146633e+02 1.222247057952779272e+02
1.307910776404411308e+02 1.667579564799052605e+02 1.224635297165272760e+02
1.308713455702760768e+02 1.667217267411738533e+02 1.223936977277773650e+02
1.309670823773221855e+02 1.667793094515579924e+02 1.224273369846791439e+02
1.308029198430908195e+02 1.665818962326992789e+02 1.222588446451039914e+02
1.308700688328029003e+02 1.666131115387462103e+02 1.223197024646584197e+02
1.308887203019761785e+02 1.665896861816297871e+02 1.222823255125453272e+02
1.307224483753978177e+02 1.666410887425060992e+02 1.223400192435793059e+02
1.304751683813189231e+02 1.665966434756864771e+02 1.223680704611057593e+02
1.304859188809118393e+02 1.667841018429427891e+02 1.226052290726075000e+02
1.306589630671304860e+02 1.671677151950262612e+02 1.228529531492857672e+02
1.308088224409740121e+02 1.674292613426097205e+02 1.230943305454814549e+02
1.307032788098586309e+02 1.672295351935460133e+02 1.229318703278809863e+02
1.305328991192361912e+02 1.669846236399970394e+02 1.227255569535933688e+02
1.306013988601879987e+02 1.669881763007919346e+02 1.227429501887351080e+02
1.307317741099844568e+02 1.671045999555917376e+02 1.228963437199319060e+02
1.307183591147953621e+02 1.670371919176967026e+02 1.228159092591221935e+02
1.309703759899341264e+02 1.671628672933165660e+02 1.230041262674857592e+02
1.312380282732588341e+02 1.672967396935829925e+02 1.231909185108430194e+02
1.315351935459995616e+02 1.674783694767226621e+02 1.234050033306194933e+02
1.313858337650802923e+02 1.672438938642587516e+02 1.231786322255939581e+02
1.313394086300051811e+02 1.672165642809562485e+02 1.231412367700392281e+02
1.315573791725260833e+02 1.674982976833691168e+02 1.233031788912737738e+02
1.317220598031233862e+02 1.676952483161868201e+02 1.234620124343127827e+02
1.313764155132854796e+02 1.673517134186958799e+02 1.231138146695285371e+02
1.311825549552216614e+02 1.671704352009473666e+02 1.228130412256679733e+02
1.312549219154762739e+02 1.672585300865960960e+02 1.228706054326104606e+02
1.313504551846643551e+02 1.673482532751091583e+02 1.230819702464658434e+02
1.314739656576123252e+02 1.675110280512175223e+02 1.231956368884612516e+02
1.312869698763970234e+02 1.673686810746798983e+02 1.230369143660720823e+02
1.312833802087188246e+02 1.675720153948634561e+02 1.231869772777736642e+02
1.313274554067056386e+02 1.676785952187106830e+02 1.232007808452372188e+02
1.315821182739989581e+02 1.678285286063207877e+02 1.231271556509510816e+02
1.318706054326104606e+02 1.679048923099696538e+02 1.229682665975871458e+02
1.317161387017985419e+02 1.677618977129746156e+02 1.226793538598179225e+02
1.318006994300939994e+02 1.678784323884242440e+02 1.227506291170157624e+02
1.318117459847531734e+02 1.678184257271852573e+02 1.227092739249500397e+02
1.315813411294500668e+02 1.677641366294130592e+02 1.227167493153726525e+02
1.313094330545481512e+02 1.679265043298053399e+02 1.230275146177188930e+02
1.311504514839760134e+02 1.680498482717785578e+02 1.232645066982458673e+02
1.309400673525275636e+02 1.679654725778994759e+02 1.232435978091925080e+02
1.307855636148323697e+02 1.678248834283176620e+02 1.231938235511805146e+02
1.307367515357856576e+02 1.675966619791281289e+02 1.229774443046406702e+02
1.306330212419510133e+02 1.673621123528976398e+02 1.227511102064984101e+02
1.308822626008437453e+02 1.676141477314780559e+02 1.229746317815113628e+02
1.311630523277329701e+02 1.678765450373769568e+02 1.231773369846791439e+02
1.312940566945451906e+02 1.679814225445933005e+02 1.232889497446524985e+02
1.313898675153578495e+02 1.679930427059433100e+02 1.233748057138627843e+02
1.315465546591666168e+02 1.681314484494115788e+02 1.234821256753756131e+02
1.317593997483531894e+02 1.683770816371845171e+02 1.237042224853822745e+02
1.315702390644659943e+02 1.681611279698023793e+02 1.235064391976907672e+02
1.313921064317963214e+02 1.679464325364517663e+02 1.233487713714750953e+02
1.312595662793279416e+02 1.677840648360595139e+02 1.232305158759529320e+02
1.310417992746650953e+02 1.675688883132262674e+02 1.230665568795796077e+02
1.307929834949300698e+02 1.672525164680630496e+02 1.228749537413958990e+02
1.309129598105247680e+02 1.674100547701872586e+02 1.230902227814373475e+02
1.311511176078750509e+02 1.676130930353045585e+02 1.232944082599363469e+02
1.311247872104211467e+02 1.675268855007031448e+02 1.232392495004070696e+02
1.312394160313818361e+02 1.674793131522463057e+02 1.232548664051513612e+02
1.314990008141514295e+02 1.676661794093701303e+02 1.234548701058396887e+02
1.317887832136777320e+02 1.679709125897416868e+02 1.237122899859373888e+02
1.318379098512323253e+02 1.680000185034416518e+02 1.237059433054548094e+02
1.317209310931833386e+02 1.679388461253793139e+02 1.234626230478869076e+02
1.318407778846865597e+02 1.681800384871586118e+02 1.233452557175634610e+02
1.321124269114055210e+02 1.685091036932869599e+02 1.235775294204722030e+02
1.323326548738065185e+02 1.687462438013470489e+02 1.237182295907038707e+02
1.321485641329287262e+02 1.686000851158315470e+02 1.234955406705647221e+02
1.318044556287469504e+02 1.682870253867219219e+02 1.230514765746428765e+02
1.316439937828436086e+02 1.681619976315594727e+02 1.228414995189105241e+02
1.313862593442380273e+02 1.680333802087188246e+02 1.226351676411812548e+02
1.309334246169787548e+02 1.675405225371919187e+02 1.221812597143068615e+02
1.307888017171193837e+02 1.674218044556287452e+02 1.220516246021760054e+02
1.310726630153208419e+02 1.677066279327954987e+02 1.224889904522241153e+02
1.310770668344312071e+02 1.676870512915402287e+02 1.226108911257493901e+02
1.310437236325956576e+02 1.675626711568351652e+02 1.226058951965065518e+02
1.310070868181481671e+02 1.675003515653911563e+02 1.225892791059137039e+02
1.312315520686847776e+02 1.677535711642365470e+02 1.228442010213899778e+02
1.316548738065280020e+02 1.681181999851972364e+02 1.232331063577825461e+02
1.319895270520316899e+02 1.682288135593220204e+02 1.233450521797054193e+02
1.320659832728887579e+02 1.681416253423136595e+02 1.232291096143882783e+02
1.323421841462512134e+02 1.683147620457405083e+02 1.233967692990896268e+02
1.325427059433054637e+02 1.685233698467914962e+02 1.235849307971282656e+02
1.321907519798682529e+02 1.685357486492487737e+02 1.235269595144696950e+02
1.318345052179705306e+02 1.684693397972022808e+02 1.234394567389534387e+02
1.314752608985271252e+02 1.682467989045962611e+02 1.232071830360447109e+02
1.311279512989416105e+02 1.681721930279031767e+02 1.230580082895418599e+02
1.311691029531492916e+02 1.683115979572200445e+02 1.231965990674265470e+02
1.314159203611871760e+02 1.685471467692990757e+02 1.235275331211605305e+02
1.313781363333580146e+02 1.684395307527200032e+02 1.236475464436385181e+02
1.312252053882021983e+02 1.683066205314188437e+02 1.235190400414477097e+02
1.312690030345644345e+02 1.684189179187328875e+02 1.237653763600029606e+02
1.314576641255273444e+02 1.686603138183702129e+02 1.239055954407519806e+02
1.316763748057138628e+02 1.688406113537117790e+02 1.242130486270446283e+02
1.315526052845829383e+02 1.686526718969728336e+02 1.241345015172822173e+02
1.313618718081563088e+02 1.684682665975871600e+02 1.239840315298645521e+02
1.312626193471985800e+02 1.684073902745910800e+02 1.239436200133224730e+02
1.314040226482125604e+02 1.685279957072015407e+02 1.240415032195988516e+02
1.315426874398638120e+02 1.685778809858633736e+02 1.238360410036266757e+02
1.316469543335060450e+02 1.685931833320997839e+02 1.237511287099400477e+02
1.318842794759825381e+02 1.687908741025830750e+02 1.239143290652061324e+02
1.318752127895788533e+02 1.687186366664199682e+02 1.236901043594108529e+02
1.317809007475390501e+02 1.686276552438753527e+02 1.234873991562430575e+02
1.320901487676707973e+02 1.688745096587965406e+02 1.236550588409444202e+02
1.323242543113018996e+02 1.690913329879357434e+02 1.238850196136481401e+02
1.322786618311005782e+02 1.690641699356080210e+02 1.238050107319961484e+02
1.322822144918955019e+02 1.690733846495448063e+02 1.237258160017763373e+02
1.322437643401672744e+02 1.690248316186810769e+02 1.237056472503885658e+02
1.321931389238398253e+02 1.688851306342979797e+02 1.236315594700614326e+02
1.321709162904300285e+02 1.689447672267041582e+02 1.237192102731108037e+02
1.324082229294648698e+02 1.691939530752719918e+02 1.240191695655391868e+02
1.326978017911331449e+02 1.694522611205684370e+02 1.243578195544371283e+02
1.325783065650210801e+02 1.693815039597365057e+02 1.242909111094663643e+02
1.324954481533565342e+02 1.692731478054918171e+02 1.243665901857745553e+02
1.325794167715195044e+02 1.693918288801717154e+02 1.246796314114425286e+02
1.326844608097106004e+02 1.695765487380652701e+02 1.250065687217822585e+02
1.328449411590555940e+02 1.697151950262748983e+02 1.251718229590703828e+02
1.326632188587077223e+02 1.695614499296869155e+02 1.250161905114351271e+02
1.328257715935164072e+02 1.696546517652283228e+02 1.250435941085041804e+02
1.330170416697505686e+02 1.699249315372659339e+02 1.251594441566131337e+02
1.331679742432092439e+02 1.700635038117089834e+02 1.251929538894234355e+02
1.331289134779068775e+02 1.700181888831322681e+02 1.251646991340389263e+02
1.333059914144030813e+02 1.702428946784101811e+02 1.252420065132114644e+02
1.333023277329583323e+02 1.701527089038561087e+02 1.249789985937384387e+02
1.332806416993560674e+02 1.700583413514913786e+02 1.248266042483901970e+02
1.334129598105247680e+02 1.700768447931315279e+02 1.247987935756050604e+02
1.337448190363407718e+02 1.703149285767152605e+02 1.249295203907926890e+02
1.338585966989860196e+02 1.704046887721116263e+02 1.250050329361261134e+02
1.339158833543039009e+02 1.705147472429871982e+02 1.252669306491007291e+02
1.338558026792983355e+02 1.706599067426541296e+02 1.256990785286063215e+02
1.339009695803419504e+02 1.708402227814373475e+02 1.258144844941159022e+02
1.337541262674857592e+02 1.707815113611131608e+02 1.258264007105321554e+02
1.339360706091333100e+02 1.709707460587669345e+02 1.260575272000592122e+02
1.339212863592628366e+02 1.709851972466878749e+02 1.259825697579749857e+02
1.339794796832210864e+02 1.709637887647102445e+02 1.258979165124713262e+02
1.339246909925246030e+02 1.708345237214121823e+02 1.258226630153208561e+02
1.338306379986677541e+02 1.707851935459995616e+02 1.256526348900895584e+02
1.339052438753608101e+02 1.707939271704537134e+02 1.256968211087262262e+02
1.338169454518540533e+02 1.707989045962549142e+02 1.255738472355858164e+02
1.339825142476500730e+02 1.709974465250536468e+02 1.257763489008955702e+02
1.339294648804677763e+02 1.709160868921619283e+02 1.257718895714602922e+02
1.339409185108430052e+02 1.709734660646880400e+02 1.257750906668640312e+02
1.340040337502775571e+02 1.710870216860336086e+02 1.258460143586707147e+02
1.341547627858781766e+02 1.711900488490859402e+02 1.259972244837539819e+02
1.341626637554585102e+02 1.711409222115313469e+02 1.259913218858707751e+02
1.342231515061801588e+02 1.711816482865812930e+02 1.259938568573754765e+02
1.341224002664495458e+02 1.710384131448449523e+02 1.258106172748131115e+02
1.341032121974687357e+02 1.709809044482273634e+02 1.257972392865072919e+02
1.343117459847531734e+02 1.712160831914736150e+02 1.259725408926060197e+02
1.345914810154688723e+02 1.715061431426245235e+02 1.262101990970320458e+02
1.346020464806454129e+02 1.714641588335430527e+02 1.262214676929908990e+02
1.345253497150469855e+02 1.714224520760861594e+02 1.262539782399526302e+02
1.344100917770705337e+02 1.713310635778254891e+02 1.260705166160905861e+02
1.346070239064465852e+02 1.715276441418103843e+02 1.262665605802679352e+02
1.347237806231959212e+02 1.716372585300865978e+02 1.263487158611501684e+02
1.348751387758123030e+02 1.717998297683369060e+02 1.264994078898675127e+02
1.346215676115757560e+02 1.715905373399452287e+02 1.263130782325512484e+02
1.345553252905040438e+02 1.714753719191769790e+02 1.261975797498334657e+02
1.345803419436014963e+02 1.714481348530826779e+02 1.262504995929242853e+02
1.346873473466064581e+02 1.715791022130116232e+02 1.263552475760491518e+02
1.348444045592480336e+02 1.717021130930353081e+02 1.264864739841610515e+02
1.346610724594774524e+02 1.715626341499518901e+02 1.263231626082451271e+02
1.344801273036784721e+02 1.713688476056546506e+02 1.261816297831396696e+02
1.345453149285767154e+02 1.714531677892088055e+02 1.263127266671600921e+02
1.347223743616312674e+02 1.716287839538154003e+02 1.266025460735696839e+02
1.347085152838427859e+02 1.716362038339131004e+02 1.266366849233957481e+02
1.345490526237880147e+02 1.714927281474354288e+02 1.264999814965583624e+02
1.343428317667085992e+02 1.713423321737843139e+02 1.263071201243431290e+02
1.342980904448227477e+02 1.713005884094441456e+02 1.262441714158833577e+02
1.343319702464658292e+02 1.713935311968025985e+02 1.262792724446747030e+02
1.344306676041743742e+02 1.715154318703278875e+02 1.263579120716453303e+02
1.344442491303382496e+02 1.714977055732366296e+02 1.263415550292354368e+02
1.343808193323958164e+02 1.714723558581896157e+02 1.262900414477092710e+02
1.345717193397971982e+02 1.715486455480719314e+02 1.264485234253571235e+02
1.350021278957886182e+02 1.716657908370956989e+02 1.267245392643031607e+02
1.348097846199393075e+02 1.713808193323958164e+02 1.264716157205240137e+02
1.347580119902301874e+02 1.712182851010287834e+02 1.263420916290429972e+02
1.344932092369180623e+02 1.708593738435349110e+02 1.260413181851824476e+02
1.339872326252682910e+02 1.705704796092073252e+02 1.256757826955813755e+02
1.335173932351417250e+02 1.702326807786248253e+02 1.253074901931759371e+02
1.335817297017245266e+02 1.704784619939308641e+02 1.255136740433720632e+02
1.336335948486418488e+02 1.706148323588187452e+02 1.256429575901117630e+02
1.334083154466730718e+02 1.704716342239656512e+02 1.253999888979350175e+02
1.334325364517800381e+02 1.702695581378136467e+02 1.252426541336688643e+02
1.332763303974539326e+02 1.701027311079860738e+02 1.250951817037969107e+02
1.334426948412404670e+02 1.700579897861002223e+02 1.250665938864628828e+02
1.335180593590407909e+02 1.700484235067722523e+02 1.250079194730219854e+02
1.335242210051069378e+02 1.699998519724668711e+02 1.249077973503071632e+02
1.333870919991118456e+02 1.699538339131078430e+02 1.248620753460143646e+02
1.332769965213529701e+02 1.699919139960032624e+02 1.248947524239508482e+02
1.331109836429575921e+02 1.699276700466286627e+02 1.247371031011768139e+02
1.327978684035230685e+02 1.697132151580193806e+02 1.245168381318925270e+02
1.329955406705647363e+02 1.699623084893790121e+02 1.247458552290726033e+02
1.330242025016653145e+02 1.700514765746428907e+02 1.248044186218636611e+02
1.330410221301162039e+02 1.700746983939012580e+02 1.247749056324476413e+02
1.329963363185552510e+02 1.701052475760491518e+02 1.247745170601731957e+02
1.330674635482199619e+02 1.702007993486788564e+02 1.248264007105321554e+02
1.331560210199097014e+02 1.703395751609799333e+02 1.249747983124861292e+02
1.331605173562282687e+02 1.703854821996891360e+02 1.250762156761157513e+02
1.332587706313374269e+02 1.705608578195544283e+02 1.252734623639996983e+02
1.332390829694323031e+02 1.706891236770039200e+02 1.253709014876767043e+02
1.330822663015320870e+02 1.705224631781511277e+02 1.253128931981348586e+02
1.330939974835319504e+02 1.705717933535637769e+02 1.253787654503737627e+02
1.333458108208126589e+02 1.707094034490415311e+02 1.254721893272148634e+02
1.334058174820516740e+02 1.706990415217230463e+02 1.254187698911997586e+02
1.333371142032418106e+02 1.705246465842646728e+02 1.252299422692620823e+02
1.333004773887943202e+02 1.704269854192879734e+02 1.251360187994967106e+02
1.334366442158241455e+02 1.705442417289615946e+02 1.253243653319517392e+02
1.334904892309969568e+02 1.706278032714084816e+02 1.253133742876174921e+02
1.334354414921175476e+02 1.705961808896454670e+02 1.251787247428021601e+02
1.335503478647028430e+02 1.706877359188809180e+02 1.252936681222707449e+02
1.336606283768780941e+02 1.706510065872252255e+02 1.252813078232551192e+02
1.336300606912885769e+02 1.706569646954333450e+02 1.252905225371919187e+02
1.338137628598919378e+02 1.708754718377618360e+02 1.256004181777810658e+02
1.340554548145955209e+02 1.711273221819258481e+02 1.258700503293612627e+02
1.340786951372955400e+02 1.710502368440529892e+02 1.258867034268373857e+02
1.340123047886906988e+02 1.709314077418399904e+02 1.257810117681888897e+02
1.342050921471393679e+02 1.711238250314558513e+02 1.260461105765672443e+02
1.340364332765894346e+02 1.709862149359780972e+02 1.258418510843016804e+02
1.338707904670268647e+02 1.708403338020872013e+02 1.256315779735030702e+02
1.341199393087114231e+02 1.711204389016357084e+02 1.258731033972318869e+02
1.342559025978831926e+02 1.712853785804159656e+02 1.260351935459995616e+02
1.340978091925097999e+02 1.710887610095477669e+02 1.258285841166457004e+02
1.337508881651987167e+02 1.706686033602250063e+02 1.254231922137517614e+02
1.336657908370956989e+02 1.705250166530974809e+02 1.253569313892383974e+02
1.339949485604322490e+02 1.706597032047961022e+02 1.256078935682036928e+02
1.341734882688180051e+02 1.707780327140848158e+02 1.257879875656872173e+02
1.342747205980312231e+02 1.708361520242765152e+02 1.258879986677521998e+02
1.340368958626304448e+02 1.707223373547479923e+02 1.256015838946044028e+02
1.339100917770705337e+02 1.706852379542594917e+02 1.253475131374435705e+02
1.337996632373621537e+02 1.706339834209162802e+02 1.252163607430982211e+02
1.337526829990378303e+02 1.706171267855821156e+02 1.250481459551476604e+02
1.338644807934275889e+02 1.707338464954481481e+02 1.250119902301828176e+02
1.338117459847531734e+02 1.706443083413514898e+02 1.250540670564725048e+02
1.337187291836281418e+02 1.705704981126489486e+02 1.249489490045148443e+02
1.337149174746502922e+02 1.705411516542076811e+02 1.249249315372659339e+02
1.336657168233291486e+02 1.705125638368736531e+02 1.248591147953519425e+02
1.337740914810154607e+02 1.706303012360299078e+02 1.249310746798904574e+02
1.338181481755606512e+02 1.707182480941455083e+02 1.250822663015320870e+02
1.336540411516542122e+02 1.707044445266819537e+02 1.250698504921915486e+02
1.337754052253719124e+02 1.708290652061283481e+02 1.252245947746280876e+02
1.337502035378580274e+02 1.708899785360077033e+02 1.253107467989046029e+02
1.336601842942787357e+02 1.708133927910591296e+02 1.252623232921323364e+02
1.338101361853304638e+02 1.710004255791577350e+02 1.254466545777514597e+02
1.340261268595958768e+02 1.711974317223003368e+02 1.257076826289689819e+02
1.342495744208422650e+02 1.713990082155280845e+02 1.259484494115905591e+02
1.342031677892088055e+02 1.713372807342165629e+02 1.258994522981274571e+02
1.343790985123232815e+02 1.715865590999925985e+02 1.260555103249204336e+02
1.342306639034860609e+02 1.714549626230478907e+02 1.259835689438235562e+02
1.342487972762934021e+02 1.713878321367774333e+02 1.259641773369846760e+02
1.345409481163496537e+02 1.716320590629857179e+02 1.262373066390348555e+02
1.345770853378728305e+02 1.716160165790837198e+02 1.262876174968544092e+02
1.343811708977870012e+02 1.713506402190807592e+02 1.260346754496336388e+02
1.343318777292576556e+02 1.714079268743986404e+02 1.259557027607134927e+02
1.346335948486418488e+02 1.717084227666345839e+02 1.261772999777958688e+02
1.344725778994892949e+02 1.715838575975131448e+02 1.259755384501517312e+02
1.346396454740581703e+02 1.717625083265487262e+02 1.260944970764562214e+02
1.347587521278957752e+02 1.719138849826067599e+02 1.261809636592406179e+02
1.347764599215454098e+02 1.718888498260676556e+02 1.262152875434830861e+02
1.345886314854562897e+02 1.716833876100954797e+02 1.259705795277921681e+02
1.347605099548516137e+02 1.718554511139071792e+02 1.262673932351417392e+02
1.349563503811708927e+02 1.720136555399304257e+02 1.265280697209681051e+02
1.347841203463844408e+02 1.717990156169047395e+02 1.263338205906298555e+02
1.346181444748723379e+02 1.716724520760861594e+02 1.261500814151432195e+02
1.345290689068166614e+02 1.716332987935755909e+02 1.260371364073717757e+02
1.345849307971282656e+02 1.717226149063725984e+02 1.260715713122640835e+02
1.347961475834505336e+02 1.719542224853822745e+02 1.262862297387314072e+02
1.349725593960476715e+02 1.721714898971208640e+02 1.264408444970764549e+02
1.351467692990896410e+02 1.724130893346162452e+02 1.267308859447857259e+02
1.349774628080822936e+02 1.722212826585744949e+02 1.266778920879283561e+02
1.349069461919917217e+02 1.721879579601805972e+02 1.266603323218118504e+02
1.352565317148989834e+02 1.724052253719191867e+02 1.271791503219598809e+02
1.354035785656132020e+02 1.726712123454962580e+02 1.273551735622825873e+02
1.350132114573310673e+02 1.723207386573902795e+02 1.268732514247650016e+02
1.346748760269410070e+02 1.720373954555547300e+02 1.265251831840722332e+02
1.347562726667160007e+02 1.721874768706979637e+02 1.266205684257271855e+02
1.346954148471615724e+02 1.721468618162978430e+02 1.264925801199022999e+02
1.344277440603952414e+02 1.718476981718599745e+02 1.261670305676855861e+02
1.341046369624750128e+02 1.714987972762934021e+02 1.257673562282584498e+02
1.340743098216268265e+02 1.714675079564798921e+02 1.257890607653023523e+02
1.339644733920509339e+02 1.713757123825031385e+02 1.256545407445784974e+02
1.339511324106283894e+02 1.713157797350307021e+02 1.256500814151432195e+02
1.339146806305973030e+02 1.712590851898453082e+02 1.255904633261786643e+02
1.342926689364221886e+02 1.715222781437347237e+02 1.259160498852786674e+02
1.342760713492709783e+02 1.714632706683443075e+02 1.259085189845311277e+02
1.340658167419140057e+02 1.711419584042631925e+02 1.256306528014210642e+02
1.343340426319295489e+02 1.714082969432314485e+02 1.259301125009251763e+02
1.345100473688106035e+02 1.716096328917178653e+02 1.261387573088594536e+02
1.342034453408333832e+02 1.712635075123972968e+02 1.257333469025238628e+02
1.338964547405817598e+02 1.710193916068388660e+02 1.254540744578491598e+02
1.339786840352305433e+02 1.711431796314114422e+02 1.253692176744874587e+02
1.338115609503367693e+02 1.710310857819554542e+02 1.252425061061357354e+02
1.338085818962327096e+02 1.710532344015987007e+02 1.252539597365109927e+02
1.336500999185848571e+02 1.710027755162460323e+02 1.252227074235807862e+02
1.339193990082155210e+02 1.713767670786766359e+02 1.255525497742580114e+02
1.340686292650432847e+02 1.715712752571978399e+02 1.257692065724224761e+02
1.339800347864702701e+02 1.714915254237288025e+02 1.257314595514765756e+02
1.339539079268743933e+02 1.715061616460661753e+02 1.257336429575901064e+02
1.342609540374509720e+02 1.717782362519428716e+02 1.261490822292946490e+02
1.341377766264525064e+02 1.716121123528976398e+02 1.261847753682184816e+02
1.343389090370808958e+02 1.717840463326178622e+02 1.263949374583672522e+02
1.344036155724964772e+02 1.718585226852194410e+02 1.264594589593664438e+02
1.343834283176670965e+02 1.718480312338094791e+02 1.264686551698615915e+02
1.340702945747909212e+02 1.714960587669306449e+02 1.260432425431130241e+02
1.339643438679594283e+02 1.715001665309747523e+02 1.259561653467545028e+02
1.343832247798090407e+02 1.719725223891643964e+02 1.263730478869069600e+02
1.346487861742284053e+02 1.722292761453630305e+02 1.266171082821404781e+02
1.343990822292946348e+02 1.719968174080378844e+02 1.263664421582414263e+02
1.346668825401524714e+02 1.722224298719561943e+02 1.263562467618977081e+02
1.349182702982754734e+02 1.724911738583376462e+02 1.265195951446969076e+02
1.348805232773295870e+02 1.724656391088742566e+02 1.265041632743690343e+02
1.349404744282436468e+02 1.725598956405891613e+02 1.265237029087410292e+02
1.351014173636296221e+02 1.727087743320257687e+02 1.266356487306639025e+02
1.351287099400488501e+02 1.728513063429797967e+02 1.267951669010436007e+02
1.348458848345792376e+02 1.726146843312856163e+02 1.265868736585004797e+02
1.346081341129450095e+02 1.724660831914736150e+02 1.263692176744874587e+02
1.344660646880319632e+02 1.724248205166160801e+02 1.263702908741025794e+02
1.346644400858559720e+02 1.726520242765154194e+02 1.265658537487972808e+02
1.348831877729257656e+02 1.727849530012582306e+02 1.267228739545555527e+02
1.350258678114129225e+02 1.728754903412034594e+02 1.267487232625268234e+02
1.350781955443712548e+02 1.728673488268817948e+02 1.267333283990822252e+02
1.354433239582562294e+02 1.731437717415439295e+02 1.270765487380652843e+02
1.356814632521648889e+02 1.732049811264895141e+02 1.271942676337798872e+02
1.356870882984235038e+02 1.733023092295166805e+02 1.273329694323144139e+02
1.358570794167715121e+02 1.735256642735548951e+02 1.276176818888313278e+02
1.358498075642069409e+02 1.735452594182517885e+02 1.277125490341203431e+02
1.360241839982236627e+02 1.736827029827547904e+02 1.278875545851528415e+02
1.358171304862704574e+02 1.734912663755458482e+02 1.277294611797794346e+02
1.356486566501369282e+02 1.733207941677152064e+02 1.274616608689216264e+02
1.357058692916882592e+02 1.733730478869069600e+02 1.274834579231737166e+02
1.359009140700170235e+02 1.735675375619865406e+02 1.275626711568351652e+02
1.361969506328177033e+02 1.736196247502035419e+02 1.273162238176300747e+02
1.360480904448227477e+02 1.734412700762341899e+02 1.271429020797868361e+02
1.357384538524165407e+02 1.732958700318259275e+02 1.270631892532011022e+02
1.356961364813855369e+02 1.732920028125231227e+02 1.271397749981496617e+02
1.357903375027755146e+02 1.734491525423728717e+02 1.273372622307749253e+02
1.356080600991784593e+02 1.733439974835319504e+02 1.271775220190955480e+02
1.354120901487676747e+02 1.731559840130264263e+02 1.269888794315742757e+02
1.350984013026422872e+02 1.728507327362889612e+02 1.267322922063503796e+02
1.350618570054029988e+02 1.729117385833765184e+02 1.268568388720301954e+02
1.351218636666419854e+02 1.730272185626526493e+02 1.269336836651617233e+02
1.351621271556509498e+02 1.730303641477314898e+02 1.269512989416031417e+02
1.351770594330545521e+02 1.730373399452298031e+02 1.269814410480349380e+02
1.350102509066686309e+02 1.730165975871512103e+02 1.269465990674265470e+02
1.349646399230256861e+02 1.730570646140182021e+02 1.269354414921175334e+02
1.349068536747835196e+02 1.729733365405965628e+02 1.268698097846199460e+02
1.350622640811190820e+02 1.731894752423950763e+02 1.270574531862926477e+02
1.349523351343349873e+02 1.731064502997557497e+02 1.269602916142402478e+02
1.349953186292650571e+02 1.731412182665975763e+02 1.268833358004588803e+02
1.348184997409518076e+02 1.728708459773517916e+02 1.265154873806528002e+02
1.349377914292058449e+02 1.729788875730885991e+02 1.265372289245799777e+02
1.353194619199171029e+02 1.732903189993338628e+02 1.268517319221375175e+02
1.352285915180223412e+02 1.731361668270298253e+02 1.267351787432462373e+02
1.350682406927688533e+02 1.729769632151580083e+02 1.266874398638146744e+02
1.352559396047664961e+02 1.731706572422470458e+02 1.269015616904744235e+02
1.353295833024942567e+02 1.732659684701354479e+02 1.271133150766042519e+02
1.350840796388128240e+02 1.730731626082451271e+02 1.269232477240766741e+02
1.348955850788246664e+02 1.728806713048627159e+02 1.267605839686181639e+02
1.350782510546961817e+02 1.730181148693656894e+02 1.269159758715121029e+02
1.353145029975575540e+02 1.732117718895714518e+02 1.271679927466508815e+02
1.351657908370956989e+02 1.730098808378358513e+02 1.269906372585300858e+02
1.348769706165346633e+02 1.726811301902153843e+02 1.266915291244171442e+02
1.347898379098512294e+02 1.725673895344534117e+02 1.265746058766930702e+02
1.347295166901043615e+02 1.724552031677892217e+02 1.265975131374435705e+02
1.348430353045666550e+02 1.725826733772481703e+02 1.268088409444156639e+02
1.352378987491673570e+02 1.730349715046998824e+02 1.272575494041891773e+02
1.354600695729405686e+02 1.732641736362963627e+02 1.275741247872104225e+02
1.351062467618977223e+02 1.728511028051217409e+02 1.272446895122492805e+02
1.348882577159351683e+02 1.727998297683369060e+02 1.269750758641107211e+02
1.351061542446895203e+02 1.731238990452224016e+02 1.271464917474650349e+02
1.351769854192879734e+02 1.731736733032344091e+02 1.271802050181333783e+02
1.350519021538005973e+02 1.730234993708829734e+02 1.270291059136999507e+02
1.349379579601805972e+02 1.729495596180889549e+02 1.269029494485974396e+02
1.348253830212419473e+02 1.729436755236473857e+02 1.267270187254829352e+02
1.346273776922507466e+02 1.727683924209902955e+02 1.264135889275405162e+02
1.348902005773073824e+02 1.730844312042039803e+02 1.265559914144030813e+02
1.351171637924653908e+02 1.733485863370586912e+02 1.267913181851824476e+02
1.350968655169861563e+02 1.733564132928724746e+02 1.267753497150469997e+02
1.351621826659758767e+02 1.732411368514543710e+02 1.268871845163200334e+02
1.354876026941010991e+02 1.733261231589075635e+02 1.270733846495448205e+02
1.355765857449485736e+02 1.733051957664125666e+02 1.271564836059507115e+02
1.354878432388424301e+02 1.731375545851528273e+02 1.270720338983050794e+02
1.354025608763230082e+02 1.729186403671082815e+02 1.269443786544297268e+02
1.351843682925023984e+02 1.728441825179483260e+02 1.268631855525127605e+02
1.349324069276885609e+02 1.726734882688180051e+02 1.267061838501961404e+02
1.346907149729849777e+02 1.724344238028273253e+02 1.265568980830434498e+02
1.347239471541706735e+02 1.725090851898453082e+02 1.266864961882910166e+02
1.348437199319073443e+02 1.727208200725334848e+02 1.268984161053955972e+02
1.348810968840204225e+02 1.726727666345940406e+02 1.268833913107838072e+02
1.346811857005403112e+02 1.723612426911405464e+02 1.266394419362001287e+02
1.348360225001850381e+02 1.724769632151580083e+02 1.267783287691510594e+02
1.353489193990082242e+02 1.727354377914292058e+02 1.272230589889719425e+02
1.353741765968470077e+02 1.727678003108578082e+02 1.271641995411146411e+02
1.350843016801125032e+02 1.725057915772333672e+02 1.268268077862482386e+02
1.348771741543927192e+02 1.723350788246613945e+02 1.266623862038339183e+02
1.349431389238398253e+02 1.724662127155650921e+02 1.268310450743838373e+02
1.352103656280067980e+02 1.727485012212271442e+02 1.270839501147213326e+02
1.351866072089408704e+02 1.727587521278957752e+02 1.270732551254533291e+02
1.349738546369624714e+02 1.725638368736584880e+02 1.268845570276071300e+02
1.347366775220191073e+02 1.723436459181407656e+02 1.266718784693953097e+02
1.345232218192583957e+02 1.720554363111538692e+02 1.263669047442824365e+02
1.344478017911331449e+02 1.719611427725556894e+02 1.262976278587817376e+02
1.348675523647398506e+02 1.723346347420620361e+02 1.266865516986159435e+02
1.352981829620309497e+02 1.727399526311893965e+02 1.270771038413144822e+02
1.348641477314780559e+02 1.721664014506698379e+02 1.264764266153504622e+02
1.345258308045296474e+02 1.717647657464288216e+02 1.260431500259048221e+02
1.344700984383095204e+02 1.716936755236473857e+02 1.259700244245429701e+02
1.342182665975871600e+02 1.713685330471467694e+02 1.256602398046036626e+02
1.340622085707941551e+02 1.712543298053437866e+02 1.255885574716897395e+02
1.342456331877729383e+02 1.715441677151950159e+02 1.258615387462067901e+02
1.343065095107689899e+02 1.717620457405077445e+02 1.260771778550810467e+02
1.340680371549108258e+02 1.715229812745170648e+02 1.258276404411220426e+02
1.341668270298275445e+02 1.716723595588779574e+02 1.259628820960698761e+02
1.344619199171045807e+02 1.718263452002072427e+02 1.263192583820590613e+02
1.344614573310635706e+02 1.718517134186958799e+02 1.262850455184664327e+02
1.344221745244615533e+02 1.717016320035526746e+02 1.261804825697579702e+02
1.345903893124120998e+02 1.718225890015542916e+02 1.263166493967877955e+02
1.345534194360151048e+02 1.717347346606468932e+02 1.262857116423654844e+02
1.344330545481459467e+02 1.715542335874472712e+02 1.262493153726593107e+02
1.344398453112278844e+02 1.715199097032048030e+02 1.263100621715639136e+02
1.346192731848123856e+02 1.716971911775590343e+02 1.266639774998149619e+02
1.346116867737399048e+02 1.716223262526829956e+02 1.266897712974613341e+02
1.347206350381170807e+02 1.716451965065502065e+02 1.268508622603804241e+02
1.350038302124195013e+02 1.720687402856931385e+02 1.268775997335504400e+02
1.353555251276737579e+02 1.725526237880245617e+02 1.270733476426615312e+02
1.351294315742728145e+02 1.724114610317519123e+02 1.268002923543779161e+02
1.347143808748427318e+02 1.719758900155428876e+02 1.262595662793279558e+02
1.347003182591962229e+02 1.719457294056694536e+02 1.262554585152838484e+02
1.350846717489453113e+02 1.723934016727111214e+02 1.266662719265783466e+02
1.354072607504996029e+02 1.727727962401006607e+02 1.270408926060247268e+02
1.352755162460217662e+02 1.725634483013840565e+02 1.268571164236548015e+02
1.351327251868847554e+02 1.723164828658130432e+02 1.266622936866257163e+02
1.350213159647694567e+02 1.722150284953001176e+02 1.265793057508696648e+02
1.350427614536303622e+02 1.722645992154540693e+02 1.265485715343053812e+02
1.348900895566575286e+02 1.721780586189031226e+02 1.264039671378876477e+02
1.347938531566871347e+02 1.721491377396195617e+02 1.262894493375767837e+02
1.348356709347938818e+02 1.722697431722300223e+02 1.264425098068240629e+02
1.348520649840870362e+02 1.722987935756050604e+02 1.264540189475242329e+02
1.348013840574346887e+02 1.722335689438235420e+02 1.264407889867515422e+02
1.349171600917770775e+02 1.723404633261786785e+02 1.266404226186070616e+02
1.350584708755828558e+02 1.724541669750573476e+02 1.268015690918510785e+02
1.346368884612537897e+02 1.719963548219969027e+02 1.264216564280956305e+02
1.344192694841240439e+02 1.716889201391458926e+02 1.261776885500703145e+02
1.344360706091333100e+02 1.717241136851454257e+02 1.261312079046702621e+02
1.347815113611131608e+02 1.721127414699134022e+02 1.264122566797424270e+02
1.351659573680704511e+02 1.724991858485678335e+02 1.267337539782399460e+02
1.353165938864628686e+02 1.727096995041077605e+02 1.268900895566575429e+02
1.350908518984531099e+02 1.724659351639404861e+02 1.266398120050329368e+02
1.349092221153134403e+02 1.723157612315890788e+02 1.265482199689142249e+02
1.350457035008511468e+02 1.724090185774554129e+02 1.266900673525275636e+02
1.351932869513729543e+02 1.725659277625638310e+02 1.268313966397749937e+02
1.352159351639404861e+02 1.726352786618311086e+02 1.268507882466138739e+02
1.352847309599585515e+02 1.726757641921397521e+02 1.268745096587965406e+02
1.355139515949966835e+02 1.729050588409444060e+02 1.270126193471985800e+02
1.357426171267855750e+02 1.730772148619643360e+02 1.271443638516764167e+02
1.358723817630079225e+02 1.732515727925394060e+02 1.272694656206054304e+02
1.358780068092665374e+02 1.732565872252238819e+02 1.272656909185108418e+02
1.357579564799052605e+02 1.730787691510620903e+02 1.270738842424691057e+02
1.361837761823699111e+02 1.733870919991118456e+02 1.273645178003108640e+02
1.366229368662571346e+02 1.736931019169565502e+02 1.275833765080304971e+02
1.368719746872918392e+02 1.738219413810968774e+02 1.276648101546887659e+02
1.369944674709495871e+02 1.739562023536377637e+02 1.277025571756346665e+02
1.369748723262526937e+02 1.739427873584486690e+02 1.277038709199911182e+02
1.364874731700096220e+02 1.736189401228628526e+02 1.274545000370068806e+02
1.359089260602472109e+02 1.732452261120568551e+02 1.272645622085707942e+02
1.357754792391384910e+02 1.732031492857671537e+02 1.273624824217304479e+02
1.361135926282288438e+02 1.736106875878913343e+02 1.278232736288949809e+02
1.360788061579453654e+02 1.735538080082895362e+02 1.277643956775960277e+02
1.363692916882540089e+02 1.738839279105913818e+02 1.280364887869143615e+02
1.366545592480201208e+02 1.742003922729627732e+02 1.283231256013618520e+02
1.366418843904966423e+02 1.741349085929983005e+02 1.282823255125453272e+02
1.366118718081563088e+02 1.740638923839834149e+02 1.282049071127229638e+02
1.368587262230774968e+02 1.742440233883502287e+02 1.284338501961364898e+02
1.368172785138035579e+02 1.742183036044704352e+02 1.283673488268817948e+02
1.367190807490193265e+02 1.741433831692694980e+02 1.283213677744060419e+02
1.364689142180445458e+02 1.739321478795055782e+02 1.281632743690326492e+02
1.365079194730219854e+02 1.740241469913403876e+02 1.282205610243505305e+02
1.363700688328029003e+02 1.739016542076826397e+02 1.281092813263267089e+02
1.363023092295166805e+02 1.738310080675005622e+02 1.279680630597291042e+02
1.361691214565909149e+02 1.736843127821774715e+02 1.278033824291318155e+02
1.361712863592628366e+02 1.736144992968692122e+02 1.277085522907260753e+02
1.361686403671082815e+02 1.736166641995411055e+02 1.277705573236622030e+02
1.364496151284138818e+02 1.738100066612389867e+02 1.279384020427799555e+02
1.363827066834431321e+02 1.737390644659906798e+02 1.278555806379986706e+02
1.363497150469987389e+02 1.737296832210791138e+02 1.278399082229294663e+02
1.361810746798904574e+02 1.735768077862482528e+02 1.277250758641107211e+02
1.360485715343053812e+02 1.735313818370216836e+02 1.276170342683739136e+02
1.360705351195322237e+02 1.735589704685071410e+02 1.276665309747613009e+02
1.364221005106950031e+02 1.739188994152912358e+02 1.280785656132040629e+02
1.366214010806010037e+02 1.740822663015320870e+02 1.282860447043150032e+02
1.363418695877433322e+02 1.737837132706683576e+02 1.279998889793501604e+02
1.362841758567093393e+02 1.736302827325882561e+02 1.279535563614832370e+02
1.363835023314336468e+02 1.736617755902597935e+02 1.279670268669972586e+02
1.362689290207978559e+02 1.735351010287913596e+02 1.278265487380652843e+02
1.365380430760121442e+02 1.737804566649396918e+02 1.280378210347124650e+02
1.366283213677744186e+02 1.738637406557619727e+02 1.281172193027903177e+02
1.365114906372585324e+02 1.736479165124713120e+02 1.279689697283694727e+02
1.361824994448967630e+02 1.733083413514913786e+02 1.276222892457997204e+02
1.359198615942565311e+02 1.731938790615054415e+02 1.274559803123380988e+02
1.359561838501961404e+02 1.734013211457331067e+02 1.276415143216638342e+02
1.357042964991488532e+02 1.731350381170897776e+02 1.273702353637776667e+02
1.352636185330471505e+02 1.726941381096883958e+02 1.269443231441047999e+02
1.350633742876175063e+02 1.724596995041077605e+02 1.267764969284286849e+02
1.354585152838427859e+02 1.728392235955887770e+02 1.271456590925912167e+02
1.355609133298793552e+02 1.727906335578417725e+02 1.271635334172156035e+02
1.354519650655021792e+02 1.726085041817778176e+02 1.269519650655021792e+02
1.356221412182665915e+02 1.727105136555399270e+02 1.270876137961660817e+02
1.356745429649915025e+02 1.727146584264673095e+02 1.270520871882170013e+02
1.358534342387684148e+02 1.726619421212345458e+02 1.270493116719709832e+02
1.361964880467766932e+02 1.729054104063355908e+02 1.273139849011916169e+02
1.366624232107171792e+02 1.733023277329583323e+02 1.276813707349567011e+02
1.370333246983938977e+02 1.734850307157131226e+02 1.279263748057138628e+02
1.368744171415883386e+02 1.733358374657686340e+02 1.277277958700318266e+02
1.368442380282732529e+02 1.736846458441270045e+02 1.279756494708015708e+02
1.366445303826511690e+02 1.738299903782103399e+02 1.279849196950632830e+02
1.363767300717933608e+02 1.737611020649841009e+02 1.277580119902301874e+02
1.360366553178891138e+02 1.734287247428021601e+02 1.273609466360743028e+02
1.360578417585670934e+02 1.735870956998001589e+02 1.274366812227074206e+02
1.361990415217230463e+02 1.736360187994966964e+02 1.276606283768780941e+02
1.362839538154096601e+02 1.736519872696321443e+02 1.278292132336614628e+02
1.363977684849382115e+02 1.738092480201317471e+02 1.279730404855303050e+02
1.365096217896528685e+02 1.738518614462290088e+02 1.280638738805417916e+02
1.361850714232847395e+02 1.734596254903412103e+02 1.276947302198208831e+02
1.362260750499592916e+02 1.734449337576789389e+02 1.275580637998667726e+02
1.366763007919473125e+02 1.739411220487010610e+02 1.279168825401524714e+02
1.366137406557619727e+02 1.739121641625342249e+02 1.276935274961142710e+02
1.362994041891791994e+02 1.735557508696617504e+02 1.272956664939678717e+02
1.364712456516912198e+02 1.737088298423506671e+02 1.274938568573754765e+02
1.365225371919177064e+02 1.737584560728295457e+02 1.275410036266745664e+02
1.363896824809414454e+02 1.735923321737843139e+02 1.273316186810746728e+02
1.365127858781733323e+02 1.736261009547775984e+02 1.274573865739027525e+02
1.365937754422322428e+02 1.736761157575309085e+02 1.274653245503663612e+02
1.366765598401302668e+02 1.737537191917696759e+02 1.275454444526681925e+02
1.366762267781807338e+02 1.736324476352601494e+02 1.275488120790466979e+02
1.369665642809562485e+02 1.738185737547183862e+02 1.278457368070461087e+02
1.369704685071423285e+02 1.737451335948486530e+02 1.277910221301162039e+02
1.368763785064022045e+02 1.734778883872400286e+02 1.275939049663237341e+02
1.367533306194952161e+02 1.732630264229146633e+02 1.274735585818962278e+02
1.366825734586633132e+02 1.732172119014136626e+02 1.274358115609503415e+02
1.367154355710162008e+02 1.733054733180371443e+02 1.274936903264007100e+02
1.366740063651839137e+02 1.732816223817630146e+02 1.274947080156909180e+02
1.365812486122418647e+02 1.732648767670786754e+02 1.274676744874546728e+02
1.365257752942047205e+02 1.732735363777662769e+02 1.274906927688550127e+02
1.362236881059877192e+02 1.731179594404559339e+02 1.272991821478795060e+02
1.362949448597439073e+02 1.732555325290504129e+02 1.274592184146251270e+02
1.364390496632373697e+02 1.734635112130856385e+02 1.277059433054548094e+02
1.363245503663681575e+02 1.733746946932129447e+02 1.276002886536895886e+02
1.360722929464880337e+02 1.731252868033454320e+02 1.273076197172674142e+02
1.361379246539856354e+02 1.731727111242691137e+02 1.273465694619199127e+02
1.363040855599141423e+02 1.732781067278513945e+02 1.274762785878173332e+02
1.362846384427503494e+02 1.732053326918806988e+02 1.274254496336318567e+02
1.364671748945303875e+02 1.734253941233069440e+02 1.275953297313300254e+02
1.365825623565983165e+02 1.735350455184664327e+02 1.277118644067796680e+02
1.363228295462956225e+02 1.732680593590407909e+02 1.273426652357338469e+02
1.361608134112944981e+02 1.730229627710754130e+02 1.268805232773295870e+02
1.363339686181629702e+02 1.732236881059877192e+02 1.269413996003256671e+02
1.364523166308933355e+02 1.733434423802827382e+02 1.270133039745392693e+02
1.361820368588557528e+02 1.730374509658796569e+02 1.267328103027163024e+02
1.355857079416771569e+02 1.724242284064835928e+02 1.261769299089630607e+02
1.355995485160239866e+02 1.724497631559470108e+02 1.263031603878321363e+02
1.359792761453630305e+02 1.728917733698467885e+02 1.267947968322107926e+02
1.361168862408407847e+02 1.730313448301384085e+02 1.269775553252905098e+02
1.360798053437939359e+02 1.729963733254385261e+02 1.269474317223003510e+02
1.363465139515950000e+02 1.732801421064317822e+02 1.271694360150988103e+02
1.362686699726149016e+02 1.733414070017023221e+02 1.271462512027237040e+02
1.360487380652801335e+02 1.731335023314336468e+02 1.269399378284360864e+02
1.361309118496040185e+02 1.733047886906964834e+02 1.270443897564947093e+02
1.364419732070165026e+02 1.737013359484864168e+02 1.273761749685441487e+02
1.364109244319443519e+02 1.735525682776996632e+02 1.271828880171711944e+02
1.363221079120716581e+02 1.732865998075642153e+02 1.268919399008215549e+02
1.364660091777070647e+02 1.733840204277995838e+02 1.269484309081489215e+02
1.370542335874472712e+02 1.737763303974539326e+02 1.272930390052549825e+02
1.370107875064761913e+02 1.737822144918955019e+02 1.272120679446377096e+02
1.366977277773665946e+02 1.737591036932869599e+02 1.272393235141736341e+02
1.366891236770039200e+02 1.739025978832062833e+02 1.274430649100732751e+02
1.367888572274443106e+02 1.740384501517282274e+02 1.276351676411812548e+02
1.365840426319295489e+02 1.738312301088002414e+02 1.275505514025608704e+02
1.364997779587003208e+02 1.737860817111982783e+02 1.275402634890089502e+02
1.367370475908518870e+02 1.740236844052993774e+02 1.276232144178817265e+02
1.366511176078750509e+02 1.739356080230922998e+02 1.274689327214861976e+02
1.363436089112574905e+02 1.736374990748279288e+02 1.271041373695507417e+02
1.364307416179409245e+02 1.737069794981866551e+02 1.270988268818000080e+02
1.367141033232181258e+02 1.739876952113093012e+02 1.273605395603582195e+02
1.368849641033232274e+02 1.739972059803123443e+02 1.274240803789504781e+02
1.367426726371105019e+02 1.737924468951224810e+02 1.272187661905114311e+02
1.365855229072607528e+02 1.735422988675893805e+02 1.269752423950854876e+02
1.365071608319147458e+02 1.733270483309895553e+02 1.268161683073051620e+02
1.363611316704907210e+02 1.731137591592036244e+02 1.266403856117237865e+02
1.363933461623861945e+02 1.731735807860262071e+02 1.267967581970246442e+02
1.365965139515950000e+02 1.734236733032344091e+02 1.271606468803197458e+02
1.368222374361631353e+02 1.736760787506476333e+02 1.274746317815113628e+02
1.366640885204648157e+02 1.736271371475094440e+02 1.274739101472873983e+02
1.365790652061283481e+02 1.735047368810598698e+02 1.274555732366220155e+02
1.369251720820072649e+02 1.736452705203167852e+02 1.277250388572274460e+02
1.368380023684405273e+02 1.734161794093701303e+02 1.275632262600843774e+02
1.367384168455332656e+02 1.732284064836059372e+02 1.274093886462882068e+02
1.368983050847457719e+02 1.733211087262230876e+02 1.275774183998223634e+02
1.369965583598549301e+02 1.733438679594404448e+02 1.276470283472725953e+02
1.365067722596402859e+02 1.730434830878543551e+02 1.272495374139589899e+02
1.362542742950188597e+02 1.733056398490119250e+02 1.272464288357634530e+02
1.363605580637998571e+02 1.735815261638664708e+02 1.273941973207016503e+02
1.362153430538079988e+02 1.735035156539116201e+02 1.271835541410702461e+02
1.359636777440603908e+02 1.732408037895048381e+02 1.269624565169121411e+02
1.363138368736584880e+02 1.736256383687365883e+02 1.274227481311523889e+02
1.366542446895122396e+02 1.739579416771519504e+02 1.277781067278513802e+02
1.363517874324624302e+02 1.736043039005255082e+02 1.274583302494263961e+02
1.360529568499740947e+02 1.732329398268077796e+02 1.271387758123010912e+02
1.359159018577455527e+02 1.731037302938346443e+02 1.270279587003182655e+02
1.359143475686477700e+02 1.730982532751091583e+02 1.269942824365331973e+02
1.357619162164162674e+02 1.728929390866701112e+02 1.267483716971356671e+02
1.353821885870771951e+02 1.724951520982902764e+02 1.262806787062393568e+02
1.354286692324772332e+02 1.725888165198726938e+02 1.263605025534749444e+02
1.357784397898008990e+02 1.729268188883132211e+02 1.267328103027163024e+02
1.356723595588779574e+02 1.728463844275035228e+02 1.266588520464806464e+02
1.354257271852564486e+02 1.725792132336614486e+02 1.264233587447265137e+02
1.356092998297683323e+02 1.728494559988157846e+02 1.266596291910295378e+02
1.358723447561246473e+02 1.731364443786544314e+02 1.270010176892902081e+02
1.357240026644956004e+02 1.729842905780475064e+02 1.268699578121530607e+02
1.359431574272814771e+02 1.731738028273258863e+02 1.270675745688698157e+02
1.362507031307823127e+02 1.734322774035970554e+02 1.273669787580490009e+02
1.359923765820442725e+02 1.731093368366516074e+02 1.270722744430464104e+02
1.356940085855969187e+02 1.727030012582340248e+02 1.267753867219302748e+02
1.357314780549182274e+02 1.727367700392273093e+02 1.268111538746206861e+02
1.355336762637850541e+02 1.725847087558285864e+02 1.266117237806231941e+02
1.352161387017985419e+02 1.723875915920361308e+02 1.264274480053289977e+02
1.353702908741025794e+02 1.727239656576123252e+02 1.267093109318333148e+02
1.356434571830360483e+02 1.730473873140404066e+02 1.270191510620975492e+02
1.354598660350825128e+02 1.728402227814373475e+02 1.268570979202131639e+02
1.356127044630301270e+02 1.729718562652653304e+02 1.267051476574642948e+02
1.359303715491081448e+02 1.731597032047961022e+02 1.267186181629783164e+02
1.360601361853304638e+02 1.733084153652579289e+02 1.266230478869069600e+02
1.362841758567093393e+02 1.732663570424098793e+02 1.264561838501961404e+02
1.359677114943379479e+02 1.729359410850418044e+02 1.261488601879949698e+02
1.360315668714380877e+02 1.729518725482939772e+02 1.263026052845829383e+02
1.361335578417585737e+02 1.730084930797128209e+02 1.266995781215306067e+02
1.359527607134927223e+02 1.727757937976463722e+02 1.267016690104359355e+02
1.358433313596328844e+02 1.726437902449855812e+02 1.267284619939308641e+02
1.360709051883650318e+02 1.728555621345570330e+02 1.269698023832432767e+02
1.364763711050255210e+02 1.732417844719117852e+02 1.273643142624528224e+02
1.366470098438309435e+02 1.734232292206350508e+02 1.274311857005402970e+02
1.365463326178669092e+02 1.732921693434979034e+02 1.272302938346532386e+02
1.364334986307453050e+02 1.731354821996891360e+02 1.270771223447561198e+02
1.365835430390052636e+02 1.732535896676781988e+02 1.272160646880319774e+02
1.366876989119976429e+02 1.733754718377618360e+02 1.273655909999259848e+02
1.365595255717563532e+02 1.733746021760047427e+02 1.273744911553549031e+02
1.363411294500777160e+02 1.733080823033084243e+02 1.272298867589371554e+02
1.361134816075790184e+02 1.730734771667530083e+02 1.269864739841610515e+02
1.362739989638072586e+02 1.733323588187402891e+02 1.272161942121234546e+02
1.363781918436829130e+02 1.734609762415809371e+02 1.271789097772185642e+02
1.363147435422988565e+02 1.734286137221523063e+02 1.269954111464732449e+02
1.364670823773221855e+02 1.734986307453186214e+02 1.270687402856931385e+02
1.366533935311967980e+02 1.737311634964103462e+02 1.272171193842054606e+02
1.368504736881059785e+02 1.739050773443860578e+02 1.274021352971652732e+02
1.367075716083191423e+02 1.737223558581896157e+02 1.273833543039005320e+02
1.366458256235659974e+02 1.736763748057138628e+02 1.273700133224779876e+02
1.368163163348382909e+02 1.738445340833395107e+02 1.275865405965509609e+02
1.367382133076752382e+02 1.737227074235807720e+02 1.274831618681074730e+02
1.365978647028347268e+02 1.735895381540966582e+02 1.274076123158907592e+02
1.366282288505662166e+02 1.735708311745984815e+02 1.274280956257863977e+02
1.366268966027681131e+02 1.735584338686995807e+02 1.274236177929094822e+02
1.366445858929760959e+02 1.735554363111538692e+02 1.274270224261712627e+02
1.368406113537117790e+02 1.736770964399378272e+02 1.275804899711346252e+02
1.372422285545111436e+02 1.741080600991784593e+02 1.279688587077196331e+02
1.374809784619939421e+02 1.743212752571978399e+02 1.281553919028939390e+02
1.375495337132706766e+02 1.744119606246761975e+02 1.282831211605358703e+02
1.377090703870919981e+02 1.745616904744282465e+02 1.284375878913477891e+02
1.379444711716379288e+02 1.748364665827843965e+02 1.286419028939382656e+02
1.380556583524535483e+02 1.749740766782621506e+02 1.287136037302938405e+02
1.378007179335356511e+02 1.746988194804233672e+02 1.285422988675893805e+02
1.376166271926578304e+02 1.745304936718229669e+02 1.284237103101176842e+02
1.376480460365627891e+02 1.745245355636148190e+02 1.284257456886981004e+02
1.374862704463030241e+02 1.743455887795129797e+02 1.283082303308415248e+02
1.374258011990230273e+02 1.742424135889275476e+02 1.283120050329361277e+02
1.374368662571238247e+02 1.743302679298349460e+02 1.283962697061653557e+02
1.375001295240914772e+02 1.744102953149285895e+02 1.285064577011324047e+02
1.376570387091999237e+02 1.745739397527940184e+02 1.286685108430168043e+02
1.375450743838353844e+02 1.744929871956183831e+02 1.286472873954555496e+02
1.376001221227148221e+02 1.745690178373177446e+02 1.287098845385241646e+02
1.374448782473540120e+02 1.744191029531492916e+02 1.284448782473540120e+02
1.373321367774406099e+02 1.743423321737843139e+02 1.280886684923395649e+02
1.372597328103027223e+02 1.742848049737251017e+02 1.278945488860928066e+02
1.372322551994670903e+02 1.742465028495300032e+02 1.277346976537636039e+02
1.370588594478572873e+02 1.740726260084375667e+02 1.275166345940344854e+02
1.370381540966619696e+02 1.740351935459995616e+02 1.276684923395751667e+02
1.371150358966767726e+02 1.740631522463178271e+02 1.278156872178225143e+02
1.369993893864258894e+02 1.740124898231071029e+02 1.278950669824587436e+02
1.370584338686995807e+02 1.741244541484716137e+02 1.279692842868773539e+02
1.370705351195322237e+02 1.741775590259788373e+02 1.280821922877655368e+02
1.371103545259418297e+02 1.741473614092221283e+02 1.280894456368884562e+02
1.369830508474576334e+02 1.740114721338168806e+02 1.279975575457035006e+02
1.370501443268447872e+02 1.740566575383021188e+02 1.280368958626304448e+02
1.371248242173044218e+02 1.739965213529716550e+02 1.280485530308637294e+02
1.368953630375249872e+02 1.737792354377914421e+02 1.278968803197394664e+02
1.369290393013100413e+02 1.736629228036414645e+02 1.278032899119236134e+02
1.368374287617496918e+02 1.735439641773369885e+02 1.276364073717711562e+02
1.368782843608911151e+02 1.736065428169639517e+02 1.276723410554363056e+02
1.367720746058766963e+02 1.734453038265117186e+02 1.275417067574568932e+02
1.369751498778772714e+02 1.736422359558877986e+02 1.277179520390792646e+02
1.369585892976093646e+02 1.736966915846347490e+02 1.279146251202723761e+02
1.365127673747317090e+02 1.734408259936348031e+02 1.276919917104581401e+02
1.362839353119680368e+02 1.733625749389386499e+02 1.276333913107838072e+02
1.366847198578935547e+02 1.738904411220487134e+02 1.281566316334838405e+02
1.364889534453408260e+02 1.737398231070979193e+02 1.279926911405521395e+02
1.361188291022129988e+02 1.732781992450595681e+02 1.275888535267559831e+02
1.362413588927540502e+02 1.734079083709569886e+02 1.276855155058840978e+02
1.365038857227444282e+02 1.736594256531714962e+02 1.279534823477166725e+02
1.362282769595144600e+02 1.733910332321811723e+02 1.277090703870919981e+02
1.361340204277995838e+02 1.732755717563466931e+02 1.276468618162978288e+02
1.365244245429649936e+02 1.736494337946858195e+02 1.279355340093257354e+02
1.368029013396491678e+02 1.739645103989342090e+02 1.280678706239360451e+02
1.367575679076308290e+02 1.738817260010361849e+02 1.279759825327510896e+02
1.369186033602250063e+02 1.739806268966027574e+02 1.280885019613648126e+02
1.369287247428021601e+02 1.739981866627192630e+02 1.280294944859743964e+02
1.368167234105543741e+02 1.740792502405447522e+02 1.281722115313448285e+02
1.364999074827917980e+02 1.739170860780104988e+02 1.280234438605580749e+02
1.362966471763748189e+02 1.738401672711124206e+02 1.280039597365109785e+02
1.361649211753386055e+02 1.737590666864036848e+02 1.279853637776626414e+02
1.361486011398120013e+02 1.737279994078898540e+02 1.280554918214787961e+02
1.363276774480053177e+02 1.739004699874176652e+02 1.279644918954925572e+02
1.363813189253201017e+02 1.739502442454296443e+02 1.277812153060469313e+02
1.363829472281844346e+02 1.739353674783509689e+02 1.277359558877951287e+02
1.363140034046332687e+02 1.738431833320997839e+02 1.274602176004736833e+02
1.364233217378432528e+02 1.738641662349197077e+02 1.275116941751165740e+02
1.368173155206868614e+02 1.743105987713714740e+02 1.280356561320405717e+02
1.370311042853970775e+02 1.745563614832358894e+02 1.283163533417215660e+02
1.367557730737917154e+02 1.742591962104951619e+02 1.280697764784249841e+02
1.369323514173636340e+02 1.745006846273406893e+02 1.282420620235363913e+02
1.368691436607208800e+02 1.745039412330693551e+02 1.283111908815039612e+02
1.368478461993930750e+02 1.744991118348012833e+02 1.281415698319887611e+02
1.371489712086448094e+02 1.746583154466730718e+02 1.282602138997853558e+02
1.374352009473762166e+02 1.748276404411220426e+02 1.284182147879505465e+02
1.372738139293908546e+02 1.746300236844053018e+02 1.282154910813411277e+02
1.371460661683072999e+02 1.744879912663755590e+02 1.279754274295018917e+02
1.374940974021168074e+02 1.748037895048479129e+02 1.284955406705647363e+02
1.374037450965879543e+02 1.746794278735844728e+02 1.285242025016653145e+02
1.371628672933165660e+02 1.744234882688180051e+02 1.282977943897564899e+02
1.372778291762267884e+02 1.745488860928132624e+02 1.285356931389238468e+02
1.373916993560802382e+02 1.747051661609059181e+02 1.287265746428835769e+02
1.372409518170379670e+02 1.746560395233513532e+02 1.285394123306935228e+02
1.369505403004959021e+02 1.744202871734142661e+02 1.280962734068536690e+02
1.367124195100288659e+02 1.742602879135519345e+02 1.278694397157871379e+02
1.367208015690918614e+02 1.742832321811856957e+02 1.277637665605802653e+02
1.365963104137369442e+02 1.742551254533343297e+02 1.275333246983938977e+02
1.363944563688846188e+02 1.741094663607430846e+02 1.273216268225889962e+02
1.362667641181259626e+02 1.740525867811412866e+02 1.272946303012360261e+02
1.362945192805862007e+02 1.740965509584782751e+02 1.274016172007993504e+02
1.362419880097698126e+02 1.740433350603212261e+02 1.274119236177929082e+02
1.361384427503515724e+02 1.740123788024572491e+02 1.273775442232255131e+02
1.364705795277921823e+02 1.742282399526311849e+02 1.276564280956257846e+02
1.367649877877285292e+02 1.745292724446747172e+02 1.278843719931907401e+02
1.368105617644881988e+02 1.745503478647028430e+02 1.278167049071127224e+02
1.370986788542668933e+02 1.744468951224927764e+02 1.278340796388128240e+02
1.369324994448967630e+02 1.742296092073125635e+02 1.276555399304270537e+02
1.367217267411738533e+02 1.741111686773739962e+02 1.275025349715047014e+02
1.368615202427651525e+02 1.743104322403967217e+02 1.277460957738139342e+02
1.370920546221597078e+02 1.746267485752349842e+02 1.279989082969432275e+02
1.369795536969876366e+02 1.745417807712234435e+02 1.279531307823255162e+02
1.370510694989268075e+02 1.746209569980016170e+02 1.279671748945303875e+02
1.373364850862260482e+02 1.748705314188439104e+02 1.284305565835245488e+02
1.373829287247428113e+02 1.749226371105025635e+02 1.285997890607652892e+02
1.374246169787580527e+02 1.749775368218488723e+02 1.287686329657316264e+02
1.376891236770039200e+02 1.752944452668196220e+02 1.290915735326770744e+02
1.378623528976389707e+02 1.754678965287543519e+02 1.294123491969506290e+02
1.380690918510842948e+02 1.756116497668566296e+02 1.295247205980312231e+02
1.378619088150395839e+02 1.753596698986011404e+02 1.292199504107763914e+02
1.378106542816964009e+02 1.753279920065131989e+02 1.290957183036044569e+02
1.379843645918140851e+02 1.754867885426689327e+02 1.291569276885500699e+02
1.383227370290874205e+02 1.758122455776774586e+02 1.294135519206572553e+02
1.383992487602694155e+02 1.759013396491747585e+02 1.294623454962623157e+02
1.382537932055362262e+02 1.757532936126119409e+02 1.293738805417807782e+02
1.381451965065502065e+02 1.756145733106357909e+02 1.292679853452742122e+02
1.383160942935386117e+02 1.758287506476204669e+02 1.295107504995929162e+02
1.383985086226037993e+02 1.759104618459033418e+02 1.295937569387906194e+02
1.384470801569091805e+02 1.759534823477166867e+02 1.297125675375619949e+02
1.387227444304640755e+02 1.762745170601731957e+02 1.300502183406113659e+02
1.387452446154984784e+02 1.762921323366145998e+02 1.300956998001628335e+02
1.385836540596550890e+02 1.760515320849678176e+02 1.299556842572718551e+02
1.387698911997631512e+02 1.762795870031825984e+02 1.301834061135371314e+02
1.389618273998963787e+02 1.764239323514173634e+02 1.302716120198356862e+02
1.389213603730293869e+02 1.763474946340019187e+02 1.301112796980238215e+02
1.389637702612685928e+02 1.763364295759011213e+02 1.299009695803419504e+02
1.392342350677226079e+02 1.765935348974909402e+02 1.300977906890681766e+02
1.391438642587521315e+02 1.764679705425209022e+02 1.300063836873658545e+02
1.388055288283620712e+02 1.763661090962919218e+02 1.299316482865812930e+02
1.385519761675671759e+02 1.764601990970320458e+02 1.300155613944193647e+02
1.386506735252756926e+02 1.766656243061209466e+02 1.302364184738361246e+02
1.385225371919177064e+02 1.765662793279549874e+02 1.301502109392347108e+02
1.385862630449263690e+02 1.767316260824513279e+02 1.302504255791577350e+02
1.385645029975575540e+02 1.767666345940344854e+02 1.301812597143068615e+02
1.385159314632521728e+02 1.766645511065057974e+02 1.300450928872770362e+02
1.386347790689068233e+02 1.768002368440529892e+02 1.301947672267041582e+02
1.388317111982828749e+02 1.769879542594922555e+02 1.302709088890533735e+02
1.386888646288209657e+02 1.768484013026422872e+02 1.301097809192509942e+02
1.385731811116867789e+02 1.765644104803493519e+02 1.299305565835245488e+02
1.386639960032566137e+02 1.765896121678632085e+02 1.300019058544889390e+02
1.389515579897860960e+02 1.767793649618829193e+02 1.302042039819406511e+02
1.389188439049663373e+02 1.766375545851528273e+02 1.300843386869957783e+02
1.388288431648286689e+02 1.765167641181259626e+02 1.299827547923913755e+02
1.387601398860188056e+02 1.764998334690252477e+02 1.299684886388868392e+02
1.386005662053141805e+02 1.763761934719858004e+02 1.298163163348382909e+02
1.385797868403523125e+02 1.763273258826141614e+02 1.298261786692324904e+02
1.386645881133891010e+02 1.765654836799644727e+02 1.299382540152468266e+02
1.387274628080822936e+02 1.767003367626378463e+02 1.300165235733846600e+02
1.387277218562652763e+02 1.766676226778180876e+02 1.300029790541040597e+02
1.386407186736732911e+02 1.765474243209236818e+02 1.299230071793353432e+02
1.387417659684701334e+02 1.766442898379098381e+02 1.300285693138923762e+02
1.388497520538820140e+02 1.767019465620605558e+02 1.301310413736954956e+02
1.386422544593294219e+02 1.765091407001702350e+02 1.299191769669158418e+02
1.382224853822810928e+02 1.762812708163718582e+02 1.296485086226037993e+02
1.380672600103619345e+02 1.763296203093775318e+02 1.296060802309229416e+02
1.381493412774776175e+02 1.765055880393753114e+02 1.297623232921323506e+02
1.379975575457035006e+02 1.767906520612833958e+02 1.299047442824365248e+02
1.378426282288505718e+02 1.766634409000074015e+02 1.297632854710976176e+02
1.381388313226260038e+02 1.768054363111538692e+02 1.300408000888165247e+02
1.383140034046332687e+02 1.768062689660276874e+02 1.302113093035304701e+02
1.385333802087188246e+02 1.770001295240914772e+02 1.304083339501147236e+02
1.387574013766560483e+02 1.771673821330767566e+02 1.306004551846643551e+02
1.386972096810006576e+02 1.771777995707201399e+02 1.305504403819110451e+02
1.387141218266597491e+02 1.770266449559618138e+02 1.305024794611797745e+02
1.386629043001998411e+02 1.768952335134335101e+02 1.303124861224187612e+02
1.389828843164828527e+02 1.770700725334912420e+02 1.305268855007031448e+02
1.390516801125009181e+02 1.771021204944119631e+02 1.305998630745318678e+02
1.388653134483013787e+02 1.768445525867811341e+02 1.303950669824587294e+02
1.388030678706239485e+02 1.767147324402338882e+02 1.302286840352305433e+02
1.386264340167271030e+02 1.766444193620013436e+02 1.301183665161720171e+02
1.387440048849086054e+02 1.768036969876397109e+02 1.302459662497224429e+02
1.387031492857671537e+02 1.767713159647694567e+02 1.302850825253497078e+02
1.386216046184590311e+02 1.767313300273850984e+02 1.301815557693730909e+02
1.385494226926208228e+02 1.766426430316038818e+02 1.301463067130486309e+02
1.387488157797350254e+02 1.768331914736140789e+02 1.303541003626674524e+02
1.388878506402190851e+02 1.769812930205018233e+02 1.304629746132780781e+02
1.387081267115683545e+02 1.768058988971948793e+02 1.303376137961660959e+02
1.385311968026052796e+02 1.765545111390718773e+02 1.301978017911331449e+02
1.384641403301014009e+02 1.764230256827769949e+02 1.300850048108948158e+02
1.387241321885870775e+02 1.765691103545259466e+02 1.302708348752867948e+02
1.388054733180371443e+02 1.764690437421360514e+02 1.302231700096217821e+02
1.387514432684479289e+02 1.762990711272296664e+02 1.301168862408407847e+02
1.386914921175338691e+02 1.762075531048775190e+02 1.300265524387536118e+02
1.385833765080304829e+02 1.762522759233217471e+02 1.299514099622529670e+02
1.384881022870253844e+02 1.762447820294574683e+02 1.298737510176893011e+02
1.383452927244467503e+02 1.760836540596550890e+02 1.297168048256975794e+02
1.381425505143956798e+02 1.759591444008585484e+02 1.295499592924283832e+02
1.380933683665161595e+02 1.759683961216786372e+02 1.295012952409147999e+02
1.379994819036340630e+02 1.757984235067722523e+02 1.292750351565391043e+02
1.380971800754940375e+02 1.756340019243579320e+02 1.292247798090444917e+02
1.382795499962993233e+02 1.755895936644215851e+02 1.292674487454666519e+02
1.383862593442380273e+02 1.755971615720524142e+02 1.293792280364147871e+02
1.384913033824291233e+02 1.756361113167048984e+02 1.294516690104359498e+02
1.384053919028939390e+02 1.754979461179779321e+02 1.291979683221079256e+02
1.387539042261860800e+02 1.758493819850492059e+02 1.295079934867885356e+02
1.389805343793945553e+02 1.760539930427059403e+02 1.297063133742876175e+02
1.391840167271112421e+02 1.762846014358670743e+02 1.299097957220043043e+02
1.393293242543113024e+02 1.764784434904892407e+02 1.300564354970024397e+02
1.392379172526089803e+02 1.763495855229072617e+02 1.299421582414329066e+02
1.392086633113759149e+02 1.762946117977944027e+02 1.298561727481311436e+02
1.392054437125305242e+02 1.763753978239952573e+02 1.299633076752275826e+02
1.394233957516098030e+02 1.765514950780845140e+02 1.301103545259418297e+02
1.393780068092665374e+02 1.765420768262897013e+02 1.301317260010361849e+02
1.389804418621863533e+02 1.762718155576937420e+02 1.298870734956701938e+02
1.386099289467840947e+02 1.762326252682998984e+02 1.297855266079490661e+02
1.388141514321663692e+02 1.766279512989416105e+02 1.301592406187550921e+02
1.389676189771297459e+02 1.769036895862630558e+02 1.305337502775516327e+02
1.390184664347568742e+02 1.770493856857375476e+02 1.306884390496632307e+02
1.390528273258826175e+02 1.771065798238472269e+02 1.305832839908222809e+02
1.390938864628820966e+02 1.771178854266893552e+02 1.305968470135445330e+02
1.389799052623787929e+02 1.770523462363999840e+02 1.303983050847457719e+02
1.391152764414181036e+02 1.772842683739175413e+02 1.303380208718821791e+02
1.389374583672563119e+02 1.771622196728591518e+02 1.301791133150765916e+02
1.388551180519576747e+02 1.769642698541928780e+02 1.301271926578343709e+02
1.388567278513803558e+02 1.769068906816667948e+02 1.300942750351565280e+02
1.389487639700984403e+02 1.768823551180519473e+02 1.300843201835541549e+02
1.392842868773591931e+02 1.768119125157279257e+02 1.302673377248168265e+02
1.392607690030345680e+02 1.768153726593146189e+02 1.301817963141144219e+02
1.393683850196136405e+02 1.769847161572052414e+02 1.303596884020427922e+02
1.393841314484494092e+02 1.769926541336688501e+02 1.303652209310931767e+02
1.393883132262600952e+02 1.769430649100732751e+02 1.303178891273776969e+02
1.392572163422396443e+02 1.767728517504255876e+02 1.302582155280882148e+02
1.394133668862408513e+02 1.769210458145215057e+02 1.303702908741025794e+02
1.395496447339205019e+02 1.771307083117459911e+02 1.304975390422618489e+02
1.395066612389904606e+02 1.771195507364369632e+02 1.305010361927318456e+02
1.391959514469691328e+02 1.768096180889645552e+02 1.301452150099918583e+02
1.389399563318777382e+02 1.765870401894752320e+02 1.299401043594108387e+02
1.388729738731404098e+02 1.765192805861890406e+02 1.298717526459921601e+02
1.389801273036784721e+02 1.765924246909925159e+02 1.300081415143216645e+02
1.389893420176152858e+02 1.765289208792835609e+02 1.301041003626674524e+02
1.390053289911923571e+02 1.765285878173340279e+02 1.302224483753978177e+02
1.390608208126711531e+02 1.765928502701502509e+02 1.303373362445414898e+02
1.389789430834135260e+02 1.764765931463252286e+02 1.302890977721856132e+02
1.389292428391680971e+02 1.764081304122566678e+02 1.301408852046480717e+02
1.391413292872474301e+02 1.765868736585004797e+02 1.302409518170379670e+02
1.391438087484272046e+02 1.765253682184886372e+02 1.301507290356006195e+02
1.389111279698023793e+02 1.763397972022796125e+02 1.298307860262008830e+02
1.387901339649174872e+02 1.761815742728147427e+02 1.296775590259788373e+02
1.386688624084079606e+02 1.761405706461401905e+02 1.296332617866923158e+02
1.385823773221819124e+02 1.763890718673673348e+02 1.297764784249870615e+02
1.386701761527644123e+02 1.766522093109318234e+02 1.299431019169565502e+02
1.386769854192879734e+02 1.767513137443564517e+02 1.300426504329805368e+02
1.386183850196136405e+02 1.767582895418547935e+02 1.300437421360373094e+02
1.386472503885722745e+02 1.768463844275035228e+02 1.301522463178151270e+02
1.387435978091925222e+02 1.769750018503441709e+02 1.303103212197468679e+02
1.386988379838649905e+02 1.769962993116719758e+02 1.302803641477314898e+02
1.385970690548442121e+02 1.768750277551624492e+02 1.301399970394493266e+02
1.384298904596254829e+02 1.767101435867071189e+02 1.300134520020723983e+02
1.385770668344312071e+02 1.768022167123084785e+02 1.301500444082599302e+02
1.385616904744282465e+02 1.767634890089556734e+02 1.301189771297461277e+02
1.383310265709421856e+02 1.765032936126119409e+02 1.298996743394271220e+02
1.384918584856783355e+02 1.766615350455184625e+02 1.300834875286803367e+02
1.388417400636518266e+02 1.770946080971060610e+02 1.304786655317889199e+02
1.390055695359336880e+02 1.772138812819184466e+02 1.304761120568425667e+02
1.388911627562726778e+02 1.769612537932055432e+02 1.302440603952335039e+02
1.390332136777440724e+02 1.769849567019465724e+02 1.303289356820368710e+02
1.391597587151210007e+02 1.770722559396047586e+02 1.304584412700762357e+02
1.392253349122936754e+02 1.771098364295758927e+02 1.304720968100066614e+02
1.389377359188809180e+02 1.768885722744430495e+02 1.302365294944859784e+02
1.386091518022352034e+02 1.767459662497224429e+02 1.300661498038635102e+02
1.384281696395529480e+02 1.766245281622381640e+02 1.299892309969654320e+02
1.384178817260010419e+02 1.766315594700614326e+02 1.299933387610095394e+02
1.387133076752275826e+02 1.770138405743468297e+02 1.303464954481533482e+02
1.389201946562060641e+02 1.772583265487380686e+02 1.305684442306269091e+02
1.389703944933757782e+02 1.772769595144696950e+02 1.306063207756642726e+02
1.390365628006809402e+02 1.773310265709421856e+02 1.307221153134483131e+02
1.391432721486196442e+02 1.774530567685589517e+02 1.308001443268447872e+02
1.391612019835689580e+02 1.774753164088520521e+02 1.308147065354155814e+02
1.389952816223817536e+02 1.773711605358596728e+02 1.306610354525941773e+02
1.388339501147213468e+02 1.772140108060099237e+02 1.305286433276589548e+02
1.386496558359854987e+02 1.770803419436014963e+02 1.303591147953519283e+02
1.385194286137221411e+02 1.770665013692546950e+02 1.303022352157501302e+02
1.385967729997779543e+02 1.771475464436385039e+02 1.303217748501221251e+02
1.389128672933165660e+02 1.773721597217082433e+02 1.307434127747761181e+02
1.391112241876989231e+02 1.775138960846717566e+02 1.309438790615054415e+02
1.391410332321811723e+02 1.774623269928206639e+02 1.309597735178743108e+02
1.395703685885574714e+02 1.775194471171637929e+02 1.311179964473392090e+02
1.397195433350603082e+02 1.777442639330915597e+02 1.312375656872178240e+02
1.396550033306195076e+02 1.778009584782769537e+02 1.312941122048701175e+02
1.393198504921915344e+02 1.774939863814669536e+02 1.309949300569905972e+02
1.391271001406261689e+02 1.772998852786618329e+02 1.309577196358522713e+02
1.390921286359262865e+02 1.772904485234253684e+02 1.309874361631263469e+02
1.389950410776404510e+02 1.772146399230256861e+02 1.309013766560580336e+02
1.388928095625786341e+02 1.771472688920139262e+02 1.307758308045296474e+02
1.391685478499000794e+02 1.774253016060987420e+02 1.310187439863814802e+02
1.392672637110502478e+02 1.775312708163718582e+02 1.311459551476574745e+02
1.393054178077122458e+02 1.775623195914440089e+02 1.311935459995559086e+02
1.394008400562504733e+02 1.775974576271186436e+02 1.312447820294574683e+02
1.392936496188291073e+02 1.775834135149137865e+02 1.311978758048997236e+02
1.393073791725260833e+02 1.776671230848938023e+02 1.312722226334098252e+02
1.391110021463992439e+02 1.775446117977944027e+02 1.311702501665309626e+02
1.390064577011324047e+02 1.774748538228110419e+02 1.310148582636370236e+02
1.389001184220265088e+02 1.773754718377618360e+02 1.309238768410924365e+02
1.387946858115609530e+02 1.773409259122196602e+02 1.307789578861668360e+02
1.388401672711124206e+02 1.773956960994744918e+02 1.308013470505514135e+02
1.387840648360595139e+02 1.773640922211531290e+02 1.307110502553474873e+02
1.390212789578861532e+02 1.776331322626008387e+02 1.309028199245059625e+02
1.390660942935386117e+02 1.776671045814521506e+02 1.309723928650728908e+02
1.392453741395899556e+02 1.777465028495300032e+02 1.310498667752201811e+02
1.393057693731034021e+02 1.776597957220043043e+02 1.310296980238324238e+02
1.395883909407149588e+02 1.778604840500333069e+02 1.311954148471615724e+02
1.395551957664125666e+02 1.777503330619495330e+02 1.311034527422100382e+02
1.393463659240618711e+02 1.774983902005773189e+02 1.308503996743394282e+02
1.392601768929020807e+02 1.773445525867811341e+02 1.308669047442824365e+02
1.392529235437791328e+02 1.773233476426615312e+02 1.309224520760861594e+02
1.393292502405447522e+02 1.774327214861964421e+02 1.310500333061949618e+02
1.395720894086300063e+02 1.776908815039597300e+02 1.312910961438827542e+02
1.394723928650728908e+02 1.776319110354525890e+02 1.312416179409370045e+02
1.392539597365109785e+02 1.774337946858115629e+02 1.310269225075864199e+02
1.394047257789949015e+02 1.776053215898157021e+02 1.311487491673451302e+02
1.395593775442232243e+02 1.778554881207904543e+02 1.314198245873732560e+02
1.395187994967063787e+02 1.778377433202575730e+02 1.314191769669158418e+02
1.392745170601731957e+02 1.776921582414329066e+02 1.312110132484642122e+02
1.394865109910443266e+02 1.778067315520686975e+02 1.312820849678040247e+02
1.395285878173340279e+02 1.777419510028865375e+02 1.312133261786692344e+02
1.394984272074605940e+02 1.776231959144400889e+02 1.311401635704241073e+02
1.395412996817408100e+02 1.775588224409740121e+02 1.311352601583894568e+02
1.395876878099326461e+02 1.775941455110650509e+02 1.311739508548590152e+02
1.397409703204796187e+02 1.779276145363037642e+02 1.314566094293538470e+02
1.396883835393383038e+02 1.780250906668640312e+02 1.314343312856191233e+02
1.396375545851528273e+02 1.780705536229738755e+02 1.314278735844867185e+02
1.393264562208570680e+02 1.779336096513951588e+02 1.312574383835393519e+02
1.393046961734882814e+02 1.780020168751387644e+02 1.313397046850714105e+02
1.392512397305899015e+02 1.779079268743986404e+02 1.312608615202427700e+02
1.390370994004885006e+02 1.776524498556731544e+02 1.310329916364443648e+02
1.387918177781067186e+02 1.773684775368218425e+02 1.307458922359558926e+02
1.386290244985567313e+02 1.771555029235437928e+02 1.305366923247724174e+02
1.386831100584708736e+02 1.771771334468211023e+02 1.305567315520686975e+02
1.389759270224261627e+02 1.774808674413440883e+02 1.307748316186810769e+02
1.392533121160535927e+02 1.776090777884686531e+02 1.308947894308341233e+02
1.393204611057656734e+02 1.775907778846865597e+02 1.308642772555695331e+02
1.393456627932795584e+02 1.776235289763896219e+02 1.308890348604840597e+02
1.394166975057360673e+02 1.776558914958182243e+02 1.309501887351047174e+02
1.394025793797646315e+02 1.777067944637702510e+02 1.310347309599585515e+02
1.393885722744430495e+02 1.777816778920879415e+02 1.312801050995485070e+02
1.392510176892901939e+02 1.777138442750351430e+02 1.313355414107024046e+02
1.389814225445933005e+02 1.775076234179557275e+02 1.313951965065502065e+02
1.388276219376804193e+02 1.773486418473836181e+02 1.312613056028421283e+02
1.389614203241802954e+02 1.775305121752645903e+02 1.314342942787358481e+02
1.389737991266375445e+02 1.775675745688698157e+02 1.314558507882466074e+02
1.390965694619199269e+02 1.776932684479313025e+02 1.316192176744874587e+02
1.391209755014432687e+02 1.777250758641107211e+02 1.316197172674117439e+02
1.393162423210717122e+02 1.778664236547998030e+02 1.317471504699874174e+02
1.393605765672415089e+02 1.778490304196580496e+02 1.317476685663533544e+02
1.394846976537635896e+02 1.779631966545777573e+02 1.317901154614758354e+02
1.394027644141810356e+02 1.778732699282066392e+02 1.316681777810672713e+02
1.394531307823255020e+02 1.778677929094811532e+02 1.316365739027459085e+02
1.394283916808526271e+02 1.778442750351565280e+02 1.316036192731848189e+02
1.391978017911331449e+02 1.776237880245725762e+02 1.311951743024202415e+02
1.390175412626748539e+02 1.773630375249796600e+02 1.308343571904374301e+02
1.390566760417437706e+02 1.774193434978905941e+02 1.308040670564724905e+02
1.391906039523351239e+02 1.775022759233217471e+02 1.308263452002072427e+02
1.391290985123232815e+02 1.774208977869883768e+02 1.307327177855081004e+02
1.392366035082525286e+02 1.776135926282288438e+02 1.309855488120790596e+02
1.393252905040337453e+02 1.777281104285397078e+02 1.312152320331581734e+02
1.392886721930279066e+02 1.776672156021020044e+02 1.312239841610539486e+02
1.393504181777810800e+02 1.777284434904892407e+02 1.313898305084745743e+02
1.393162608245133640e+02 1.776895492561616550e+02 1.314185848567833546e+02
1.393480682406927826e+02 1.776497483531937007e+02 1.313647953519354701e+02
1.395149692842868774e+02 1.777643401672711150e+02 1.314783694767226621e+02
1.398221449189549332e+02 1.780226297091259084e+02 1.317540152468359054e+02
1.397691325586559117e+02 1.779741321885870775e+02 1.317092554215084022e+02
1.395028495300125826e+02 1.775830804529642535e+02 1.313840944415661340e+02
1.397840093257345870e+02 1.778872955369698730e+02 1.316360558063799999e+02
1.404999259862334497e+02 1.785881503959736563e+02 1.323111908815039612e+02
1.409326474724298635e+02 1.790589889719487928e+02 1.327337724816815978e+02
1.411065243135223284e+02 1.792626933609651303e+02 1.327729072607504861e+02
1.408944378654429670e+02 1.790265894456368869e+02 1.325276256383687326e+02
1.410161164976685768e+02 1.791218081563170870e+02 1.325817667086078018e+02
1.410413921989490120e+02 1.791030086596106798e+02 1.324836244541484689e+02
1.410284582932425508e+02 1.789641773369846760e+02 1.324186958774332084e+02
1.408852231515061817e+02 1.786797424320923824e+02 1.321557434682850953e+02
1.406359077788468710e+02 1.783961956923987771e+02 1.318933276589445711e+02
1.403219228776552541e+02 1.781203648878691297e+02 1.315428169639552891e+02
1.404748168159277668e+02 1.782912811782991582e+02 1.317016690104359498e+02
1.406459551476574745e+02 1.785328251054696125e+02 1.318964547405817598e+02
1.404647694471171633e+02 1.783793575605062642e+02 1.317705943305454923e+02
1.401513581526163819e+02 1.780033861298201430e+02 1.313805047738879352e+02
1.402284804973725159e+02 1.781413847975723570e+02 1.314654725778994759e+02
1.403486788542668933e+02 1.783740470727555305e+02 1.316552808822440852e+02
1.401724150692028843e+02 1.782666345940344854e+02 1.315840426319295489e+02
1.399657131226408069e+02 1.780473503071571315e+02 1.313744171415883386e+02
1.397636740433720774e+02 1.778800976981718520e+02 1.311949152542372872e+02
1.396967655984012993e+02 1.778301754126267440e+02 1.311670120642439485e+02
1.396751720820072649e+02 1.778450336762637960e+02 1.311796869217674555e+02
1.397455961808896348e+02 1.778582821404781384e+02 1.312324957442084212e+02
1.396640885204648157e+02 1.777166753016061023e+02 1.311092443194434054e+02
1.394893790244985610e+02 1.775065502183406068e+02 1.309628450891866009e+02
1.395499962993116583e+02 1.775754200281252224e+02 1.309776108356154225e+02
1.398105987713714740e+02 1.779192509806824205e+02 1.312433202575679161e+02
1.399755384501517312e+02 1.781725630967359848e+02 1.313595588779512866e+02
1.399241728961586944e+02 1.781137961660868996e+02 1.312132706683443075e+02
1.398634446006957432e+02 1.780798238472355877e+02 1.311850714232847395e+02
1.397822144918955019e+02 1.780536229738731322e+02 1.311615720524017377e+02
