1.107697456492637258e+02 1.499742272392874725e+02 1.080351676978182951e+02
1.103294740523656117e+02 1.492799425931956137e+02 1.074918050580701134e+02
1.101888273815984718e+02 1.489779056164598217e+02 1.072769395901925975e+02
1.096881821580616787e+02 1.482407588311202744e+02 1.066468396106950394e+02
1.096708515744660275e+02 1.483812487185981297e+02 1.067039931497762808e+02
1.095689906774244093e+02 1.485384902975264367e+02 1.064281992836209696e+02
1.097534281269221026e+02 1.492570763534618834e+02 1.064032466201140892e+02
1.102894701930846537e+02 1.498196027352653914e+02 1.066899791357622718e+02
1.105710891614506011e+02 1.497443829371540289e+02 1.064740403053656053e+02
1.106343331283090379e+02 1.493507000976880477e+02 1.060095999614071900e+02
1.107568049977688531e+02 1.493113233715643275e+02 1.058926275673263575e+02
1.107588431805299223e+02 1.491878625613565248e+02 1.058495362832712203e+02
1.105003678377172349e+02 1.489646031573742277e+02 1.057653074761508520e+02
1.103175585223777944e+02 1.488886476838283954e+02 1.057912128996466379e+02
1.104251600998588998e+02 1.490336601661902876e+02 1.060882328111243709e+02
1.103181735952820333e+02 1.489290012904470757e+02 1.060350591555410773e+02
1.101635852720190059e+02 1.487804672142021616e+02 1.059288806879168305e+02
1.100519193892687895e+02 1.487111569400726125e+02 1.055163114922151095e+02
1.102130684901769229e+02 1.489662915927976030e+02 1.054327098182519933e+02
1.104605448822316305e+02 1.493023867240734717e+02 1.055892519025049126e+02
1.104773448146942059e+02 1.493742778923501930e+02 1.053815864056827962e+02
1.103517855204602256e+02 1.492676652556170609e+02 1.051422265639133116e+02
1.103666678726919628e+02 1.494687699747940712e+02 1.054069973588045883e+02
1.102638059746493440e+02 1.495903252650240631e+02 1.055033225997081416e+02
1.100126873861813550e+02 1.494547439005270348e+02 1.053867723144831530e+02
1.097752210041366681e+02 1.492332211729802225e+02 1.051856555350531295e+02
1.097606039774714475e+02 1.492821375592459958e+02 1.052607185498751790e+02
1.099655559173631474e+02 1.494337108192529797e+02 1.056051111352316241e+02
1.100470832278061124e+02 1.494035843071987699e+02 1.057502683406297876e+02
1.100563575623816632e+02 1.491273080309224781e+02 1.056692355005608022e+02
1.099775076281100326e+02 1.489124184425389217e+02 1.056048096289060112e+02
1.099345490068381679e+02 1.487646562224875595e+02 1.055823775582811663e+02
1.100318390679836398e+02 1.489050375676881686e+02 1.055244280425003325e+02
1.100161848595583507e+02 1.489115380440681520e+02 1.052874923115886929e+02
1.099254193952989169e+02 1.487970138813512335e+02 1.051291170688760985e+02
1.100223958898657628e+02 1.489417248573874986e+02 1.052081720274491374e+02
1.100108904084807762e+02 1.489523740608077844e+02 1.051322165539033051e+02
1.100860981463391113e+02 1.489913286780756607e+02 1.051616918122942224e+02
1.102392995405043621e+02 1.491442526864213676e+02 1.053361916133000449e+02
1.103217193096711100e+02 1.491652134061772585e+02 1.054226877479889595e+02
1.104832181579169514e+02 1.493412810400762112e+02 1.055913503865311043e+02
1.103869773387845612e+02 1.492366704053451087e+02 1.054908643583342354e+02
1.105269727558884227e+02 1.493087183569111289e+02 1.056697420311878091e+02
1.105587635828599673e+02 1.492523969752885478e+02 1.056873500006030184e+02
1.106455491636214532e+02 1.493448749954773973e+02 1.057990761846183574e+02
1.108241012096433735e+02 1.495442912792310324e+02 1.060099014677327887e+02
1.109981668415403391e+02 1.496715631293944568e+02 1.061823510257245147e+02
1.107429718875501976e+02 1.495253446217301700e+02 1.059714413208389061e+02
1.106550285224983980e+02 1.494638373313072179e+02 1.058007646200417327e+02
1.107949515780841097e+02 1.497504854251842232e+02 1.060233004088425730e+02
1.109102355367415669e+02 1.499420384239661246e+02 1.061687108795542542e+02
1.108719442333900105e+02 1.499933306800776620e+02 1.061379451740897508e+02
1.108890697926842535e+02 1.498841130286913312e+02 1.062431588214720790e+02
1.109663518940627398e+02 1.496236115633705879e+02 1.061947972068453936e+02
1.110980016160739012e+02 1.495403475764921666e+02 1.063430418370177364e+02
1.109842975505626157e+02 1.492877576371552379e+02 1.062627929133953160e+02
1.110045346551370642e+02 1.492060011819048100e+02 1.063313192710783142e+02
1.107803345514188891e+02 1.494666473702618248e+02 1.065268883341172454e+02
1.106789560644982373e+02 1.498474860402571380e+02 1.067969897608451788e+02
1.103959501670344991e+02 1.496958886597440710e+02 1.066412195327857972e+02
1.101647551165623469e+02 1.497616049784724623e+02 1.067109036747590949e+02
1.102107046805842003e+02 1.498816647973274598e+02 1.067793094299118337e+02
1.107226262406985313e+02 1.501465682550019949e+02 1.070442852491045329e+02
1.111907690823353505e+02 1.502206543893290984e+02 1.070759434132928050e+02
1.113412689798231980e+02 1.502058564588685101e+02 1.069603700085627764e+02
1.116725761906484848e+02 1.504801186728897449e+02 1.071720877504010048e+02
1.119301349542313346e+02 1.506934766091392532e+02 1.073531603893049606e+02
1.118560367596512179e+02 1.504685287697335809e+02 1.070569364545268201e+02
1.116506265301446064e+02 1.498607884993427035e+02 1.065050110351315169e+02
1.116125764318535403e+02 1.496596596596596669e+02 1.062435568098218681e+02
1.119237188996225143e+02 1.499727317679124781e+02 1.064817106262889439e+02
1.121874766332597630e+02 1.502435809303279086e+02 1.067227227227227218e+02
1.119718875502008046e+02 1.501229060385686864e+02 1.066071372577396659e+02
1.116927409337047834e+02 1.499145048663120861e+02 1.064087219749870314e+02
1.115296501320597713e+02 1.497552974661408314e+02 1.063254700483616091e+02
1.115898549151561241e+02 1.498807482180976081e+02 1.064553348529252190e+02
1.113870376400496838e+02 1.497827586622767342e+02 1.063428971139814507e+02
1.113635201466526752e+02 1.498198801210849354e+02 1.063811039955618298e+02
1.112589095119215585e+02 1.496883992426161001e+02 1.062545678208328752e+02
1.112276734565891161e+02 1.496175573163525030e+02 1.061920715896619498e+02
1.112715486570908325e+02 1.496511330607716275e+02 1.062136835630811476e+02
1.112655908920969097e+02 1.497051147533075266e+02 1.062467768973793056e+02
1.109166877721094551e+02 1.495125848740306651e+02 1.059601529240083408e+02
1.105902167227468453e+02 1.493570558510317596e+02 1.057359286997841252e+02
1.103979762895425552e+02 1.493514357731225175e+02 1.056501079392645721e+02
1.105611515129587445e+02 1.496035433023384940e+02 1.058615482952832281e+02
1.106059794734493522e+02 1.497229518675301847e+02 1.059461992112594544e+02
1.105054090234813060e+02 1.496987951807228967e+02 1.058285273225032199e+02
1.106865902046624939e+02 1.499302193760024977e+02 1.060176923911863724e+02
1.108255243195002180e+02 1.500860619655800292e+02 1.060873041716415202e+02
1.108281293341534308e+02 1.501549501308537344e+02 1.061203975059396782e+02
1.108297574683116835e+02 1.501944957005198091e+02 1.061730163898838555e+02
1.113628688929893684e+02 1.503355282993837250e+02 1.063787401859691073e+02
1.118665412400352182e+02 1.504510293425956036e+02 1.066037000856277928e+02
1.119667257619064884e+02 1.502768913491805165e+02 1.064868000530651102e+02
1.121595330270029081e+02 1.503531483290519475e+02 1.065731876454768070e+02
1.122570401727028298e+02 1.503722638300951644e+02 1.066097181518868240e+02
1.121962926782203880e+02 1.505268400931051644e+02 1.065933523885331056e+02
1.121468335805685257e+02 1.505790006874344158e+02 1.065560982669416461e+02
1.122311347492070439e+02 1.507721094588564483e+02 1.066624214576021785e+02
1.121030789825970544e+02 1.508015605967413251e+02 1.065424219400123036e+02
1.118989833206700695e+02 1.506380115054813871e+02 1.063289916422446595e+02
1.116693440428380200e+02 1.503682357055851071e+02 1.060460942870581391e+02
1.115160944076606739e+02 1.500405465706670611e+02 1.057795506349723240e+02
1.113625191456516745e+02 1.497563828889130093e+02 1.055219195098713101e+02
1.115223174982211134e+02 1.498841250889443586e+02 1.056915831494144697e+02
1.115754790935513796e+02 1.499561247994982978e+02 1.057578180590228811e+02
1.112483929712845310e+02 1.497695406249623034e+02 1.057107468914697819e+02
1.110436581159472667e+02 1.498228228228228147e+02 1.057831084096144281e+02
1.108471724736784978e+02 1.498876346225743816e+02 1.058084349409650571e+02
1.109456323793673249e+02 1.500846026749641169e+02 1.059618654799377708e+02
1.109724785025989888e+02 1.502153599382515097e+02 1.060916579229832308e+02
1.112889636624576326e+02 1.501543350579495097e+02 1.062995043236007149e+02
1.115019115501043245e+02 1.498637915023457197e+02 1.063330438872607573e+02
1.117848571463029259e+02 1.499885306993740812e+02 1.065783856145301911e+02
1.118188670598309216e+02 1.499747820109265888e+02 1.065599334274033083e+02
1.119674131963288630e+02 1.500592158423483795e+02 1.067106504094455914e+02
1.120916338024771761e+02 1.500796941519833183e+02 1.066598767442140883e+02
1.123387845677002304e+02 1.503068007766802907e+02 1.067572874078898195e+02
1.125296983730718665e+02 1.504217711687591077e+02 1.067899465730791064e+02
1.126121905037567643e+02 1.504094455901684739e+02 1.066034468203142893e+02
1.125270692379126132e+02 1.502777958681573125e+02 1.064815900237586987e+02
1.126469843337313250e+02 1.504234234234234293e+02 1.066296055091235786e+02
1.126353944305751469e+02 1.505597404633549274e+02 1.067088534317449984e+02
1.127647888852708178e+02 1.508282378764306486e+02 1.068784326495169807e+02
1.127734240264360750e+02 1.509573549453067471e+02 1.069554735458349910e+02
1.124481107613637789e+02 1.506016498426137105e+02 1.066186547993776941e+02
1.123221655390330085e+02 1.504358816647973356e+02 1.065067959525790826e+02
1.123151102910139087e+02 1.504819880121085021e+02 1.064920703836366442e+02
1.123503624106033811e+02 1.505589686071613755e+02 1.064975095577505186e+02
1.122276855168421434e+02 1.504137149197390215e+02 1.063912587286081219e+02
1.123010962769998855e+02 1.505376702003208038e+02 1.064896824535378812e+02
1.124467600130250702e+02 1.506788957632331005e+02 1.064822533376750187e+02
1.124842794601830747e+02 1.505588600648841577e+02 1.062687265578831841e+02
1.123934898754175862e+02 1.503783663181253587e+02 1.060847112172413347e+02
1.122621054789729556e+02 1.501601722204131875e+02 1.058805793745552819e+02
1.122149498896486790e+02 1.500663916928977244e+02 1.057776089342354453e+02
1.120800921403331074e+02 1.499129732141780380e+02 1.059739257329618738e+02
1.118604628725110643e+02 1.496351170447555887e+02 1.059823317293196823e+02
1.120068261032116510e+02 1.497528009937648505e+02 1.063639181350024785e+02
1.124781769721528804e+02 1.504516082347407746e+02 1.071456999167842525e+02
1.127899345128260791e+02 1.509490213104670886e+02 1.076151090849886032e+02
1.128282016956715808e+02 1.509750111557340517e+02 1.072227769938613307e+02
1.126608295042029937e+02 1.507440090693102661e+02 1.067138101957379064e+02
1.125755273345634748e+02 1.505899634574333277e+02 1.062973817190684684e+02
1.126362145277807940e+02 1.506002387930098791e+02 1.061584958452428396e+02
1.126925359094033752e+02 1.506284839055923328e+02 1.061320597706139921e+02
1.127924912864671967e+02 1.507152694863538329e+02 1.064467358925190297e+02
1.129342836812716371e+02 1.508445433385192302e+02 1.067534643076811705e+02
1.127036313421855596e+02 1.507474944824342344e+02 1.067177538984767864e+02
1.125409747096494044e+02 1.506148678799281129e+02 1.066742525658188327e+02
1.124385831614747246e+02 1.505341365461847261e+02 1.065897584331319337e+02
1.121541782746601967e+02 1.504521388858738362e+02 1.066096337301156609e+02
1.119126234668403299e+02 1.503474438293715423e+02 1.065605364400545056e+02
1.117680933945994184e+02 1.502991063352509116e+02 1.065292039026978728e+02
1.118960044381731080e+02 1.504757649215480626e+02 1.067666944052486286e+02
1.119330052944510783e+02 1.505176139995417088e+02 1.067998359805588677e+02
1.119112365377425675e+02 1.505198451463511731e+02 1.067257257257257237e+02
1.118381272839104099e+02 1.503494820121326256e+02 1.064949889648684831e+02
1.118529131541179709e+02 1.502471869459821221e+02 1.063726256376858856e+02
1.118719562936430378e+02 1.502389980341787634e+02 1.063263022058202836e+02
1.121163090801644984e+02 1.504569388665774170e+02 1.064778392850681996e+02
1.124133651724013134e+02 1.505953182097760532e+02 1.066859148304931466e+02
1.125643957210222226e+02 1.505988518639121025e+02 1.067023770758710555e+02
1.128497051268135607e+02 1.508093153394358126e+02 1.068774075280099396e+02
1.130555736459350982e+02 1.509492142745154695e+02 1.070681766103452901e+02
1.130885463777030111e+02 1.509227661396336089e+02 1.070848197595185525e+02
1.130381224598092018e+02 1.508963903662698840e+02 1.069991557822883124e+02
1.130779212947887657e+02 1.510190913805371622e+02 1.070413184268605988e+02
1.132570763534618976e+02 1.513217554904301778e+02 1.072156493843240810e+02
1.132608753331644920e+02 1.513442237418140905e+02 1.072126463813210790e+02
1.131494506554747517e+02 1.512363447785134554e+02 1.070569846955389153e+02
1.130471676495772897e+02 1.509849970452380035e+02 1.070394370273888285e+02
1.131315291194809305e+02 1.509828623804527297e+02 1.071078789633006494e+02
1.133102500090451912e+02 1.511443853492046401e+02 1.073287383769311418e+02
1.134149088847884030e+02 1.512016474305630993e+02 1.074642473799100344e+02
1.134305992739727742e+02 1.511577360493023150e+02 1.074484846292075275e+02
1.136135894931075683e+02 1.512333417755104392e+02 1.073908728005113602e+02
1.138854878975360947e+02 1.515043477212151970e+02 1.073246499511559762e+02
1.142150101909138016e+02 1.518453031344597548e+02 1.075048421915891765e+02
1.145447978098580535e+02 1.521240397023529454e+02 1.075489224163923012e+02
1.143762316533400849e+02 1.519163500850247885e+02 1.073325735373928183e+02
1.140608198560005775e+02 1.516455853443805211e+02 1.076557521376798547e+02
1.136928856567410833e+02 1.513876888937129763e+02 1.078977772953676606e+02
1.131941338929290737e+02 1.507703848426739910e+02 1.076462607185498683e+02
1.129176043513392926e+02 1.505013567784652082e+02 1.075341124256786856e+02
1.127347709154938116e+02 1.503921873680909869e+02 1.074481469421228468e+02
1.126917761134628648e+02 1.505783614940241364e+02 1.072406502888430566e+02
1.128107987505577796e+02 1.508979943799220962e+02 1.072745275395877798e+02
1.125163959139862726e+02 1.507824209751920534e+02 1.069330414752101461e+02
1.122706079573549403e+02 1.505962468492589039e+02 1.066851791550586768e+02
1.122735506590928338e+02 1.506238889491901602e+02 1.065779152646622521e+02
1.124548162620451848e+02 1.507526683309815780e+02 1.068455563997732725e+02
1.125578952446422392e+02 1.507933234439258570e+02 1.070486872414583246e+02
1.124912502864310113e+02 1.506371431672636447e+02 1.069872764330595629e+02
1.123037012916530983e+02 1.503095022733577082e+02 1.067371106045804794e+02
1.119156144095903187e+02 1.496706586104176324e+02 1.062290000844217701e+02
1.116038327484110653e+02 1.491548777693355987e+02 1.058640327074061958e+02
1.116014327580592607e+02 1.491450486631209458e+02 1.057520050170652581e+02
1.118978978978978915e+02 1.494949889648684689e+02 1.060631836655933000e+02
1.121309864080948415e+02 1.497877998480408053e+02 1.062483206097663953e+02
1.120407757154745099e+02 1.496735410108904034e+02 1.061280075255978801e+02
1.118853552347528222e+02 1.496085603675965103e+02 1.059303279182797297e+02
1.118905773243122610e+02 1.496767610984478551e+02 1.059034214937829432e+02
1.119230797062122349e+02 1.497286443069575625e+02 1.059032405899875755e+02
1.119888201454466525e+02 1.497688652507929703e+02 1.059131179372143237e+02
1.118854396565239995e+02 1.496917761134628506e+02 1.058076630847715194e+02
1.117989314615820575e+02 1.497354342294101457e+02 1.060455756961781049e+02
1.116075834871015644e+02 1.498194941929881736e+02 1.062229337771506437e+02
1.114258354740282471e+02 1.496882786400858549e+02 1.062919425449545940e+02
1.112611888997431180e+02 1.495579073048952523e+02 1.062910983272429064e+02
1.112800270149667767e+02 1.495500198994174923e+02 1.063921632475849322e+02
1.110978207122785477e+02 1.496441381140176361e+02 1.061778525513465326e+02
1.112019609971417253e+02 1.499938372107046689e+02 1.063588166479732706e+02
1.112320030874247720e+02 1.503391343150379384e+02 1.064018838115223673e+02
1.110451897680813289e+02 1.502639024566735486e+02 1.063337433819361593e+02
1.108509352726220243e+02 1.500874488946778058e+02 1.060921885741162782e+02
1.114229651338085034e+02 1.501004619076908284e+02 1.061936032417960121e+02
1.122261779852141359e+02 1.503958657452633361e+02 1.065363315122351224e+02
1.127357960370008527e+02 1.506690787172714749e+02 1.067098544327459990e+02
1.126808012832109256e+02 1.505092321236899409e+02 1.065340641846665903e+02
1.126866746264336570e+02 1.504002194966050467e+02 1.064511981861379439e+02
1.130063075123316025e+02 1.507359286997841252e+02 1.066061121362326247e+02
1.133579844905146103e+02 1.511351954364002665e+02 1.067996309562574595e+02
1.134051400798388727e+02 1.511661179251540830e+02 1.067596873982416099e+02
1.133853130238672406e+02 1.511496918605352278e+02 1.066828877069840900e+02
1.133284006898464753e+02 1.510041125462812204e+02 1.066156035553625969e+02
1.132579205711735852e+02 1.509647478804105276e+02 1.067819626855771418e+02
1.133695382129117064e+02 1.512209438354016697e+02 1.071460255436159059e+02
1.135372360312119326e+02 1.514391017523547589e+02 1.075521786847088066e+02
1.134189611298045008e+02 1.513262539648081884e+02 1.075340280039075225e+02
1.131468215203154983e+02 1.509585247898500882e+02 1.072647104936261542e+02
1.125175657585296136e+02 1.509061109302073191e+02 1.071795892277820030e+02
1.122098604628725127e+02 1.510032200875574233e+02 1.071766465260441095e+02
1.120775594871980445e+02 1.511139090898126938e+02 1.073302700290652041e+02
1.118717512693416296e+02 1.511176115874910977e+02 1.072982982982982918e+02
1.118884667800330419e+02 1.511611491009081476e+02 1.074163681754043154e+02
1.117403909934030395e+02 1.510917785255134618e+02 1.071073121314085199e+02
1.117081177563105285e+02 1.511492335709203303e+02 1.070017125559294300e+02
1.119279158676748978e+02 1.514065149486836219e+02 1.071153080791634977e+02
1.118917230483495473e+02 1.516090065969584089e+02 1.068796627953254443e+02
1.117316473099605645e+02 1.514502092453899706e+02 1.067063690196220307e+02
1.116029885306993776e+02 1.512501055272139467e+02 1.066256618063846986e+02
1.116749038194821395e+02 1.513879904000386034e+02 1.067083348408649641e+02
1.118392850682007378e+02 1.516060156542084201e+02 1.069593087062966532e+02
1.117798762618039774e+02 1.515755273345634748e+02 1.069267701436376115e+02
1.117150765223054378e+02 1.515186391210487500e+02 1.068595824740403089e+02
1.120146049664121932e+02 1.516915831494144697e+02 1.068922416392295958e+02
1.120637625577384568e+02 1.515952217277518344e+02 1.068021274286334545e+02
1.120062713315725347e+02 1.514899718996104525e+02 1.066292919425449526e+02
1.120300903312951561e+02 1.513797773677291616e+02 1.064712182061579711e+02
1.121882123086942329e+02 1.514743900527033134e+02 1.065143818517312440e+02
1.121079151440597172e+02 1.514831699169048704e+02 1.064445047457095654e+02
1.120757866300034920e+02 1.515100160401365201e+02 1.065323275082311199e+02
1.121234366897017480e+02 1.516070407757154612e+02 1.066609018657211436e+02
1.122707406201382128e+02 1.517666461642365334e+02 1.068378257775848112e+02
1.122697516793902395e+02 1.517962661456637363e+02 1.068862838742356871e+02
1.121496194990170920e+02 1.516197161016438031e+02 1.067386784374736237e+02
1.121128236670405300e+02 1.514530434048506322e+02 1.067176091754405007e+02
1.120422711868495043e+02 1.513371202527829098e+02 1.066595511173824491e+02
1.122820651977278459e+02 1.515213406177261675e+02 1.069062194724845369e+02
1.124395238612106027e+02 1.516697902721999185e+02 1.070730610128200482e+02
1.122417598321212751e+02 1.515440018331584611e+02 1.069574031863188424e+02
1.121576998685432471e+02 1.515360661866685916e+02 1.069881327110242779e+02
1.119569328364509033e+02 1.513253132650723103e+02 1.067800812861053856e+02
1.118533835039859099e+02 1.513113716125764370e+02 1.067718320730368902e+02
1.121017644150174277e+02 1.515883835642871702e+02 1.070531615953302662e+02
1.123726979992040214e+02 1.519177611346285914e+02 1.073455383093937314e+02
1.124116887972309655e+02 1.519136485883473711e+02 1.073596608656849583e+02
1.125380078874054846e+02 1.519540504359781607e+02 1.073936948997189944e+02
1.125929423399302891e+02 1.520022311468094642e+02 1.074467479527720428e+02
1.128209052425919907e+02 1.522463306680174071e+02 1.076959127802501257e+02
1.129947055489224113e+02 1.522702702702702595e+02 1.078777452150946061e+02
1.128813271102427791e+02 1.520254350736278468e+02 1.076663651603410585e+02
1.127680572138403505e+02 1.518090741343753507e+02 1.075199295681223361e+02
1.127878119082938326e+02 1.516832253940687565e+02 1.075229205108723249e+02
1.129609247802018928e+02 1.517601698083625763e+02 1.076262286382768281e+02
1.128437111810605842e+02 1.516345381526104461e+02 1.074183942979123714e+02
1.128162258644186409e+02 1.515737182966098544e+02 1.072355005608017677e+02
1.128658176248537757e+02 1.516695731876454829e+02 1.071797098303122340e+02
1.128684467600130290e+02 1.516965399134073778e+02 1.071165141044659066e+02
1.127576250949744860e+02 1.515860076944414345e+02 1.070432963083565454e+02
1.125834629810533443e+02 1.516512416030488453e+02 1.069947537899345065e+02
1.122915927976169002e+02 1.516304617870882794e+02 1.068853552347528222e+02
1.119077390643655718e+02 1.511735229205108624e+02 1.065245124642714956e+02
1.114399700905725012e+02 1.506433783180771115e+02 1.060420541022950687e+02
1.110988940747976841e+02 1.502414221450366085e+02 1.057003268328569590e+02
1.110161245582932281e+02 1.501207351930243590e+02 1.056044116405562221e+02
1.110187054524403862e+02 1.500502791948574952e+02 1.055418430478671468e+02
1.111401039593810651e+02 1.501578084108204507e+02 1.056556677159086775e+02
1.110693705753946716e+02 1.500763896426547035e+02 1.055697866541240018e+02
1.109665327978580933e+02 1.499374917085760330e+02 1.054752463306680141e+02
1.112056634948201150e+02 1.501242809074134357e+02 1.056504818071083065e+02
1.115480058371624636e+02 1.504608343283042018e+02 1.059834895136099959e+02
1.115854649830553456e+02 1.505053366619631561e+02 1.059797508351725241e+02
1.112735144783337518e+02 1.500470229265409898e+02 1.055741886464778077e+02
1.111540697323829789e+02 1.498976446325843881e+02 1.054458675543012873e+02
1.113939481650324979e+02 1.500872318101233702e+02 1.056256618063846986e+02
1.116294246053282251e+02 1.503029053149535059e+02 1.058711482566904323e+02
1.115342330282089307e+02 1.502046021925540060e+02 1.057755466309683214e+02
1.115195074592664923e+02 1.503255785906388269e+02 1.057438884667800352e+02
1.115590168481734707e+02 1.503723482518663275e+02 1.057724471459411149e+02
1.120042452090644929e+02 1.505695454490635257e+02 1.060416440536922522e+02
1.123589975517686383e+02 1.508112932209317876e+02 1.064135943172087764e+02
1.126077764511499453e+02 1.509028546618908138e+02 1.065537826983610046e+02
1.126593943340931361e+02 1.508386217542844179e+02 1.065426631450727797e+02
1.126931630425606272e+02 1.508095083034841934e+02 1.065602228734758796e+02
1.119688845471978027e+02 1.507302845013688284e+02 1.063245534691317857e+02
1.115209064486172963e+02 1.507132071830866948e+02 1.061790465163959141e+02
1.113278820989664410e+02 1.508576769540624980e+02 1.062217036313421801e+02
1.113843602638783352e+02 1.512136594425751071e+02 1.064790091296115406e+02
1.114794312384673844e+02 1.515136823570558420e+02 1.067249779900382265e+02
1.115509605991533704e+02 1.516595993583945301e+02 1.068492830179577169e+02
1.116489983959863537e+02 1.517850621706043341e+02 1.068913612407588261e+02
1.118270197908752124e+02 1.520620982428211221e+02 1.071410205386109027e+02
1.119469348866939242e+02 1.522750943714799234e+02 1.073770517505457320e+02
1.118956908715944820e+02 1.523147364231701602e+02 1.074153912949093694e+02
1.119437027388834593e+02 1.522103790537525470e+02 1.073209233329715317e+02
1.120504842191589177e+02 1.522396854686011238e+02 1.073942979123702059e+02
1.121856917158121973e+02 1.523355886006488333e+02 1.074423580206712785e+02
1.121678063605774440e+02 1.522531326507230176e+02 1.073777753657271745e+02
1.121329522293377750e+02 1.521713882557256170e+02 1.072895666751088442e+02
1.119420263637131114e+02 1.519944281631028673e+02 1.072213418237514588e+02
1.117794420926951062e+02 1.518829793649070723e+02 1.071872957294644095e+02
1.116195472581014769e+02 1.517188875622610453e+02 1.070769926553059150e+02
1.113972406141080853e+02 1.515041065161547067e+02 1.069241771892374260e+02
1.112924008345695057e+02 1.514047179709830289e+02 1.068603905109929144e+02
1.114039099340304091e+02 1.514289832000675347e+02 1.069165189285671147e+02
1.116657862681959017e+02 1.515991774907437559e+02 1.070532339568484161e+02
1.117830722288553602e+02 1.516348637794420995e+02 1.070706610224682578e+02
1.116737339749387985e+02 1.514573127344211798e+02 1.068662397337096195e+02
1.116980956860474947e+02 1.514356042789777632e+02 1.068409855638771262e+02
1.119916301844012736e+02 1.516449823317293237e+02 1.071795530470229210e+02
1.122142624552263044e+02 1.517577456975047312e+02 1.074084084084084054e+02
1.120977362905073704e+02 1.515563877130142316e+02 1.072927747024132543e+02
1.120147496894484789e+02 1.514070697203227382e+02 1.071488838235826222e+02
1.120023999903518046e+02 1.513152188332911123e+02 1.071073724326736425e+02
1.116958524789850031e+02 1.512889516022046053e+02 1.070628218580025788e+02
1.114762955726811100e+02 1.512521075292159765e+02 1.069753247223126777e+02
1.113015907473738793e+02 1.513551744515600035e+02 1.070187657537055088e+02
1.112211367994500506e+02 1.515268039123460824e+02 1.071513441151995352e+02
1.111211573018801886e+02 1.515453525814971556e+02 1.071240638228590001e+02
1.114787317437919825e+02 1.518442659526996863e+02 1.072596813681150962e+02
1.116765078331343375e+02 1.520057165599334326e+02 1.074461931811329407e+02
1.119495640218531776e+02 1.522910983272429064e+02 1.076856012639145206e+02
1.119993246258306527e+02 1.523512066283150546e+02 1.076987228192047468e+02
1.118510799956583099e+02 1.522302664109893158e+02 1.074959417248573885e+02
1.116224055380681932e+02 1.519829950432360022e+02 1.073523644126053824e+02
1.113990737725677462e+02 1.516683189213309788e+02 1.070812258041173664e+02
1.112664954110737199e+02 1.515597404633549274e+02 1.069804623901009393e+02
1.113263022058202836e+02 1.516928735964880559e+02 1.071109181470627192e+02
1.113126379391439684e+02 1.516985539756624064e+02 1.071063714316726418e+02
1.110424038496327626e+02 1.514399700905725012e+02 1.068459302676170211e+02
1.109127681898766298e+02 1.513979159882774468e+02 1.067385819554494191e+02
1.109360685987192028e+02 1.514587237840249827e+02 1.067694803236971950e+02
1.110274732563889160e+02 1.516324276083312270e+02 1.068845230772941619e+02
1.109937648491865332e+02 1.516082226805118296e+02 1.068326278085314271e+02
1.110493746758806992e+02 1.514976422205337769e+02 1.067643064751498514e+02
1.110198632367306999e+02 1.514073953471543916e+02 1.066742043248067375e+02
1.112366945258511493e+02 1.515753102500090392e+02 1.068340388581352443e+02
1.117021841118226604e+02 1.517617376412557064e+02 1.069724302615868936e+02
1.116579350434772095e+02 1.517583245896499022e+02 1.069013591905158194e+02
1.117150524017993831e+02 1.517701918786256101e+02 1.068133193434398294e+02
1.119110315134411451e+02 1.519447761014025957e+02 1.070277265217024194e+02
1.121059975638288932e+02 1.521163452609235662e+02 1.071825560500259229e+02
1.123159183279665143e+02 1.523006741681440417e+02 1.074124968341835853e+02
1.123868687965073576e+02 1.523396649661710001e+02 1.073992667366161271e+02
1.123270017004956713e+02 1.522626240698529898e+02 1.072641919027461199e+02
1.123343463945873566e+02 1.523057877154262769e+02 1.072307005800981727e+02
1.123866878927119899e+02 1.523786316436918753e+02 1.072112353317172619e+02
1.122645537103368412e+02 1.522599708141876818e+02 1.070411495833182585e+02
1.121110387495929643e+02 1.520698409252626107e+02 1.068986818143444708e+02
1.117161981258366836e+02 1.518419624443720863e+02 1.067079730332742429e+02
1.115811835932317848e+02 1.519699096687048439e+02 1.068327363508086449e+02
1.117469879518072275e+02 1.523582498160811554e+02 1.072241880434651478e+02
1.118599322213780027e+02 1.526331874042717516e+02 1.074199621308055015e+02
1.117759446193181105e+02 1.526359371419612501e+02 1.074159822473075536e+02
1.119434132928108880e+02 1.526358165394310049e+02 1.074984743779924514e+02
1.122278784808905243e+02 1.527117358322177552e+02 1.076036518446156975e+02
1.122114282957656428e+02 1.525440983151826515e+02 1.074401871751269368e+02
1.121537802863104076e+02 1.523713231303592863e+02 1.072464271500416118e+02
1.121751751751751698e+02 1.522998781914444635e+02 1.072295427958078591e+02
1.122408070721323696e+02 1.523682357055851071e+02 1.073085615736218159e+02
1.124310093225755907e+02 1.525525525525525552e+02 1.075486932715848383e+02
1.123686819349469914e+02 1.524662011408999263e+02 1.075165888780346677e+02
1.124539720443334971e+02 1.525576902203408167e+02 1.076262406985298554e+02
1.126134206495652279e+02 1.527785978749834044e+02 1.078268388870798447e+02
1.125996357803586676e+02 1.530104562393719050e+02 1.080189466575008765e+02
1.124501248236187934e+02 1.530599394575298220e+02 1.080028703402197436e+02
1.122263830095155441e+02 1.529783880265808023e+02 1.079045310370611617e+02
1.120795253084409779e+02 1.528137052715366053e+02 1.077315508279363740e+02
1.119266374808543532e+02 1.527158845592580576e+02 1.076582847908149176e+02
1.120071396697902770e+02 1.526229120686952001e+02 1.077070685142974327e+02
1.121655510932619393e+02 1.526683912828491145e+02 1.077888973310660106e+02
1.123464066476114738e+02 1.528706658465694659e+02 1.078910717946862547e+02
1.124941085663977276e+02 1.529933065595716073e+02 1.080469264445167994e+02
1.125619354294053096e+02 1.530694549971658489e+02 1.081440356018669320e+02
1.127399568242941683e+02 1.531568315303255190e+02 1.082694019320525314e+02
1.127985696539913363e+02 1.531062990701544777e+02 1.082013821049965685e+02
1.129166395310973598e+02 1.532410844579519278e+02 1.083813452006223059e+02
1.131115694007260259e+02 1.533898717995103596e+02 1.084994753789934521e+02
1.130729404102898030e+02 1.533346479009129553e+02 1.084889226575973566e+02
1.128269836101161445e+02 1.531885017547668042e+02 1.082993113595523198e+02
1.125357646803429930e+02 1.529497690461545858e+02 1.081320235898549100e+02
1.123581050930448555e+02 1.528317353498076443e+02 1.080542952591145394e+02
1.124271500416078737e+02 1.529146013483362765e+02 1.081329884100968428e+02
1.122100654871739209e+02 1.526709359962372048e+02 1.079243701532858211e+02
1.120421023433071639e+02 1.524439258535643944e+02 1.077365558329413773e+02
1.119822111267894371e+02 1.523231062387689008e+02 1.076889178334961485e+02
1.121978122701014229e+02 1.525642268774798822e+02 1.079076305220883540e+02
1.123589975517686383e+02 1.527162222463427383e+02 1.080564902251649215e+02
1.123364569388665757e+02 1.526753982898561333e+02 1.080786931509823035e+02
1.122446904736061413e+02 1.525166974203118855e+02 1.079604423700809264e+02
1.121543471182025371e+02 1.523196208256449324e+02 1.077884028606920168e+02
1.120813946476597067e+02 1.522145880820579578e+02 1.077050785725484587e+02
1.119836945379114042e+02 1.520667414402354041e+02 1.075834509208003169e+02
1.118442900732057410e+02 1.518833652930038340e+02 1.074161390305968666e+02
1.120891855711132763e+02 1.520980136763269286e+02 1.077412110906086866e+02
1.124936502767828017e+02 1.525055416862645643e+02 1.081793239022154722e+02
1.124626916072699174e+02 1.524554072144433690e+02 1.081256195954991171e+02
1.123539443057515399e+02 1.520483857351327117e+02 1.079537730501585884e+02
1.122027931546003856e+02 1.518835823775582696e+02 1.077761375833665056e+02
1.121576998685432471e+02 1.520597223729753864e+02 1.078426257582884062e+02
1.118999481409120023e+02 1.521529481288517331e+02 1.078293353594558397e+02
1.117133760266290352e+02 1.521767550683213415e+02 1.077610019658212366e+02
1.114607137257739709e+02 1.519896523029053128e+02 1.075083637854722127e+02
1.112314724362917104e+02 1.518120771373783384e+02 1.073195967051388777e+02
1.114596765440138881e+02 1.519809448002219199e+02 1.072997696491672457e+02
1.117646803429936000e+02 1.523157615446772013e+02 1.074080948418297794e+02
1.119609730212139880e+02 1.526029644101933229e+02 1.074718694598212636e+02
1.119234053330438883e+02 1.525217868470880660e+02 1.072443527865214605e+02
1.119396143131082937e+02 1.524829287118443801e+02 1.071821218809170659e+02
1.118883099967437289e+02 1.525452560994729652e+02 1.073652688833411730e+02
1.117362060856036692e+02 1.524902854661890785e+02 1.074468685553022880e+02
1.115732841275009974e+02 1.523631824595680087e+02 1.073510498450257415e+02
1.113836004679378107e+02 1.521964856422687831e+02 1.072454743900527063e+02
1.112175910850609597e+02 1.520360963373011600e+02 1.071745962830300130e+02
1.114167661637541187e+02 1.521463632307005867e+02 1.073391343150379242e+02
1.115311335431817383e+02 1.520897162222463521e+02 1.073538840044864173e+02
1.114807337457939838e+02 1.519718031284296273e+02 1.072214744865347313e+02
1.114457469517710422e+02 1.518291423954074446e+02 1.070824800704318847e+02
1.115804237972912603e+02 1.519068948466538700e+02 1.071155131034649060e+02
1.116570667052594814e+02 1.520647997394985396e+02 1.073157253639181334e+02
1.115303375664821459e+02 1.519935477646320976e+02 1.072845134290917457e+02
1.114370273888346219e+02 1.518936526888334129e+02 1.072199548946536964e+02
1.112817154503901520e+02 1.517520894388364354e+02 1.071748495483435306e+02
1.113450197185136972e+02 1.519344284043079085e+02 1.072964289590795630e+02
1.114904060687193237e+02 1.520684298756587793e+02 1.073430659575237911e+02
1.114262093418719957e+02 1.519264927578180675e+02 1.071366306065101242e+02
1.113785954629328074e+02 1.518320609766392977e+02 1.070134954231339748e+02
1.115695213285574710e+02 1.519616966363954305e+02 1.071024880301988702e+02
1.114895618510076361e+02 1.518277072252975870e+02 1.069959959959959974e+02
1.115660841564455978e+02 1.517136775329546481e+02 1.069588865974408094e+02
1.120616158327001699e+02 1.517564431901781177e+02 1.072152634562273050e+02
1.122466562948490605e+02 1.518744165852599508e+02 1.073878094962432357e+02
1.122448472568954543e+02 1.518321574586634881e+02 1.074062616833701185e+02
1.123266640134110048e+02 1.518755743695502645e+02 1.075084120264843222e+02
1.122458964989085501e+02 1.518571583631824637e+02 1.074645971272477283e+02
1.120688640447676647e+02 1.517443346961419195e+02 1.073249032164694796e+02
1.120499294475198155e+02 1.517876310044984791e+02 1.072795325445927830e+02
1.120860378450739887e+02 1.519419781227010162e+02 1.074245209064486204e+02
1.121790947574080093e+02 1.520923935984176865e+02 1.075313506277361739e+02
1.124626433662578222e+02 1.523456709721770039e+02 1.078180831433843423e+02
1.127863043766658251e+02 1.525685082673034572e+02 1.081155975252360832e+02
1.126980474450353995e+02 1.524692282644089971e+02 1.080483736748796986e+02
1.126897982319669040e+02 1.524411761158749243e+02 1.080055597766441196e+02
1.126679209329811755e+02 1.524184304786714392e+02 1.079609127199488654e+02
1.123264589891095966e+02 1.523426800294270151e+02 1.077161016438124932e+02
1.120429827417779194e+02 1.522894098918195311e+02 1.075740921644536172e+02
1.117633537151609460e+02 1.522855385505988011e+02 1.075075436882665798e+02
1.115374289952603135e+02 1.522737556833942278e+02 1.074796483230218200e+02
1.113088148389353194e+02 1.521707852430743912e+02 1.072771807952530878e+02
1.118270077306221850e+02 1.521579410736037232e+02 1.074423218399121964e+02
1.123539925467636351e+02 1.521387652712953980e+02 1.075804358575442876e+02
1.126148558196750997e+02 1.522710421264638114e+02 1.077089499137691888e+02
1.129572584632825567e+02 1.524151259693428244e+02 1.078799763619040704e+02
1.131619330173546984e+02 1.525590409686795113e+02 1.080019417007368787e+02
1.129816925359094029e+02 1.524047059107300015e+02 1.078657211428295710e+02
1.126732033238057369e+02 1.521304195762027121e+02 1.076322467045358593e+02
1.125033346599611690e+02 1.520032442080634780e+02 1.075674469650373197e+02
1.124515961744877472e+02 1.520743032188815391e+02 1.076093925250551706e+02
1.124237611105080958e+02 1.521040196823329325e+02 1.076166769178817333e+02
1.126590445867554280e+02 1.523249996984936843e+02 1.078097977495567790e+02
1.127810099255882363e+02 1.523666437521859223e+02 1.079032044092285076e+02
1.127486160859654802e+02 1.523012530602892127e+02 1.078516588878034668e+02
1.128211102668933989e+02 1.523601070950468568e+02 1.079544484243279356e+02
1.131967630280883270e+02 1.527296694284646037e+02 1.082624431660576221e+02
1.131710988096530315e+02 1.526409059662071570e+02 1.082562924370153326e+02
1.129423158097856827e+02 1.523095987553818986e+02 1.080438148992365797e+02
1.130339737327689136e+02 1.523278338579543458e+02 1.080754851236778933e+02
1.131835570510269235e+02 1.524532001881399594e+02 1.081754766815007827e+02
1.130249406032538531e+02 1.522823546438004314e+02 1.079852382502984938e+02
1.127976168940024309e+02 1.521478225213164990e+02 1.078104731237261404e+02
1.128281052136473761e+02 1.522975746831168635e+02 1.077650059698252534e+02
1.129317510281365742e+02 1.524808905290832968e+02 1.079197872571366617e+02
1.128270077306221850e+02 1.524271138608488059e+02 1.078229313651000467e+02
1.125812559547499347e+02 1.522923525935574105e+02 1.076248899501911609e+02
1.126585018753693390e+02 1.523600106130226663e+02 1.078695321827851927e+02
1.125751172859606584e+02 1.522922561115332201e+02 1.078611864876925068e+02
1.124605087014725626e+02 1.521369079923296681e+02 1.077906219472484537e+02
1.123045213888587313e+02 1.519427982199066491e+02 1.077233498558799738e+02
1.123426800294270151e+02 1.520143637613517171e+02 1.078161896836595588e+02
1.123112510100461918e+02 1.521523330559475085e+02 1.078520086351411607e+02
1.121246306547511438e+02 1.521146568255001910e+02 1.076265060240963862e+02
1.119718754899477773e+02 1.520779695358008610e+02 1.075014412002363855e+02
1.120923815381646733e+02 1.523656306909319085e+02 1.076962384070817791e+02
1.121830867011589845e+02 1.525711012217036284e+02 1.078372589456926818e+02
1.122436894726051406e+02 1.525197848450860363e+02 1.077663084771518527e+02
1.121746324637890950e+02 1.523372649758191812e+02 1.075508882376352204e+02
1.122904953145916949e+02 1.523681633440669714e+02 1.075047336493119587e+02
1.124056224899598391e+02 1.524751136678847558e+02 1.075310973624226705e+02
1.125728258378860858e+02 1.526738666377220568e+02 1.077248815080140361e+02
1.126133121072880101e+02 1.527310684178154077e+02 1.078404307922380241e+02
1.125664942050484285e+02 1.526899429550032039e+02 1.079157832531326449e+02
1.125507917556110300e+02 1.527138946175090837e+02 1.080237707587105120e+02
1.123928024409952116e+02 1.526117442743948800e+02 1.078986818143444708e+02
1.122038665171195362e+02 1.523973370961322757e+02 1.077632934138958234e+02
1.121009684383178353e+02 1.523022540612901992e+02 1.076419190274611992e+02
1.122567266061241895e+02 1.525325928337976507e+02 1.077903445614288955e+02
1.124105671936997197e+02 1.527324794674192390e+02 1.079588021756696463e+02
1.123368308067103243e+02 1.526964675518892420e+02 1.079100063919341039e+02
1.124743779924502860e+02 1.528481493541734437e+02 1.080061627892953169e+02
1.121175754067320298e+02 1.530599997587949304e+02 1.080646670767152671e+02
1.118125836680053595e+02 1.530697082624793381e+02 1.079727317679124923e+02
1.113506759771820072e+02 1.527408975240300606e+02 1.076470808157555155e+02
1.110236380959272537e+02 1.525704258475342954e+02 1.074339882050725379e+02
1.110268943642437591e+02 1.526058106299070118e+02 1.074339882050725379e+02
1.110800800800800801e+02 1.527164755116562276e+02 1.074722433276650122e+02
1.109413148087846821e+02 1.525800740499535664e+02 1.072945475596078069e+02
1.107483748809050041e+02 1.523565251998986980e+02 1.070354209631318128e+02
1.107343246861319130e+02 1.523438739944764109e+02 1.070577203709733851e+02
1.109799799799799729e+02 1.525768901431551967e+02 1.073225273466237297e+02
1.109165189285671147e+02 1.524747639205470477e+02 1.072242604049832977e+02
1.111460858448810285e+02 1.525887936128899867e+02 1.073884366294004877e+02
1.112025640097929227e+02 1.526280979774955711e+02 1.074162596331270976e+02
1.112405176260597983e+02 1.526600214672503739e+02 1.074077089137330034e+02
1.113463704668523917e+02 1.527337216734807157e+02 1.075289747578904240e+02
1.113823100208642387e+02 1.526636757239166968e+02 1.075231617159328010e+02
1.113423544025953618e+02 1.524368826657983220e+02 1.074617388472810120e+02
1.115083879059782674e+02 1.525781444094697008e+02 1.076712375025628035e+02
1.115923755080381596e+02 1.526118286961660431e+02 1.075848619704041340e+02
1.114646453682598235e+02 1.523697673577191551e+02 1.074554433952024368e+02
1.112816430888720021e+02 1.521514526574767672e+02 1.073259645187356028e+02
1.112759385891915969e+02 1.522262624069852848e+02 1.073624709046395793e+02
1.114789850091054859e+02 1.525035276240095641e+02 1.075545907353136244e+02
1.117287407889817530e+02 1.528484629207520697e+02 1.078452790139537143e+02
1.117059951517782821e+02 1.528471121724133752e+02 1.078857773436086660e+02
1.116365522148654748e+02 1.528048530458169125e+02 1.077495688459543857e+02
1.115263576829841838e+02 1.527118564347480003e+02 1.077004233148811494e+02
1.117387146182326916e+02 1.529651941097724261e+02 1.079286997841214770e+02
1.119835859956341864e+02 1.532573054982693463e+02 1.082412291809882134e+02
1.118511041161643504e+02 1.531715932800270252e+02 1.081026206929821427e+02
1.117032815948478657e+02 1.530789825970548748e+02 1.078866577420794357e+02
1.117750521605943277e+02 1.533709372022624962e+02 1.078802537477236285e+02
1.117202021298406862e+02 1.534120144240626189e+02 1.078526357682984127e+02
1.113675000301506373e+02 1.530799835980558896e+02 1.075285647092876076e+02
1.112688351001604019e+02 1.530082130323094134e+02 1.074517770782831008e+02
1.118526598888044674e+02 1.531263914516926548e+02 1.076914022456191162e+02
1.122569919316907203e+02 1.532179770131577357e+02 1.079931015352702133e+02
1.122997937696732862e+02 1.530075617786461066e+02 1.079339218736809158e+02
1.125829443901733100e+02 1.530846267954701716e+02 1.080983031223995141e+02
1.128748266338627815e+02 1.533378921089764333e+02 1.083332850923212334e+02
1.128077354462896693e+02 1.533120228662397437e+02 1.083147967244352827e+02
1.125659153129032717e+02 1.530622188453513672e+02 1.081146568255002052e+02
1.123521111472918648e+02 1.527867626662807368e+02 1.078991883449714777e+02
1.121985841262949748e+02 1.526569461027292220e+02 1.077308030922488769e+02
1.121136196437401225e+02 1.525395636600455873e+02 1.076452838380549224e+02
1.120668861632717039e+02 1.523437654521991931e+02 1.076107553336469067e+02
1.121553360589505104e+02 1.522650361204578076e+02 1.076601300095276059e+02
1.123403041595812653e+02 1.524505589927276787e+02 1.078448327845918158e+02
1.124054898271765808e+02 1.524711458446398069e+02 1.079187741958826336e+02
1.123912104875960267e+02 1.525107999565830994e+02 1.079254555760579848e+02
1.123983863381453716e+02 1.524617267870279989e+02 1.078758758758758773e+02
1.123762557738461396e+02 1.524705428319886096e+02 1.078183846497099552e+02
1.121918665653605416e+02 1.522691486667390279e+02 1.076256979871437665e+02
1.120439596222728795e+02 1.520661987288493435e+02 1.074975698590156412e+02
1.119506253241193008e+02 1.519788463161956997e+02 1.073972406141080853e+02
1.115449063521352713e+02 1.517805636962263520e+02 1.071887550200803219e+02
1.108555664097832789e+02 1.511038508387906063e+02 1.065943051485220110e+02
1.105261405984297483e+02 1.508993451282607907e+02 1.063465031296356642e+02
1.107217820229868437e+02 1.512092936309803690e+02 1.066162427487728763e+02
1.109089692101740354e+02 1.515041909379258698e+02 1.068644548162620396e+02
1.109484424183219318e+02 1.515062291206869531e+02 1.067958199163018378e+02
1.111248236187995246e+02 1.516713219243339665e+02 1.069261550707333868e+02
1.111564576624817562e+02 1.516427511849198595e+02 1.067634260766790817e+02
1.111208799160606446e+02 1.516081141382346118e+02 1.066917640532098375e+02
1.113891240638228624e+02 1.518705211235331660e+02 1.069344887055730453e+02
1.117353980486510636e+02 1.521280075255978943e+02 1.072246342728270463e+02
1.117294161631511002e+02 1.519248163826477196e+02 1.070980739775920512e+02
1.117269558715341873e+02 1.517310804780684350e+02 1.068949310756539717e+02
1.118735723675482774e+02 1.518940265566771473e+02 1.070550550550550497e+02
1.120200923815381628e+02 1.520340822750461314e+02 1.072127187428392290e+02
1.116075231858364418e+02 1.518403343102138194e+02 1.070746167854601651e+02
1.114782252131649756e+02 1.518649010456239239e+02 1.072340895111979506e+02
1.116746867349277039e+02 1.522792189780141712e+02 1.076393381333140411e+02
1.118072530361687029e+02 1.525470289566675035e+02 1.079192083649914906e+02
1.115738630196461543e+02 1.523499403017475231e+02 1.077461919751076351e+02
1.116374205530832029e+02 1.523507603989531560e+02 1.077932269619016665e+02
1.118742356814645973e+02 1.525721866444758064e+02 1.080017246161824431e+02
1.119992281438064623e+02 1.526441863550297171e+02 1.080574912261659222e+02
1.116582968510679308e+02 1.521194326856977455e+02 1.075785423978195041e+02
1.111311552516371819e+02 1.513253373855783366e+02 1.069235379958271466e+02
1.107571547451065470e+02 1.510287878239685426e+02 1.065630208521774733e+02
1.107576974564926360e+02 1.513110339254917562e+02 1.067437437437437495e+02
1.108192529879276833e+02 1.515831855952338003e+02 1.069251299492263314e+02
1.106598043826959525e+02 1.515140441646465774e+02 1.068249936683671564e+02
1.105180240481445253e+02 1.514327098182519933e+02 1.067722180011336661e+02
1.108958235343777545e+02 1.515598972466442262e+02 1.068208449413268681e+02
1.113277011951710733e+02 1.517214081551430809e+02 1.068561332416754084e+02
1.116737822159508937e+02 1.519984321671068699e+02 1.069882412533014957e+02
1.116964313711301600e+02 1.519554735458349910e+02 1.067979545810871116e+02
1.115944257510522561e+02 1.517742079428826401e+02 1.066700917785255172e+02
1.114930834448906722e+02 1.517494000024120453e+02 1.067003268328569590e+02
1.114206013242157809e+02 1.517747506542687290e+02 1.067751486426185181e+02
1.115288179746011110e+02 1.519848764427077583e+02 1.070102391548174694e+02
1.116082468010178843e+02 1.522061097241819994e+02 1.071571089161450629e+02
1.114621247753777880e+02 1.521421300818891211e+02 1.070809845990568903e+02
1.114128465815212792e+02 1.521162246583933211e+02 1.071117623647744068e+02
1.117679124908040507e+02 1.525082190624359271e+02 1.075448339906171213e+02
1.119362856832736384e+02 1.527449738895521989e+02 1.077979425208340842e+02
1.119616483953833352e+02 1.528569533388810555e+02 1.079000325626831653e+02
1.119020707454442345e+02 1.528051424918894838e+02 1.078460508701472520e+02
1.121995248260308529e+02 1.529935477646320976e+02 1.080593243846255831e+02
1.124821086146387330e+02 1.531875731152839535e+02 1.082685577143408437e+02
1.122425799293269222e+02 1.527670200320802678e+02 1.078999119601529202e+02
1.120330209727800082e+02 1.524068285152622479e+02 1.075651193362036793e+02
1.119723096590566485e+02 1.522306764595921322e+02 1.074495579917266639e+02
1.117066102246825068e+02 1.522233076449943781e+02 1.073689593207665496e+02
1.115869242736712579e+02 1.523636889901950155e+02 1.074294535499354737e+02
1.113126982404090768e+02 1.522509015039135534e+02 1.072475366933198302e+02
1.113723723723723680e+02 1.524490755816057117e+02 1.074799377690943913e+02
1.112400231556858046e+02 1.524763799944522873e+02 1.075014773809954534e+02
1.110978327725315609e+02 1.524075883112027725e+02 1.073475644319017874e+02
1.111041523451162050e+02 1.524602192553999771e+02 1.074052606823691178e+02
1.114241952796169670e+02 1.529181108819662995e+02 1.078145012482361835e+02
1.114143902939083688e+02 1.530075617786461066e+02 1.078811582667004387e+02
1.113323443925853553e+02 1.529463559945487532e+02 1.078254519579820823e+02
1.114991015111497035e+02 1.531375954267520569e+02 1.080031115452802197e+02
1.113389534112425707e+02 1.529717307669114916e+02 1.077741235211114770e+02
1.109057732431226384e+02 1.523357936249502416e+02 1.072220533786798882e+02
1.107024976784012864e+02 1.521118709070516388e+02 1.069743960828298128e+02
1.109807518361735248e+02 1.524395238612106027e+02 1.072962601155372226e+02
1.114262093418719957e+02 1.526079573549453130e+02 1.074571197703727847e+02
1.117277518482337797e+02 1.525319898211464533e+02 1.073676206326808682e+02
1.120529083300167628e+02 1.526797399809447882e+02 1.075427234463379023e+02
1.123455383093937314e+02 1.528865491998022037e+02 1.077245920619414647e+02
1.123709492625155235e+02 1.528556387713014146e+02 1.076776656174246511e+02
1.122172533979762932e+02 1.528082660974227167e+02 1.077659466695611314e+02
1.120972659406394314e+02 1.528704849427741124e+02 1.078190238431202346e+02
1.120750991955811173e+02 1.529626976373964453e+02 1.079931497762823085e+02
1.121199271560717392e+02 1.530760519555700228e+02 1.081410929001290384e+02
1.121653822497195989e+02 1.531768636105985593e+02 1.082488512608994569e+02
1.120290169687760056e+02 1.530103235765886325e+02 1.080770770770770781e+02
1.119353088027786782e+02 1.528371383431624508e+02 1.079155179275661141e+02
1.119430273647141121e+02 1.528208087605677861e+02 1.079343801632958275e+02
1.119186174125933206e+02 1.528179866613601519e+02 1.079357791526466173e+02
1.119255399978291479e+02 1.527968088570498253e+02 1.078823763522558750e+02
1.120620741223150816e+02 1.529064968583040809e+02 1.080140140140140090e+02
1.123798497292473257e+02 1.532128152248634194e+02 1.081231713641352172e+02
1.126168457614240737e+02 1.534583740366873030e+02 1.083148690859534184e+02
1.127085157446603176e+02 1.535811232919666622e+02 1.082349216686566109e+02
1.125142491889479857e+02 1.534294535499354879e+02 1.080206109724181971e+02
1.123278820989664410e+02 1.533463945873584464e+02 1.080077909234535696e+02
1.119998190962046323e+02 1.531347853877974501e+02 1.079808241976916605e+02
1.117919606353341351e+02 1.529109109109108999e+02 1.078307584693126842e+02
1.116248175886730110e+02 1.528337855928217266e+02 1.077709999155782299e+02
1.118551563611804625e+02 1.532112353317172619e+02 1.081081442888671802e+02
1.122558341474004067e+02 1.535447133880868762e+02 1.084742332694139861e+02
1.124677810340460979e+02 1.536569219822231958e+02 1.087283186801259092e+02
1.124064546474184993e+02 1.534438776125523134e+02 1.086530506410024515e+02
1.125872016594908160e+02 1.536206447411266822e+02 1.088264408987300556e+02
1.126953338881049689e+02 1.536567531386808412e+02 1.089615880941182127e+02
1.125459917749074350e+02 1.536214045370671784e+02 1.088713171002327584e+02
1.124097712170001273e+02 1.535755635153225569e+02 1.087458542880229686e+02
1.124688423363122212e+02 1.537177297779707317e+02 1.087652712953917842e+02
1.124577107227709689e+02 1.537456010227094509e+02 1.087394744141732161e+02
1.124846292075207685e+02 1.538624407540070251e+02 1.088054922392271777e+02
1.125946910766187870e+02 1.539916301844012594e+02 1.088210258451222359e+02
1.126783289313409853e+02 1.540942267568773616e+02 1.088560126391451632e+02
1.127780792841033843e+02 1.542003449232364858e+02 1.089032285297345481e+02
1.126128296971670437e+02 1.539774955678570052e+02 1.087139307982681515e+02
1.122938239444263502e+02 1.535179396263733622e+02 1.082717416211392134e+02
1.122827888129092884e+02 1.533182580170532106e+02 1.082226925720901676e+02
1.124697950963011266e+02 1.533991099533268141e+02 1.083840828780587771e+02
1.127578421795289216e+02 1.536316075111255941e+02 1.086314627880892942e+02
1.127829516263251151e+02 1.535783976747832185e+02 1.085978629231641293e+02
1.126796917399327072e+02 1.534522233076449993e+02 1.084806131432637386e+02
1.126060035939554069e+02 1.533649553167625470e+02 1.083647623527141661e+02
1.127972430261586823e+02 1.535425184220364940e+02 1.086548476187030445e+02
1.128678437473618175e+02 1.536103573452971034e+02 1.087171750063316296e+02
1.129506976856374507e+02 1.536758686397240581e+02 1.088208208208208276e+02
1.129489610092019660e+02 1.537059227902601322e+02 1.088354860884981434e+02
1.129969969969969981e+02 1.537036192819325322e+02 1.088228590035818968e+02
1.130821423833472039e+02 1.537264372806541530e+02 1.089464765970790125e+02
1.129126958283584798e+02 1.535461123774376802e+02 1.088785773725532806e+02
1.128044188767080271e+02 1.533956969017210099e+02 1.087552009841166409e+02
1.128092429779176769e+02 1.534352062906279741e+02 1.088024048144530127e+02
1.127570220823232887e+02 1.535659635539153669e+02 1.088011746686445491e+02
1.127864008586900155e+02 1.536494687458542785e+02 1.088015364762352704e+02
1.127526200899694828e+02 1.536997961817238831e+02 1.087337940349988514e+02
1.126606244799015855e+02 1.537191167070685083e+02 1.087183327906219432e+02
1.125633464790091267e+02 1.537174765126572424e+02 1.087143770276300359e+02
1.123926456577058985e+02 1.535756720575997747e+02 1.086201864515117563e+02
1.123165575213767937e+02 1.534428042500331628e+02 1.086812475125728099e+02
1.125204843397614525e+02 1.536660757142684872e+02 1.089862151307934397e+02
1.126801259090415783e+02 1.539314133410518934e+02 1.092538683261574874e+02
1.127946380115054836e+02 1.540472279508423981e+02 1.093827803707321777e+02
1.127124353268931571e+02 1.540578892145157113e+02 1.093873873873873919e+02
1.128830034854131270e+02 1.542883124087943258e+02 1.095920860619655741e+02
1.131423109856844746e+02 1.547398844627760184e+02 1.099458012229096511e+02
1.136001181904796340e+02 1.554238455322792731e+02 1.105821966544858128e+02
1.139236706586104191e+02 1.559241048277192760e+02 1.110492661336034814e+02
1.137570823835884113e+02 1.557311528395865707e+02 1.109887357236754895e+02
1.137467346864937241e+02 1.556122628652749142e+02 1.109680162089800604e+02
1.138411182266603987e+02 1.555528781793842086e+02 1.110658489815116354e+02
1.137371347250865341e+02 1.552437015328581538e+02 1.109294957608210552e+02
1.136321502225116689e+02 1.550578650940096850e+02 1.107882822581617717e+02
1.135155155155155171e+02 1.549125752258282489e+02 1.104066114307078124e+02
1.134691317823847925e+02 1.548003183906798483e+02 1.100490731695551005e+02
1.133199102717175037e+02 1.546652073760507449e+02 1.096499149752161770e+02
1.135511897439608333e+02 1.546571873077897123e+02 1.095788921451572122e+02
1.133057032936550996e+02 1.543946476597079140e+02 1.092725255375857785e+02
1.130389063762557669e+02 1.540393767261237201e+02 1.090007839164465651e+02
1.127231568918315929e+02 1.535529022998902633e+02 1.086226105623696014e+02
1.125184461570003691e+02 1.531981861379451857e+02 1.084398736085483108e+02
1.124675157084795671e+02 1.530999312565577668e+02 1.084452404211440353e+02
1.124409590313204745e+02 1.530133627603507023e+02 1.084134254736664360e+02
1.125201828334358396e+02 1.531325542409879858e+02 1.085593424750051241e+02
1.126100558389715047e+02 1.532144192385156316e+02 1.087283066198728818e+02
1.126761339652905889e+02 1.532838018741633164e+02 1.088385493927662537e+02
1.125462571004739658e+02 1.531571571571571440e+02 1.087315387676833467e+02
1.123159545087255964e+02 1.529048325433867603e+02 1.084934934934934887e+02
1.121218447363025632e+02 1.529363218640327204e+02 1.082549778694357059e+02
1.122500934669609336e+02 1.533303062098242719e+02 1.083984707599165489e+02
1.123092248875381358e+02 1.536319451982102464e+02 1.085498389956221246e+02
1.121426124920100875e+02 1.535653605412641696e+02 1.083770758710517725e+02
1.119432806300276155e+02 1.533638819542433964e+02 1.081590506168819417e+02
1.121524777789838083e+02 1.535152622502019994e+02 1.083803321393682779e+02
1.123524005933644503e+02 1.536584536343572438e+02 1.087348432770119473e+02
1.123676326929338956e+02 1.536040980739775819e+02 1.087575044924442551e+02
1.122702582100172464e+02 1.533698879602494003e+02 1.087097941314808764e+02
1.122293257112534235e+02 1.532642401437582294e+02 1.087111207593135305e+02
1.124128948225333744e+02 1.533423785231014165e+02 1.087496773882316035e+02
1.122067247970862383e+02 1.530553083203685674e+02 1.083729753850235795e+02
1.120160763172811329e+02 1.527031851128236610e+02 1.080744600021708521e+02
1.120101064920341969e+02 1.526874706031332494e+02 1.080689002255267326e+02
1.123143022540612890e+02 1.530315255014050138e+02 1.083704668523945571e+02
1.123436086689098801e+02 1.531042970681524764e+02 1.083586478044309303e+02
1.122184956040377699e+02 1.530815996719611292e+02 1.082435447495688408e+02
1.123828286117442730e+02 1.533122158302881246e+02 1.083801632958259518e+02
1.125138632608512097e+02 1.535449425328943391e+02 1.085890348179504770e+02
1.125076642907968250e+02 1.535175175175175184e+02 1.085334370515093383e+02
1.124849910151115040e+02 1.534088305172642492e+02 1.085793624950251512e+02
1.124103862899043662e+02 1.532575949443419461e+02 1.084950372058805783e+02
1.123642678823401724e+02 1.531384155239576899e+02 1.083789693307765560e+02
1.125546992775908421e+02 1.532975626228638362e+02 1.086078729331741357e+02
1.127576009744684455e+02 1.534624986432215223e+02 1.088274660202371109e+02
1.125736459350917187e+02 1.534064305269124588e+02 1.087148594377510022e+02
1.127151850645826556e+02 1.536585621766344616e+02 1.089447278603905147e+02
1.128186379150234586e+02 1.538232087509196049e+02 1.090634248706537903e+02
1.127435025386832592e+02 1.538225092562441887e+02 1.090232642280835051e+02
1.125719092586562482e+02 1.537015207979063405e+02 1.088893230579977569e+02
1.128159364183460553e+02 1.538800366631691929e+02 1.091686867590481995e+02
1.130264360746288475e+02 1.539822834883075870e+02 1.092845375495977862e+02
1.129600202612250825e+02 1.537872571366547163e+02 1.091858967401136056e+02
1.128086882062785747e+02 1.535513103464910785e+02 1.090225526731550758e+02
1.130377606522184806e+02 1.538054439982150825e+02 1.093001796977700621e+02
1.133309936442466608e+02 1.540878710035336496e+02 1.096090668982235314e+02
1.133476729741790052e+02 1.540977483507604120e+02 1.094799618896004461e+02
1.134771156698867571e+02 1.542135147195388072e+02 1.095780479274455246e+02
1.135697866541240018e+02 1.543599503117575296e+02 1.096773038098339299e+02
1.134552263106480012e+02 1.542752029137571412e+02 1.095515756720575951e+02
1.135109929206314803e+02 1.543659683780165608e+02 1.096202949937889741e+02
1.133884728101595556e+02 1.542620451777078188e+02 1.094431660576238841e+02
1.132737074423821468e+02 1.541887429598272945e+02 1.092863827683104745e+02
1.130397988349795639e+02 1.540044261128598464e+02 1.090460339857930165e+02
1.128403946114789420e+02 1.537760290410892878e+02 1.087702883606498006e+02
1.127707707707707669e+02 1.536996032176755023e+02 1.087397397397397327e+02
1.127997636190407320e+02 1.537493638216529916e+02 1.088055163597332324e+02
1.127498341715209165e+02 1.537177659587298137e+02 1.087992209076546430e+02
1.126458386096940245e+02 1.536879409530012026e+02 1.086858424689749967e+02
1.125813041957620300e+02 1.535907956148919880e+02 1.086158568206761004e+02
1.126058226901600392e+02 1.536107553336468925e+02 1.086876997479407123e+02
1.125267436110809598e+02 1.536250226129744192e+02 1.086669440524862154e+02
1.124941447471567955e+02 1.535710771011975737e+02 1.086030850127235681e+02
1.122638542156614392e+02 1.533452247428151054e+02 1.083883763281353652e+02
1.121340135316038982e+02 1.532244774895377191e+02 1.082934862573416837e+02
1.122659647599406583e+02 1.533088389594413741e+02 1.084283560669102826e+02
1.124779840081044853e+02 1.533406780274250139e+02 1.086110447797194780e+02
1.126119251781902335e+02 1.534158616447772943e+02 1.087698783120469841e+02
1.125668560126391498e+02 1.532876732153840464e+02 1.086774847136292976e+02
1.125316762545678273e+02 1.532143589372504948e+02 1.086351411652616434e+02
1.125304581690123911e+02 1.533000832157458717e+02 1.086262286382768281e+02
1.125105225707635412e+02 1.533652688833411730e+02 1.085216783048108340e+02
1.125585585585585591e+02 1.534735096542325437e+02 1.085637324071059027e+02
1.124145470771976818e+02 1.533509654232545927e+02 1.084062375628640638e+02
1.125137426583209646e+02 1.534479177973153980e+02 1.084914673709854469e+02
1.123276650144120055e+02 1.532302181699772063e+02 1.083809833930315847e+02
1.121663591302145448e+02 1.529895920016402044e+02 1.082834762473316630e+02
1.124128104007622113e+02 1.531942665557123462e+02 1.085869001531652174e+02
1.127557798762617978e+02 1.535653846617701959e+02 1.090382913033515422e+02
1.126757842179528950e+02 1.535200742911586360e+02 1.090027738581955390e+02
1.125154431539973672e+02 1.534756322587647901e+02 1.088299624926130917e+02
1.124094214696624334e+02 1.534087581557461135e+02 1.086870605545304329e+02
1.125200863514116492e+02 1.535196642425558196e+02 1.087612069901226590e+02
1.124639217530783810e+02 1.534816865057829034e+02 1.087180674650554124e+02
1.125341486064377676e+02 1.536010468299624847e+02 1.088485473425232470e+02
1.126939228385011518e+02 1.537118081937358909e+02 1.089730573947441457e+02
1.126894243641231554e+02 1.536338868989471393e+02 1.088991401039593825e+02
1.125727052353558406e+02 1.532790742549778713e+02 1.086933198258499402e+02
1.124554916362145320e+02 1.530816117322141281e+02 1.085454249430153055e+02
1.126600094069973608e+02 1.532664712905676652e+02 1.087071529360685957e+02
1.125511776837078060e+02 1.531909499861307040e+02 1.086399773267243205e+02
1.124996201020297377e+02 1.531929399278796780e+02 1.086244557810822897e+02
1.125412159147098947e+02 1.532588974516685312e+02 1.087099026737580942e+02
1.126316557521376751e+02 1.533891361240758897e+02 1.088104248827140452e+02
1.126078488126680952e+02 1.534337590602650891e+02 1.087981234246294520e+02
1.124787558642980372e+02 1.533433071625842672e+02 1.087233016148678786e+02
1.124517650180300734e+02 1.533395443636407549e+02 1.086977821194688687e+02
1.123166419431479710e+02 1.532607426703812337e+02 1.086203552950540967e+02
1.124427439487680402e+02 1.534602674964120865e+02 1.087786340557424865e+02
1.125450390149185296e+02 1.536421119915095801e+02 1.089441972092574531e+02
1.125782770722529733e+02 1.536495169868663879e+02 1.088892265759735665e+02
1.125202672552070169e+02 1.535471254386916939e+02 1.088168409373228656e+02
1.126480576962504614e+02 1.536841781540576619e+02 1.089430876659792347e+02
1.126640013507483360e+02 1.537230604098074025e+02 1.090028582799667163e+02
1.128060349506132667e+02 1.539139862754320518e+02 1.091715209185088753e+02
1.126822123328147427e+02 1.537857013640146135e+02 1.092084132325096135e+02
1.125678690738931635e+02 1.536687048494277406e+02 1.091693500729645336e+02
1.124620041728475428e+02 1.535974287540552723e+02 1.091042247066343407e+02
1.124266193904748121e+02 1.535520339616725209e+02 1.091217844350374406e+02
1.124673468649372268e+02 1.535675313868084970e+02 1.092313518337614653e+02
1.127473376991449214e+02 1.537678039485268471e+02 1.094170797303327447e+02
1.132269619016607010e+02 1.541321321321321420e+02 1.097789235018150720e+02
1.135212441357019628e+02 1.543412931003292385e+02 1.099894110978448367e+02
1.135731394044647118e+02 1.542376111050809868e+02 1.098962938842456936e+02
1.134435158049615922e+02 1.540299817890179384e+02 1.096705259476343883e+02
1.132971887550200734e+02 1.541376436677641379e+02 1.096781842083046854e+02
1.131704596162427521e+02 1.542961877540190869e+02 1.097265458229313708e+02
1.129870714087581547e+02 1.542065077125318169e+02 1.096285442068574554e+02
1.126641460737846216e+02 1.540623153273755577e+02 1.094815056019875357e+02
1.124169470675494722e+02 1.537619909065692241e+02 1.092465115718127748e+02
1.124283681271633100e+02 1.537313940446470610e+02 1.092393839622755252e+02
1.125249225128743262e+02 1.538164188284670217e+02 1.094719538815924409e+02
1.123905833544387747e+02 1.536669078717271475e+02 1.093745673384227644e+02
1.122436532918460586e+02 1.534729187018343737e+02 1.092740210089607729e+02
1.122341859932221411e+02 1.534740403053656053e+02 1.092801355572439945e+02
1.124374856784495336e+02 1.536949238395021666e+02 1.094023421011372790e+02
1.123949250455274580e+02 1.536668596307150665e+02 1.092799667137016542e+02
1.124484725689545002e+02 1.537205518771783943e+02 1.092662421457602164e+02
1.123997009057249983e+02 1.537163066681139014e+02 1.091407672732973992e+02
1.122018403946114802e+02 1.535329184606293040e+02 1.088896969258415055e+02
1.120776077282101397e+02 1.533951300698288662e+02 1.087893918014399901e+02
1.122708974034275258e+02 1.535679896764234229e+02 1.089906653641593408e+02
1.122321357502080446e+02 1.535444601227733870e+02 1.089650252662300858e+02
1.121313120349264949e+02 1.534491117623647654e+02 1.089106576455974107e+02
1.120863996526647099e+02 1.534380404500886357e+02 1.088845110170411346e+02
1.123639784362675869e+02 1.536104779478273485e+02 1.091665520942629399e+02
1.124664664664664713e+02 1.536534848101113084e+02 1.094171641521039078e+02
1.124618594498112572e+02 1.535341365461847261e+02 1.094048868145253692e+02
1.123676568134399503e+02 1.534535137547185855e+02 1.094183098761412083e+02
1.124353268931582193e+02 1.535008020068260919e+02 1.094700363013616027e+02
1.123173293775703456e+02 1.534512343668970118e+02 1.091235452319789658e+02
1.121505601987529701e+02 1.533589010697444337e+02 1.087915747072373591e+02
1.122340533304388686e+02 1.535312059046998741e+02 1.088165997322623895e+02
1.124159943075605668e+02 1.537848330257968712e+02 1.089544484243279356e+02
1.124119058817854011e+02 1.538699181108819687e+02 1.088925913865672896e+02
1.122671949057491219e+02 1.536954665508882272e+02 1.088335082070021826e+02
1.122624190455515816e+02 1.536454165008381949e+02 1.089875899996381889e+02
1.125059396746143676e+02 1.538209655438571133e+02 1.092618642739124653e+02
1.125902167227468453e+02 1.539233088510196978e+02 1.094427198282619997e+02
1.124912864671900792e+02 1.538130419576202712e+02 1.093131324095179480e+02
1.123175223416187265e+02 1.535845001628134128e+02 1.092280835051919325e+02
1.121621139211500662e+02 1.533798859100063794e+02 1.092432311829902147e+02
1.120527033057153545e+02 1.532303387725074515e+02 1.092351266929580191e+02
1.119740704559981737e+02 1.531228819180626317e+02 1.092101137281860161e+02
1.118712929797267179e+02 1.530462269498414116e+02 1.091372697999204036e+02
1.120110351315170618e+02 1.531807831928313988e+02 1.091554446012277282e+02
1.120780418973190109e+02 1.533016510486390018e+02 1.090996297502321539e+02
1.120527033057153545e+02 1.532476814163561016e+02 1.089838151404416493e+02
1.120094672986239317e+02 1.531596295090270985e+02 1.088814597730260374e+02
1.120071517300432902e+02 1.531965821242929735e+02 1.088268268268268315e+02
1.120277385819554468e+02 1.532598863924165187e+02 1.089254193952989169e+02
1.119873608548307402e+02 1.533230097567447103e+02 1.090208401172256600e+02
1.117749556785701373e+02 1.531328919280726382e+02 1.088865853805612858e+02
1.116254809025893309e+02 1.529997708551925371e+02 1.087737255327616737e+02
1.116838042862139275e+02 1.531176477682501798e+02 1.088620548259102492e+02
1.119089692101740354e+02 1.532236573923320861e+02 1.088389473811160570e+02
1.120934066596717145e+02 1.531807831928313988e+02 1.087543205856458854e+02
1.121006186909801414e+02 1.530495676399290801e+02 1.084733649311962580e+02
1.122036132518060185e+02 1.530792841033805018e+02 1.084768382840671990e+02
1.124149088847884030e+02 1.532745878408528881e+02 1.085818830879071868e+02
1.122362000554771697e+02 1.531425280702389102e+02 1.085977302603808567e+02
1.119739619137209559e+02 1.529520243134701047e+02 1.085551093261936586e+02
1.120220823232871368e+02 1.530441887670803283e+02 1.086410506892434569e+02
1.121808314338434798e+02 1.533187645476802174e+02 1.089298816889178312e+02
1.123007103489031238e+02 1.535862127187428428e+02 1.091652737074423811e+02
1.122115730188019285e+02 1.534770312481155941e+02 1.090291496315592639e+02
1.120615434711820200e+02 1.532627929133953160e+02 1.088037435025386799e+02
1.120237707587105120e+02 1.531803007827104182e+02 1.086984092526261207e+02
1.123717331789620886e+02 1.535580279074254975e+02 1.089137330101185483e+02
1.125243798014882373e+02 1.537468552890239550e+02 1.090268220027256234e+02
1.126399411459652384e+02 1.536535812921354989e+02 1.091226045322430878e+02
1.126380235657344144e+02 1.535719695599213708e+02 1.091655269727558846e+02
1.126832253940687707e+02 1.535497063328388663e+02 1.092151187331910194e+02
1.124867276915469745e+02 1.532825596681018396e+02 1.089702835365485925e+02
1.123213333815743482e+02 1.530215757926601441e+02 1.088544086254929653e+02
1.124374736181965062e+02 1.530936719852382453e+02 1.088786014930593211e+02
1.123471302627929163e+02 1.530685987192011339e+02 1.087958319765548652e+02
1.122624311058045947e+02 1.529770734590011614e+02 1.086114186475632266e+02
1.123476367934199232e+02 1.530632439668584368e+02 1.086615048783723552e+02
1.125151778284308364e+02 1.532690160039557554e+02 1.087514020044140466e+02
1.125307837958440302e+02 1.532535788800849161e+02 1.086585621766344616e+02
1.125114632704994193e+02 1.532031670224441200e+02 1.084735337747385984e+02
1.125670369164345033e+02 1.532559185691715697e+02 1.083540649082817708e+02
1.124821327351447877e+02 1.531461461461461511e+02 1.081536958645392446e+02
1.124374736181965062e+02 1.530808881170326856e+02 1.081238467383045645e+02
1.123846135291918387e+02 1.530272561718344946e+02 1.082710180059577709e+02
1.125457385095939316e+02 1.532185317847968520e+02 1.086057141478828214e+02
1.123620367355307081e+02 1.531089523258197858e+02 1.085885885885885926e+02
1.123533654136063831e+02 1.531206628315061948e+02 1.086861198547945548e+02
1.123288107384492918e+02 1.530867494000024180e+02 1.087088896125040662e+02
1.121946766043151626e+02 1.532510824077089069e+02 1.088293474197088671e+02
1.122016836113221672e+02 1.534978231243291589e+02 1.090360722167951053e+02
1.123470940820338342e+02 1.537257498462317642e+02 1.092660974227239308e+02
1.121721601119191547e+02 1.536122990460339963e+02 1.090382189418334065e+02
1.120536078246921647e+02 1.535739956824294268e+02 1.089784000868338154e+02
1.120492178925913862e+02 1.536249623117093108e+02 1.089128405513947655e+02
1.120370129165309834e+02 1.536511330607716275e+02 1.088635623575382567e+02
1.120624238696527897e+02 1.536782083288107401e+02 1.088783844085048855e+02
1.122104996562827921e+02 1.538821472074484120e+02 1.089616242748772805e+02
1.121855469927759117e+02 1.538405996357803645e+02 1.089344766453200180e+02
1.121226407130021556e+02 1.537195870569364615e+02 1.088428187223368013e+02
1.120329244907558177e+02 1.535611273924527040e+02 1.087298744527660119e+02
1.120085627796471215e+02 1.535313868084952560e+02 1.087383166298828883e+02
1.122233438257534601e+02 1.537239528685311711e+02 1.089962492613095009e+02
1.122894581328316264e+02 1.537749436183171099e+02 1.090885825584620790e+02
1.123358418659623510e+02 1.538254760784881228e+02 1.090805745504540738e+02
1.123487825174572095e+02 1.538316871087955349e+02 1.090501465320742369e+02
1.124125933162077757e+02 1.539133229615157461e+02 1.090871835691112750e+02
1.125328943401232493e+02 1.540696359009612024e+02 1.092438341956414263e+02
1.126021322527346626e+02 1.541244256304497355e+02 1.093417513899441644e+02
1.124104224706634341e+02 1.539545931473642213e+02 1.091629219581026859e+02
1.121430346008659313e+02 1.537687687687687799e+02 1.089911718947863477e+02
1.119900744117611566e+02 1.535756238165876653e+02 1.088876828635864769e+02
1.119869146254688417e+02 1.536232618160329082e+02 1.088902878782396897e+02
1.119948140911996290e+02 1.536629762292412806e+02 1.088786738545774710e+02
1.121836535330511282e+02 1.537412472713677403e+02 1.091132457758963739e+02
1.120887514020044193e+02 1.535257908510920686e+02 1.090134713026279343e+02
1.122037217940832363e+02 1.536002870340219602e+02 1.091769721528757628e+02
1.125002472351869898e+02 1.538873331162487830e+02 1.095044683237454279e+02
1.126933801271150628e+02 1.540949744925648588e+02 1.097056092236815061e+02
1.124872221619209540e+02 1.538938335926287664e+02 1.094359178455564034e+02
1.124560343476006068e+02 1.538788065173607436e+02 1.092186403270740556e+02
1.126462365980438278e+02 1.541210849403620387e+02 1.094026677279689324e+02
1.127883063786678264e+02 1.543402920993282521e+02 1.094863417634501985e+02
1.126891469783036115e+02 1.542250443214298627e+02 1.093828889130093955e+02
1.127246644234596005e+02 1.542307488211102680e+02 1.095088100148341113e+02
1.125811715329787575e+02 1.541489320645947032e+02 1.095476440295717424e+02
1.125678208328810683e+02 1.540918267665255712e+02 1.095699916784254100e+02
1.127809013833110185e+02 1.543483965893604477e+02 1.098942557014846102e+02
1.128266338627784364e+02 1.543617352292050953e+02 1.099087280051135451e+02
1.127433336951409188e+02 1.542899887839646738e+02 1.098093756407009352e+02
1.128012952711747943e+02 1.544308525392862634e+02 1.098597151368235671e+02
1.128730778971742836e+02 1.545532882279870250e+02 1.099571619812583663e+02
1.127518361735229178e+02 1.544193349976482637e+02 1.098069756503491448e+02
1.128630437666582225e+02 1.546201020297405933e+02 1.099770855192541887e+02
1.127490020140622562e+02 1.545653967220232232e+02 1.098894557207810152e+02
1.125305305305305268e+02 1.543764969789066299e+02 1.096777862199548963e+02
1.122737677436472552e+02 1.540700218290579642e+02 1.094111340255918634e+02
1.121623913069696243e+02 1.539769769769769709e+02 1.093071384637649714e+02
1.121886344175500767e+02 1.540125064823859873e+02 1.093374096988554811e+02
1.120296199814272171e+02 1.539666654606413658e+02 1.092473919702835303e+02
1.120413787281257214e+02 1.540003979883497891e+02 1.092861898042620936e+02
1.120118069877105995e+02 1.539887719044345431e+02 1.092923164127983426e+02
1.120849644825548381e+02 1.541557340473003137e+02 1.094619197510763797e+02
1.121476054367620634e+02 1.543339122254784854e+02 1.095738147786340591e+02
1.122735144783337518e+02 1.542613818637915131e+02 1.096629641689882675e+02
1.124153309936442469e+02 1.542218604146314931e+02 1.097077438884667799e+02
1.126645320018813976e+02 1.542601034769709543e+02 1.098011023071263992e+02
1.128214720744841202e+02 1.543021093382539277e+02 1.099393248670357082e+02
1.128459905688821294e+02 1.542149740101547195e+02 1.098115464862452768e+02
1.126911127995465307e+02 1.542150704921789384e+02 1.097263287383769352e+02
1.125649987336734341e+02 1.543195967051388777e+02 1.096964313711301600e+02
1.124938432408311968e+02 1.543495784941568161e+02 1.096260236139754198e+02
1.123679824402716037e+02 1.543072228855361345e+02 1.095037085278049176e+02
1.125297827948430296e+02 1.545311335431817383e+02 1.096862283970717726e+02
1.125867071891168223e+02 1.545613565372601386e+02 1.097058624889950238e+02
1.125184340967473560e+02 1.544391982343789493e+02 1.095918569171581254e+02
1.124880422591266012e+02 1.544146676797279270e+02 1.095859956341884072e+02
1.126907389317027821e+02 1.546085121265844293e+02 1.097798159605388548e+02
1.128640447676592231e+02 1.547763667281739686e+02 1.099342354402595419e+02
1.127891264758734593e+02 1.547105901081804689e+02 1.098539623961310667e+02
1.126107673938999199e+02 1.545538188791200866e+02 1.096655933041475208e+02
1.123824065028884291e+02 1.543052932450522690e+02 1.095039738533714484e+02
1.122623708045394721e+02 1.541184437449497580e+02 1.093726979992040214e+02
1.122023348649854739e+02 1.541452175066633004e+02 1.093849270957704647e+02
1.122478502598984562e+02 1.541551792756611974e+02 1.092980450329847883e+02
1.121805902287830037e+02 1.540438028389835665e+02 1.091803972647346086e+02
1.122331488114620583e+02 1.540408118962335777e+02 1.091558184690714768e+02
1.122198342921234513e+02 1.540007959766995782e+02 1.090825644922030477e+02
1.123179203299685298e+02 1.540427777174765254e+02 1.091453863502056265e+02
1.125387918038520496e+02 1.542534220967955889e+02 1.093357695044442011e+02
1.127629557268111427e+02 1.544671659611418590e+02 1.095923031465200097e+02
1.127116875912056599e+02 1.543657754139681799e+02 1.094760784881266744e+02
1.126195110773424091e+02 1.542045418912888692e+02 1.093542096313180707e+02
1.125987071408758169e+02 1.541978243303544502e+02 1.092593798617894976e+02
1.124473389051702270e+02 1.540497364834714347e+02 1.091859932221377960e+02
1.124992100534269213e+02 1.541231954846412577e+02 1.092681597259910546e+02
1.126453200188139903e+02 1.543236971911670707e+02 1.094835679052546453e+02
1.125876599491057277e+02 1.543327303206821171e+02 1.094759337650903888e+02
1.124491841238829153e+02 1.542648069756503446e+02 1.094074797689255547e+02
1.126545581726304590e+02 1.543368187464573111e+02 1.095301687229398055e+02
1.127787787787787721e+02 1.542927264614011733e+02 1.095929302796772618e+02
1.129169772181820406e+02 1.543701894665749990e+02 1.097138584367500016e+02
1.130690087678039504e+02 1.544634875839695098e+02 1.098621995489465348e+02
1.131779128526116409e+02 1.545315556520375821e+02 1.099529891337120233e+02
1.131182749014074318e+02 1.546307029921487697e+02 1.099823076088136276e+02
1.129178334961467556e+02 1.545634550212863587e+02 1.097845194592182594e+02
1.127271126548235003e+02 1.544469047360613558e+02 1.096043392790380722e+02
1.125926770143637583e+02 1.545467998118600406e+02 1.096607933234439258e+02
1.126675591253904543e+02 1.546693922838501010e+02 1.097303448026339652e+02
1.126823811763570831e+02 1.546613480950830422e+02 1.097351568435905733e+02
1.126575129346213657e+02 1.546691148980305570e+02 1.097149921005342748e+02
1.126268316509280396e+02 1.546657862681959159e+02 1.096642907968209215e+02
1.125584741367873960e+02 1.546008297454080491e+02 1.096278205916760129e+02
1.124183339966472488e+02 1.544394635599454944e+02 1.094608343283042018e+02
1.124977025217989137e+02 1.544531519471278500e+02 1.093608910114934218e+02
1.126330788619945196e+02 1.545099195581123297e+02 1.092921596295090296e+02
1.127211548898295916e+02 1.545124160304883105e+02 1.092278664206375112e+02
1.126759289409891807e+02 1.544525730549827074e+02 1.091131010528600882e+02
1.128533473232268420e+02 1.546112498040209005e+02 1.092167589276022994e+02
1.129512524572765528e+02 1.547300432963083665e+02 1.093592146363230739e+02
1.129835015738630233e+02 1.548083625794469071e+02 1.095765886368295980e+02
1.129851779490333712e+02 1.547995465344862964e+02 1.096060759554735426e+02
1.130448400207436350e+02 1.549314977628230565e+02 1.097305015859232782e+02
1.131899128043706355e+02 1.550828418780226059e+02 1.098877672853576399e+02
1.132556050025929579e+02 1.551243170881725177e+02 1.099815598731261446e+02
1.132935224381007515e+02 1.551533822979606043e+02 1.099863357333236848e+02
1.132770722529758700e+02 1.550810449003220128e+02 1.098845471978002166e+02
1.130486872414583246e+02 1.548172751064317367e+02 1.096476958886597401e+02
1.129235259355741334e+02 1.547080092140332965e+02 1.095006814042958609e+02
1.130022070263034095e+02 1.548260308501272391e+02 1.096787631004498422e+02
1.129532303387725136e+02 1.548144409469710752e+02 1.096696093684045508e+02
1.127906701882605489e+02 1.547894159219460448e+02 1.096086327291146603e+02
1.128917954098676972e+02 1.549326314266073439e+02 1.097035107396553144e+02
1.130880760278350579e+02 1.551734384987396993e+02 1.099226334768503506e+02
1.131127030645102991e+02 1.551490044261128673e+02 1.099598514176827422e+02
1.129624323118299003e+02 1.549473569955497680e+02 1.097891505963795140e+02
1.128342680029427072e+02 1.547882701979087585e+02 1.096640495917604312e+02
1.128606317160534047e+02 1.547108674940000128e+02 1.096811751510546742e+02
1.127734360866891024e+02 1.546275311456034274e+02 1.096399049652061706e+02
1.127732793033997893e+02 1.546072578602698968e+02 1.096713701653460760e+02
1.127625818589673941e+02 1.546386024578795571e+02 1.097722541818927340e+02
1.128042862139247688e+02 1.546700555977664351e+02 1.099026978786014865e+02
1.129026013965772961e+02 1.547397156192336922e+02 1.100857242784953627e+02
1.127819868060831965e+02 1.546131191432396292e+02 1.099998190962046323e+02
1.127743647261719531e+02 1.545889745166853686e+02 1.100103115163356193e+02
1.126830806710324850e+02 1.545780117466864567e+02 1.100091416717922783e+02
1.125582088112208652e+02 1.544668885753223151e+02 1.098492227166925943e+02
1.126904615458832382e+02 1.546308597754380969e+02 1.100074773568749436e+02
1.129619257812028934e+02 1.549357067911284673e+02 1.103265554711337870e+02
1.128933150017487321e+02 1.549799799799799871e+02 1.101801801801801872e+02
1.126703932848511158e+02 1.548110399556182699e+02 1.098541191794203797e+02
1.124768141635611585e+02 1.546509159762171919e+02 1.096521461220256413e+02
1.124032345598610618e+02 1.546188718839321155e+02 1.095323033877250793e+02
1.123630618570377635e+02 1.546052799787739502e+02 1.095078090138331106e+02
1.122762280352641824e+02 1.545711977037278189e+02 1.094586031814947518e+02
1.121033081274045173e+02 1.543704427318885166e+02 1.093756286406888876e+02
1.119876382406502842e+02 1.542470542831988496e+02 1.093385916036518495e+02
1.118448207243388026e+02 1.540974830251938670e+02 1.092458241373904002e+02
1.117213357936249452e+02 1.539477308633935024e+02 1.091249683418358103e+02
1.116323914275721449e+02 1.537370744238214115e+02 1.089196907751124570e+02
1.117947224332766467e+02 1.538092912189297863e+02 1.089222234282475199e+02
1.120188622357296993e+02 1.539585127295970608e+02 1.090388822557497264e+02
1.119702835365485925e+02 1.538877190443455447e+02 1.089903517975807148e+02
1.119572946440416388e+02 1.538207484593026777e+02 1.089028064208787043e+02
1.122452693657512981e+02 1.538905049627941253e+02 1.091016799932462646e+02
1.125916880736157850e+02 1.539584524283319524e+02 1.093617472894581368e+02
1.125397928048530503e+02 1.537607487005077473e+02 1.092390583354438718e+02
1.125852237779948553e+02 1.534481107613637789e+02 1.092460412219448358e+02
1.126038086279050106e+02 1.534662855626711178e+02 1.091775751655269744e+02
1.128392006464295605e+02 1.537812511306487124e+02 1.092483206097663953e+02
1.126449702714762964e+02 1.537407407407407334e+02 1.089641689882653708e+02
1.124284043079223778e+02 1.536018669271681460e+02 1.086368899019501413e+02
1.123197776089342312e+02 1.535282632029619947e+02 1.084708081575551404e+02
1.125908076751450295e+02 1.538321453984104608e+02 1.087280654148124057e+02
1.127349276987831246e+02 1.540040522450161120e+02 1.089121048759602957e+02
1.126937901757178935e+02 1.538777693356006750e+02 1.089620705042391791e+02
1.128404669729970919e+02 1.539434012325578465e+02 1.090773424026436089e+02
1.127494844241832226e+02 1.538088570498209151e+02 1.090367958319765478e+02
1.127034866191492739e+02 1.537305618871884008e+02 1.090601686023372707e+02
1.128675663615422593e+02 1.540250612057840840e+02 1.093363845773484258e+02
1.129067139428585165e+02 1.541995007055247981e+02 1.094445409264686333e+02
1.128154660684781163e+02 1.541348818698216405e+02 1.094518494398012507e+02
1.129361650807433932e+02 1.543503021093382586e+02 1.095796398808446952e+02
1.130437666582244844e+02 1.545041668174198435e+02 1.097465779032044111e+02
1.124558052027931581e+02 1.542891083854939325e+02 1.093982536753621133e+02
1.120341666968172945e+02 1.544344706151935043e+02 1.093818879120083949e+02
1.120156180276662212e+02 1.546197643426559125e+02 1.095359214636323060e+02
1.115818710276541594e+02 1.542528311443974189e+02 1.091954243400026598e+02
1.109930894750171859e+02 1.536614928181193136e+02 1.086832495145748112e+02
1.113498196992172922e+02 1.533915964156927885e+02 1.086754947718803095e+02
1.118244630172340948e+02 1.533852768431081586e+02 1.088311202769034054e+02
1.120034251118588458e+02 1.532160835534329522e+02 1.088169977206121786e+02
1.120848921210367024e+02 1.531280316461039490e+02 1.087490864358334193e+02
1.123319825849946341e+02 1.533281594847859992e+02 1.089519157711928727e+02
1.124075762509497451e+02 1.535782167709878649e+02 1.090950468540829945e+02
1.122385397445638375e+02 1.535994910573223819e+02 1.089291942544954566e+02
1.120190190190190123e+02 1.534636202467527824e+02 1.086431250527636081e+02
1.119746011071312211e+02 1.534697589155420587e+02 1.086457180071637936e+02
1.118165997322623895e+02 1.533374217591085085e+02 1.085213888587382627e+02
1.115330993644246718e+02 1.531350386531109393e+02 1.081792515406973223e+02
1.115469324746433131e+02 1.531779369731177098e+02 1.081657319970572928e+02
1.114920703836366442e+02 1.532121760314531400e+02 1.081683973129756282e+02
1.114772000916579202e+02 1.531818927361096030e+02 1.081607149317992622e+02
1.112979606112136253e+02 1.529756624093973585e+02 1.079906894846653813e+02
1.117093961431310873e+02 1.531634284887296928e+02 1.081280195858509074e+02
1.121215191094709098e+02 1.533571643933089774e+02 1.083457312734421123e+02
1.121657440573103202e+02 1.532042042042042169e+02 1.081485823172570093e+02
1.121265723554880225e+02 1.530499776885318965e+02 1.079687157036554623e+02
1.121795048060108257e+02 1.530291737520653044e+02 1.079744684443479628e+02
1.120123738196027290e+02 1.529238877431648405e+02 1.079687277639084897e+02
1.117230965905664704e+02 1.527522221016196795e+02 1.078463161957137828e+02
1.116463089595619778e+02 1.527550321405743148e+02 1.078862959344887003e+02
1.118059625890951168e+02 1.532113438739944797e+02 1.083107444794191849e+02
1.119867216614204608e+02 1.535143697914782308e+02 1.086048216891590386e+02
1.118668548066138442e+02 1.532958018259222968e+02 1.084009913527985844e+02
1.119723579000687437e+02 1.533821291170688710e+02 1.084748483423182250e+02
1.121858243785954699e+02 1.536272416995308561e+02 1.087463487583969481e+02
1.121999469348866967e+02 1.535771072277096323e+02 1.087167408372227584e+02
1.118777934561067156e+02 1.532242724652363108e+02 1.083558015847172413e+02
1.119324625830649893e+02 1.532280955654449599e+02 1.084219038315423802e+02
1.120910428500789919e+02 1.533597814682152034e+02 1.085644439620343178e+02
1.119180385204481638e+02 1.530749785930508722e+02 1.083763401956173027e+02
1.118075424822412742e+02 1.528701713761954863e+02 1.082427367126162352e+02
1.117325277084313200e+02 1.527687928892748062e+02 1.081089885065788678e+02
1.119080405706911705e+02 1.530011336637842589e+02 1.083572970560922357e+02
1.120650771253180835e+02 1.531835208702678699e+02 1.085956920776197876e+02
1.120854468926758045e+02 1.532617074906231664e+02 1.086669561127392427e+02
1.120447676592254851e+02 1.534247741717621238e+02 1.088570860016643138e+02
1.119467419226455434e+02 1.533226238286479202e+02 1.087332995646248719e+02
1.118719924744021199e+02 1.532384673830457018e+02 1.085515997925636498e+02
1.118723181012337591e+02 1.531209884583378482e+02 1.082948490659334055e+02
1.119266254206013258e+02 1.531227613155323866e+02 1.082380332139368306e+02
1.118823642920028476e+02 1.530072964530795900e+02 1.081432396251673396e+02
1.117614240746770804e+02 1.528930858569412692e+02 1.079536524476283574e+02
1.117578180590228811e+02 1.528714135822569631e+02 1.078839321248959777e+02
1.118365232702582119e+02 1.529910271717500621e+02 1.079903035565686196e+02
1.119001290447073558e+02 1.530081406707912777e+02 1.080004100486028165e+02
1.117102765416018428e+02 1.527451547933475524e+02 1.077966882545195801e+02
1.116310165587273957e+02 1.526582847908149176e+02 1.076968776004920585e+02
1.117815646972273527e+02 1.528202660491817255e+02 1.079653026520496439e+02
1.119386374326133335e+02 1.529677870641725974e+02 1.082409517951686695e+02
1.118007525597887053e+02 1.528318800728439157e+02 1.082348372468854336e+02
1.119098978496568861e+02 1.529414112908088725e+02 1.083297996791972650e+02
1.121475210149909003e+02 1.532656270728559775e+02 1.086277723506639177e+02
1.120973383021575813e+02 1.533094419720925714e+02 1.085417465658429563e+02
1.119965628278881269e+02 1.532642401437582294e+02 1.083838537332513283e+02
1.119616845761424031e+02 1.533029294354595606e+02 1.083588407684793253e+02
1.120608319162536048e+02 1.534551660093828787e+02 1.084547800812861027e+02
1.122202564009792951e+02 1.536125643716005129e+02 1.085961865479937813e+02
1.122656753138680870e+02 1.538151525018994903e+02 1.086904977266423060e+02
1.121759229108626670e+02 1.537557436955027299e+02 1.085436279653147125e+02
1.118765391897921972e+02 1.534733166901841628e+02 1.082026846123231678e+02
1.117995103537272144e+02 1.533719020225044289e+02 1.080963011203975128e+02
1.120243978918677783e+02 1.536298105334250010e+02 1.083421734988000082e+02
1.118685070612781516e+02 1.534904181289723510e+02 1.082011408999360782e+02
1.117723024229048292e+02 1.534286575732358813e+02 1.081104357369417670e+02
1.117296814887176311e+02 1.534394153189333849e+02 1.080987131710023306e+02
1.119155058673131009e+02 1.536305220883534162e+02 1.082520954689629349e+02
1.120107336251914631e+02 1.537407769214998154e+02 1.084379198475584047e+02
1.121653581292135442e+02 1.538036952615265989e+02 1.086316678123907025e+02
1.121120276903409376e+02 1.536540516420034521e+02 1.086162548090258895e+02
1.119911236537742525e+02 1.533992305558570592e+02 1.085267797918400277e+02
1.119296646043633956e+02 1.532450522811968483e+02 1.084250636178346952e+02
1.118702075569545400e+02 1.531180095758409152e+02 1.083763884366293979e+02
1.116190286672214427e+02 1.529058817853998562e+02 1.081509943678618413e+02
1.115043356609621696e+02 1.528155987312613888e+02 1.080423073676085721e+02
1.113875682911827454e+02 1.526965881544194872e+02 1.079607076956474572e+02
1.111380898971260365e+02 1.524832422784230062e+02 1.077473618196509761e+02
1.109648926034468133e+02 1.523096349361409523e+02 1.075539033008912497e+02
1.111981861379451715e+02 1.523945391174306963e+02 1.076620355295054026e+02
1.112660371214588082e+02 1.523919582232835239e+02 1.075762871305039994e+02
1.115595113185474645e+02 1.526610224682513888e+02 1.077786340557424865e+02
1.118947260513525634e+02 1.528944486655329911e+02 1.079560283174741073e+02
1.121165141044659066e+02 1.530032321478104507e+02 1.081170568158519956e+02
1.118457131830625855e+02 1.527538502357779464e+02 1.079836945379114042e+02
1.116088618739221090e+02 1.525950046431974272e+02 1.078152248634176402e+02
1.117777777777777715e+02 1.528769009973829327e+02 1.081743068369574416e+02
1.116478044309369579e+02 1.528096892072795754e+02 1.080924538996828090e+02
1.116540395817504248e+02 1.528787341558425794e+02 1.081446627350241840e+02
1.114593026761701395e+02 1.527742561838947495e+02 1.078554699277590885e+02
1.113099485027195925e+02 1.526835148401413562e+02 1.073722638300951502e+02
1.113461775028040108e+02 1.528110158351122152e+02 1.071797339508182887e+02
1.113262780853142289e+02 1.528427101800595835e+02 1.071534184787196864e+02
1.113396408456649453e+02 1.528643703944908623e+02 1.071375713062460022e+02
1.112334985587997664e+02 1.527193699723820259e+02 1.070413184268605988e+02
