2.144964974438235572e+02 5.617650219950065349e+01 8.725631672809416273e+01
2.145521531328022888e+02 5.622758292711925066e+01 8.731219117821899545e+01
2.145771347045535720e+02 5.625284983949590156e+01 8.733719177267863643e+01
2.148100249673047131e+02 5.643297110926167903e+01 8.753443347996670809e+01
2.149345428605397785e+02 5.683113066222803411e+01 8.762480561169896021e+01
2.148156937343954382e+02 5.723633812864106574e+01 8.755629057187016429e+01
2.146630222327903823e+02 5.770770657472357357e+01 8.733544168350968562e+01
2.146937011056949132e+02 5.785692069908453306e+01 8.721253120913090129e+01
2.147133800974913811e+02 5.797274045892283567e+01 8.675715610510046361e+01
2.148603590536202717e+02 5.789969801450481413e+01 8.647348947806443675e+01
2.149391511116395179e+02 5.795797408155986119e+01 8.642434431102128656e+01
2.149995149209368606e+02 5.790301272143621247e+01 8.638519082154321893e+01
2.149958387825466559e+02 5.790146712638211568e+01 8.637162287480680334e+01
2.148929592200689456e+02 5.793649268814647257e+01 8.637519438830103979e+01
2.146315729401973726e+02 5.810778742123410012e+01 8.648943050766852991e+01
2.143978599453097047e+02 5.832202116276305048e+01 8.664556889787183991e+01
2.142329758649387657e+02 5.860075615265723314e+01 8.682270835810248855e+01
2.141842063963856901e+02 5.860975864938770741e+01 8.684929734871002438e+01
2.141934752110331601e+02 5.858627036024253698e+01 8.688854595172988127e+01
2.141356604446557981e+02 5.855447865889905756e+01 8.684565450005943887e+01
2.140865152776126479e+02 5.862000237783854573e+01 8.682578528117940664e+01
2.140358530495779235e+02 5.850102960408987940e+01 8.672802282725002954e+01
2.145067792176911325e+02 5.812014742598977790e+01 8.661501842824871744e+01
2.147850861966472564e+02 5.779046011175841357e+01 8.653222684579716883e+01
2.149818998929972622e+02 5.770659374628462501e+01 8.649568897871834849e+01
2.151362168588752866e+02 5.749484722387349933e+01 8.641501842824872881e+01
2.152662608488883507e+02 5.743007965759125000e+01 8.636975864938770542e+01
2.152663084056592595e+02 5.732271549161811919e+01 8.625146593746283941e+01
2.149879491142551444e+02 5.769433361074783306e+01 8.631791225775769760e+01
2.147079158245155099e+02 5.797138033527523504e+01 8.643378908572107377e+01
2.146584282487219184e+02 5.800509808583996829e+01 8.631264296754250154e+01
2.146328141719177154e+02 5.795624777077636480e+01 8.614686957555582580e+01
2.145733634526215781e+02 5.809153251694210240e+01 8.612942099631435156e+01
2.145199524432291014e+02 5.813951729877541652e+01 8.619929615979074811e+01
2.144997550826298891e+02 5.820533111401735482e+01 8.620839377006301163e+01
2.144714968493639162e+02 5.811720841754844713e+01 8.613317798121506996e+01
2.144475805492807012e+02 5.814090120080846447e+01 8.606316014742598952e+01
2.144058399714659515e+02 5.816827963381286537e+01 8.615422660801331745e+01
2.144614671263821322e+02 5.821202710735941110e+01 8.627387468790868752e+01
2.145329449530376849e+02 5.809409582689335139e+01 8.634773035310902856e+01
2.145972845083818754e+02 5.809201759600523474e+01 8.639357032457496643e+01
2.146096682915230076e+02 5.809004874569016863e+01 8.641938413981691269e+01
2.145113827131137896e+02 5.822893829508976182e+01 8.650744501248365737e+01
2.144428629176078971e+02 5.830432528831292416e+01 8.650710260373320182e+01
2.144715824515515408e+02 5.834344073237426898e+01 8.652143145880394570e+01
2.144407228629175961e+02 5.836228748068005956e+01 8.654897158482938835e+01
2.143658066817262977e+02 5.840052788015693608e+01 8.660603495422660103e+01
2.145020853644037686e+02 5.814742123409820351e+01 8.649361074783021763e+01
2.146349066698371075e+02 5.797524194507192874e+01 8.645884199262870595e+01
2.147216502199500781e+02 5.782395434549994206e+01 8.645831886814885081e+01
2.148014647485435660e+02 5.774748781357745742e+01 8.643806443942456497e+01
2.148973201759600613e+02 5.765655926762573102e+01 8.640330043990013564e+01
2.148964261086672138e+02 5.774760194982760453e+01 8.636745214599928033e+01
2.148611247176316681e+02 5.777397217928902506e+01 8.639004636785162461e+01
2.148204969682558669e+02 5.781853762929497265e+01 8.639836404708120199e+01
2.148337700630127074e+02 5.782197598383069703e+01 8.640216383307573267e+01
2.148405659255736566e+02 5.793108548329568208e+01 8.646824396623469511e+01
2.145985685411960446e+02 5.814068719533943863e+01 8.652693853287361492e+01
2.144138485316846925e+02 5.831319462608488635e+01 8.659770300796576237e+01
2.143444584472714212e+02 5.832887409344905194e+01 8.654389252169777080e+01
2.142732659612412363e+02 5.825183212459874227e+01 8.639559148733800953e+01
2.143453049577933598e+02 5.836633931756033888e+01 8.651845916062299580e+01
2.143888241588396113e+02 5.847611461181785586e+01 8.666933301628819208e+01
2.143662109142789234e+02 5.842332184044703070e+01 8.670627036024254153e+01
2.143604565450006021e+02 5.837574604684341750e+01 8.670445369159433824e+01
2.143875971941505156e+02 5.833562239923909232e+01 8.665397217928902762e+01
2.144100772797526986e+02 5.843307097848055776e+01 8.677150873855664770e+01
2.145752704791344740e+02 5.818342646534300400e+01 8.674826298894305410e+01
2.148444085126619996e+02 5.796700035667578277e+01 8.663874450124836812e+01
2.149502318392581230e+02 5.787112590655094380e+01 8.670899536321483936e+01
2.150511710854833041e+02 5.787231007014623430e+01 8.684092260135537344e+01
2.150382784448935922e+02 5.787549161811912768e+01 8.693386279871596400e+01
2.150124456069432881e+02 5.789544643918677735e+01 8.693926524788966503e+01
2.146927975270479010e+02 5.821404827012246130e+01 8.689756747116871338e+01
2.144286101533705846e+02 5.853600760908334166e+01 8.687976221614552230e+01
2.142149138033527436e+02 5.864948282011651060e+01 8.678054452502675531e+01
2.140602924741409936e+02 5.879594340744263548e+01 8.677663060278207752e+01
2.140001236476043402e+02 5.877339198668410347e+01 8.680412792771370789e+01
2.141148115562953365e+02 5.864441802401616854e+01 8.671383664249196954e+01
2.142746118178575614e+02 5.836409939365117339e+01 8.662655094519081445e+01
2.143724360955891086e+02 5.831563904410890586e+01 8.667468790869099848e+01
2.144542575199143926e+02 5.823253358696944559e+01 8.664045178932350666e+01
2.145688075139698014e+02 5.818587563904410587e+01 8.660470336464153718e+01
2.144817643562002161e+02 5.830105338247533098e+01 8.664114611817858247e+01
2.143376055165854268e+02 5.848471763167280812e+01 8.672971109261681022e+01
2.141926239448341391e+02 5.861407204850790720e+01 8.674258946617524657e+01
2.140873950778742199e+02 5.872376174057781384e+01 8.680830816787539561e+01
2.141722886695993395e+02 5.868436095589109414e+01 8.697702532398049868e+01
2.141931518249910766e+02 5.859512067530614843e+01 8.710199976221615259e+01
2.142007656640114135e+02 5.846528117940791702e+01 8.709347283319462463e+01
2.142508476994412092e+02 5.844190702651290081e+01 8.706446795862561316e+01
2.143128617286886310e+02 5.836088931161574322e+01 8.705647842111520163e+01
2.143654262275591407e+02 5.840379978599452926e+01 8.709668767090714425e+01
2.146822256568779039e+02 5.809311615741291490e+01 8.704068957317798549e+01
2.149350374509570827e+02 5.788757579360361660e+01 8.709655926762572165e+01
2.150641873736773277e+02 5.771398882415883946e+01 8.699228153608369496e+01
2.150993365830460107e+02 5.770367376055165920e+01 8.697906550945191384e+01
2.150980049934609326e+02 5.769144215907739692e+01 8.705991201997385076e+01
2.147054618951373186e+02 5.803297586493876992e+01 8.714450600404232716e+01
2.145191582451551540e+02 5.822629889430507433e+01 8.721244085126619439e+01
2.144320913090001284e+02 5.842983236238259082e+01 8.727253358696944474e+01
2.143517203661871235e+02 5.849819997622161338e+01 8.727248603019855011e+01
2.142593984068481632e+02 5.856187373677327201e+01 8.727834978004993616e+01
2.141778242777315313e+02 5.859988586374985431e+01 8.707239567233385458e+01
2.141357650695517805e+02 5.863596243015098963e+01 8.689346807751753943e+01
2.141408441326833838e+02 5.867750326952799611e+01 8.687586256093210579e+01
2.141350231839258242e+02 5.870944239686125599e+01 8.689689216502199542e+01
2.141366163357508015e+02 5.864503150636071638e+01 8.686102960408987883e+01
2.143018047794554661e+02 5.842913327785043265e+01 8.699483057900368976e+01
2.144038378314112379e+02 5.828477469979788594e+01 8.715625252645345711e+01
2.144497586493877179e+02 5.826370705029128771e+01 8.739315182499107948e+01
2.144608488883604878e+02 5.821535608132207784e+01 8.749379146355961723e+01
2.145020853644037686e+02 5.815746046843419492e+01 8.746589941742955432e+01
2.145242087742242347e+02 5.806127214362145139e+01 8.719733682082986093e+01
2.145860563547735183e+02 5.799727499702770217e+01 8.712377125193199845e+01
2.146441992628700461e+02 5.791989061942694406e+01 8.697189394840090415e+01
2.146956937343954337e+02 5.789575080252051009e+01 8.688125074307454554e+01
2.147293639281892865e+02 5.780791344667697018e+01 8.687523956723337903e+01
2.147970752585899277e+02 5.782333135180121531e+01 8.683587207228629268e+01
2.148799952443229131e+02 5.775691356556890099e+01 8.680391392224467495e+01
2.148505908928783867e+02 5.767365117108548134e+01 8.690144334799667547e+01
2.149270764475092221e+02 5.776101771489715730e+01 8.696499346094400096e+01
2.147240185471406448e+02 5.803905362025918180e+01 8.684900249673047767e+01
2.144699322316014616e+02 5.825600760908334053e+01 8.678166210914278622e+01
2.142604827012245892e+02 5.850169539888241843e+01 8.680403281417191863e+01
2.141567090714540598e+02 5.858092973487099897e+01 8.681198906194269682e+01
2.141213078111996140e+02 5.863468790869099934e+01 8.682446795862560407e+01
2.140115182499108357e+02 5.869981215075496550e+01 8.685489002496730393e+01
2.140022351682320902e+02 5.862093924622518415e+01 8.703636666270359967e+01
2.140299702770181796e+02 5.848835096896920760e+01 8.724166924265841772e+01
2.140759909642135312e+02 5.844955891094994627e+01 8.726616573534657562e+01
2.141337439067887374e+02 5.832564498870526393e+01 8.730265128997740476e+01
2.142003614314588162e+02 5.828211152062775113e+01 8.739527285697300840e+01
2.142031672809416136e+02 5.833180834621329325e+01 8.725596956366662482e+01
2.142362002140054642e+02 5.834927119248602878e+01 8.712782308881226356e+01
2.142823588158364032e+02 5.838615622399239413e+01 8.700670550469622810e+01
2.143037641184163533e+02 5.843960527880157230e+01 8.695922958031150074e+01
2.142870859588634005e+02 5.836562121031981576e+01 8.691613839020330090e+01
2.143115301391035530e+02 5.846234217096659336e+01 8.691006063488289612e+01
2.142982380216383262e+02 5.860981096183569150e+01 8.693982641778623588e+01
2.142812935441683635e+02 5.867206753061466884e+01 8.689505171798835192e+01
2.142683390797764957e+02 5.870109618356913472e+01 8.685715848293901331e+01
2.142896778028771791e+02 5.869619308048983441e+01 8.695177267863512327e+01
2.142633693972179287e+02 5.874605159909641827e+01 8.709841873736773721e+01
2.142219617167994272e+02 5.884963500178337625e+01 8.709284032814171894e+01
2.142190274640351788e+02 5.888478421115206629e+01 8.710058732612056076e+01
2.142112091309000164e+02 5.890569967899179460e+01 8.710490548091785001e+01
2.141525811437403490e+02 5.893710617049102041e+01 8.715834026869575268e+01
2.141315848293900785e+02 5.900283438354535548e+01 8.713150398287956477e+01
2.141308809891808380e+02 5.896009035786470065e+01 8.699645226489121796e+01
2.141345381048626848e+02 5.889968850315063520e+01 8.686402092497920080e+01
2.141112162644156456e+02 5.894769230769230717e+01 8.687837355843538489e+01
2.140029627868267710e+02 5.907819284270598104e+01 8.699400784686719135e+01
2.139960194982760697e+02 5.893226964689097258e+01 8.704399952443229438e+01
2.140542337415289467e+02 5.879085958863392847e+01 8.699141600285341269e+01
2.141259778861015377e+02 5.865385804303888051e+01 8.701630721673998892e+01
2.141997479491142542e+02 5.852947806443942369e+01 8.702056830341220461e+01
2.142787397455712721e+02 5.851433598858637453e+01 8.691370823921056399e+01
2.143346950422066470e+02 5.853093330162882069e+01 8.686701700154559092e+01
2.143665485673522824e+02 5.852175484484603629e+01 8.683137795743668619e+01
2.143664914992272088e+02 5.858678397336820609e+01 8.688019973843776711e+01
2.143607561526572454e+02 5.856083699916775487e+01 8.688175960052312519e+01
2.143645321602663216e+02 5.852557840922601429e+01 8.684799429318749731e+01
2.143460087980026287e+02 5.845194626084888512e+01 8.686271311377957716e+01
2.143465889906075290e+02 5.846335988586375265e+01 8.697568897871833826e+01
2.143749375817382088e+02 5.842530020211627573e+01 8.704628700511234740e+01
2.144440993936511575e+02 5.838584234930448247e+01 8.706962311259066212e+01
2.144573629770538616e+02 5.841107121626441767e+01 8.709463321840446781e+01
2.145372203067411760e+02 5.824107478302223484e+01 8.725141838069194478e+01
2.146755629532754597e+02 5.803743669004874306e+01 8.730409226013553337e+01
2.147975508262989024e+02 5.786123885388182231e+01 8.732190227083580680e+01
2.148400475567708838e+02 5.779620021400546648e+01 8.740278682677445943e+01
2.148593128046605614e+02 5.779995244322910253e+01 8.753747235762691048e+01
2.146539579122577663e+02 5.800013315895850496e+01 8.731625252645345370e+01
2.144340886933777313e+02 5.814800142670312511e+01 8.713098561407680620e+01
2.142105100463678582e+02 5.828145999286648760e+01 8.714486743550112635e+01
2.140365759124955503e+02 5.847986684104149191e+01 8.718991320889311680e+01
2.139731922482463347e+02 5.849590298418737433e+01 8.717270716918321227e+01
2.140786446320294942e+02 5.828944953037688492e+01 8.694472000951135726e+01
2.142334847223873453e+02 5.814591844013791189e+01 8.683758887171561014e+01
2.141947830222327980e+02 5.801507549637379668e+01 8.687513969801450742e+01
2.142775080252050941e+02 5.810479134466769580e+01 8.694195220544524716e+01
2.143977362977053929e+02 5.795075971941505344e+01 8.708342884318155086e+01
2.145164142194744841e+02 5.782221852336226675e+01 8.719282368327191080e+01
2.145313993579835881e+02 5.778316965878016731e+01 8.738788729045297998e+01
2.145696064677208312e+02 5.772379027464035062e+01 8.738625133753417629e+01
2.145883961479015625e+02 5.759848293900844141e+01 8.738799667102603053e+01
2.146074997027701841e+02 5.759425989775294141e+01 8.740154559505410248e+01
2.145876114611817798e+02 5.761717274997027971e+01 8.739249078587563702e+01
2.145656069432885431e+02 5.765326358340268342e+01 8.740389965521340798e+01
2.145874307454523944e+02 5.768040423255261118e+01 8.735065033884198726e+01
2.145920104624895828e+02 5.767274283676138680e+01 8.738948995363215033e+01
2.146136012364760575e+02 5.769845202710735776e+01 8.739513018666032451e+01
2.145188586374985107e+02 5.784553560813220940e+01 8.732162644156461795e+01
2.143197717274996990e+02 5.792363809297349064e+01 8.727260967780287615e+01
2.141729639757460575e+02 5.797701581262631976e+01 8.724497919391272660e+01
2.140637403400309040e+02 5.809878492450362586e+01 8.728278207109737252e+01
2.140070098680299679e+02 5.813478064439424742e+01 8.725508025205088813e+01
2.139509737248840793e+02 5.812698133396742151e+01 8.745188443704672920e+01
2.138840708595886326e+02 5.812060872666745581e+01 8.764364284865057186e+01
2.138505528474616710e+02 5.812369991677564940e+01 8.777265485673522960e+01
2.138223944834145698e+02 5.807538699322316234e+01 8.776648674355011792e+01
2.138432576388063353e+02 5.804771370823920762e+01 8.778869099988111202e+01
2.137326548567352233e+02 5.825658780168826212e+01 8.776124598739745863e+01
2.136949233147069265e+02 5.831085007727975267e+01 8.764312447984781329e+01
2.136435334680775213e+02 5.836584472714302763e+01 8.750745452383783629e+01
2.136181286410652831e+02 5.835476399952442961e+01 8.750077755320413075e+01
2.136141291166329665e+02 5.835933420520746751e+01 8.738631316133634641e+01
2.135902080608726692e+02 5.841312091309000465e+01 8.732234930448223054e+01
2.135311377957436605e+02 5.842431102128165321e+01 8.723399357983592495e+01
2.134500772797526906e+02 5.848921174652241461e+01 8.714843419331828045e+01
2.133964332421828658e+02 5.852259659969087835e+01 8.723807870645583762e+01
2.134118891927238053e+02 5.850129592200689643e+01 8.725421947449768822e+01
2.134978052550231951e+02 5.834402092497919057e+01 8.718668885982641825e+01
2.135730400665794662e+02 5.835889668291522980e+01 8.721117108548330066e+01
2.136062299369872903e+02 5.837681131851147143e+01 8.734045416716205068e+01
2.135683271905837728e+02 5.835606705504696379e+01 8.729313518012126849e+01
2.136099964332421735e+02 5.822581857091903146e+01 8.727834502437283959e+01
2.136802758292711815e+02 5.817922244679586186e+01 8.733489953632148683e+01
2.137081964094637954e+02 5.815541077160860794e+01 8.728275353703483574e+01
2.137804208774224151e+02 5.809988824158839549e+01 8.727969563666627550e+01
2.138118559029841776e+02 5.805552728569730192e+01 8.718598026394008116e+01
2.138157032457496030e+02 5.802185233622636673e+01 8.720050885744858249e+01
2.139207085958863388e+02 5.792095589109499798e+01 8.731589109499465451e+01
2.139610747830222408e+02 5.784870764475092386e+01 8.738874806800617989e+01
2.139116680537391630e+02 5.776404232552609841e+01 8.743855427416478676e+01
2.138684912614433529e+02 5.769743906788728793e+01 8.747261918915705792e+01
2.138261181785756833e+02 5.771330400665794969e+01 8.751381286410652649e+01
2.136797051480204459e+02 5.789483295684222952e+01 8.731842587088337382e+01
2.134855974319343659e+02 5.812406610391154516e+01 8.708184044703364179e+01
2.133907834978004985e+02 5.822770657472357669e+01 8.699196290571870804e+01
2.133636380929734742e+02 5.827233384853168729e+01 8.692877897990726410e+01
2.134837141838069101e+02 5.810315063607180974e+01 8.721050053501367927e+01
2.135910831054571304e+02 5.798578052550232087e+01 8.739342289858518598e+01
2.136932398050172424e+02 5.786698846748306124e+01 8.743962430150992304e+01
2.137229437641184120e+02 5.776915943407442455e+01 8.741171323267150228e+01
2.137175555819759722e+02 5.774553798597074916e+01 8.743607656640114101e+01
2.136706978956128751e+02 5.783675662822494701e+01 8.734392581143740131e+01
2.136513042444418033e+02 5.794141005825704127e+01 8.709417667340387936e+01
2.136556461776245328e+02 5.790954226608013045e+01 8.687995719890619739e+01
2.135146926643680843e+02 5.781972179289026315e+01 8.652049934609439674e+01
2.136260896445131436e+02 5.793433361074782795e+01 8.666964689097609664e+01
2.135940696706693700e+02 5.793301628819403248e+01 8.683214362144809684e+01
2.135706764950659817e+02 5.790899536321483509e+01 8.683838782546665414e+01
2.135243371775056573e+02 5.789565093330163137e+01 8.686692188800380166e+01
2.134795482106764837e+02 5.794746879086910241e+01 8.699053144691475836e+01
2.134578718345024413e+02 5.803669480442277973e+01 8.707935798359291368e+01
2.134593128046605557e+02 5.805284983949589872e+01 8.707182974676020137e+01
2.134283057900368590e+02 5.800641540839377086e+01 8.709588396147901790e+01
2.134126548567352302e+02 5.807683271905837330e+01 8.707319462608488436e+01
2.133905552253002043e+02 5.808974438235643589e+01 8.712457971703720716e+01
2.133611651408869250e+02 5.812134110093924733e+01 8.700945428605398035e+01
2.134518178575674767e+02 5.788601117584116196e+01 8.706748305790037534e+01
2.135118677921769006e+02 5.778921888003804241e+01 8.722265604565450303e+01
2.135238616097966826e+02 5.769788134585661510e+01 8.728093211270955010e+01
2.135372393294495339e+02 5.755716561645463969e+01 8.716352871240043498e+01
2.135781048626798224e+02 5.741127571037926458e+01 8.708845083818808064e+01
2.135623350374509641e+02 5.744248246344073294e+01 8.709605992153132092e+01
2.135323837831411140e+02 5.750990845321602762e+01 8.712558316490310517e+01
2.134746070621804677e+02 5.743333729639757479e+01 8.707182974676020137e+01
2.134990940435144466e+02 5.735507311853525181e+01 8.703833551301866578e+01
2.135136036143145759e+02 5.741230769230769226e+01 8.707850671739389270e+01
2.134805041017714871e+02 5.754034003091189931e+01 8.705350136725716936e+01
2.134377362977053849e+02 5.758868148852693025e+01 8.691727499702770388e+01
2.134179859707525964e+02 5.756714302698846808e+01 8.681404351444537326e+01
2.134419498276066918e+02 5.761842349304482269e+01 8.686519082154322291e+01
2.134730139103554905e+02 5.762143859231958487e+01 8.680804660563548225e+01
2.135270859588633812e+02 5.753817619783616522e+01 8.671470217572226602e+01
2.136537343954345545e+02 5.732748543573891453e+01 8.673081916537867642e+01
2.137236190702651299e+02 5.727937225062418491e+01 8.679381761978360998e+01
2.137481203186303560e+02 5.729237427178694730e+01 8.686104387112115433e+01
2.137828177386755328e+02 5.725389133277850107e+01 8.689080489834739751e+01
2.137693829508976364e+02 5.731567233384853211e+01 8.672301985495184340e+01
2.137192961597907583e+02 5.736876471287599344e+01 8.650294614195695431e+01
2.136968588752823734e+02 5.746676019498276133e+01 8.638271311377957318e+01
2.136881417191772812e+02 5.745761502793960318e+01 8.632713351563428716e+01
2.136546141956961264e+02 5.744450838188087261e+01 8.623014623707049964e+01
2.136624991083105556e+02 5.739573415765069342e+01 8.638766377362976812e+01
2.136641350612293309e+02 5.734738794435858011e+01 8.671037450957079784e+01
2.136086410652716552e+02 5.729333967423612251e+01 8.680589228391391998e+01
2.135588729045297782e+02 5.725489002496730251e+01 8.693177981215075079e+01
2.135078825347758880e+02 5.730128641065271466e+01 8.703883961479014886e+01
2.134561693021043993e+02 5.739279514920936975e+01 8.714830579003685784e+01
2.131023088812269748e+02 5.769000594459636488e+01 8.713293544168351445e+01
2.129187445012483693e+02 5.782588039472119590e+01 8.699924860301985063e+01
2.128099013197004012e+02 5.792750445844727381e+01 8.695596718582808649e+01
2.127215836404708114e+02 5.803724170728807508e+01 8.691868743312329570e+01
2.127080156937343816e+02 5.810449173701105963e+01 8.687475924384733617e+01
2.130236262037807649e+02 5.776965878016882527e+01 8.685911782189988628e+01
2.132903340863155393e+02 5.754242301747711252e+01 8.696740458922839423e+01
2.134095826893353944e+02 5.740189751515872274e+01 8.706934252764237669e+01
2.135401878492450294e+02 5.728992509808583833e+01 8.710126738794436108e+01
2.135221352990132004e+02 5.726903816430864680e+01 8.711492569254546936e+01
2.135061895137320107e+02 5.728431815479729039e+01 8.707594340744263661e+01
2.134711259065509523e+02 5.737807632861728990e+01 8.711750326952800094e+01
2.135007965759124886e+02 5.736314825823326657e+01 8.716149803828319875e+01
2.135387849245036307e+02 5.727718463916300351e+01 8.709716323861610476e+01
2.136598359291403995e+02 5.718687433123290731e+01 8.688953037688740721e+01
2.137046248959695731e+02 5.724360004755676812e+01 8.684067055046962480e+01
2.137470693139935918e+02 5.728766139579122552e+01 8.681945547497325322e+01
2.136418975151587176e+02 5.710927119248602679e+01 8.655203899655212751e+01
2.137273094756866101e+02 5.728715253834264587e+01 8.670432528831292984e+01
2.135028795624777160e+02 5.760922601355368045e+01 8.689449530376887765e+01
2.133313565568898014e+02 5.782028771846391635e+01 8.703857805255023550e+01
2.132039995244323052e+02 5.795498751634764290e+01 8.708653430032100573e+01
2.130820116514088625e+02 5.807298062061585853e+01 8.719233384853168900e+01
2.129070027345143217e+02 5.820866959933420759e+01 8.729012959220068524e+01
2.127577267863512134e+02 5.829187017001545712e+01 8.743578171442159430e+01
2.126317869456663914e+02 5.831834502437284584e+01 8.748765188443704233e+01
2.125143122102009272e+02 5.837792414695041998e+01 8.753203186303649375e+01
2.124419736059921604e+02 5.841469028652954165e+01 8.753783854476280624e+01
2.124621899892997305e+02 5.842893353941267520e+01 8.761203186303650625e+01
2.125725882772559885e+02 5.836224943526334386e+01 8.755731304244442015e+01
2.127096468909761029e+02 5.829691594340744132e+01 8.750434431102128485e+01
2.127694257519914345e+02 5.825803352752348019e+01 8.740338128641064941e+01
2.127497562715491597e+02 5.823962905718701677e+01 8.737723457377244074e+01
2.127142694091071178e+02 5.819520152181667072e+01 8.732411366068244263e+01
2.126931066460587374e+02 5.823384615384615159e+01 8.735884912614433517e+01
2.125193722506241727e+02 5.840188324812745435e+01 8.742209963143503160e+01
2.123557294019736048e+02 5.850391154440613661e+01 8.739190108191654360e+01
2.123157531803590530e+02 5.848965402449173467e+01 8.729935560575437137e+01
2.122925692545476295e+02 5.851496849363928021e+01 8.738186184758055219e+01
2.124201212697657866e+02 5.840120794198073639e+01 8.729750089168945237e+01
2.125516109856140758e+02 5.833394364522649056e+01 8.711403638092973267e+01
2.126361051004636806e+02 5.823931993817619457e+01 8.704479847818333837e+01
2.127028843181547870e+02 5.823148258233266006e+01 8.703304244441802950e+01
2.127230150992747610e+02 5.814809178456782490e+01 8.686825347758886551e+01
2.126502056830341303e+02 5.815716561645464111e+01 8.675455474973249181e+01
2.125839686125312085e+02 5.811972417072880859e+01 8.666960408988229858e+01
2.125578028771846277e+02 5.825489953632148143e+01 8.673658304601117663e+01
2.124513898466294108e+02 5.830479610034478810e+01 8.678110569492331194e+01
2.124212008084651018e+02 5.831124479847818520e+01 8.666187135893473226e+01
2.123099750326952915e+02 5.838952324337177657e+01 8.670037332065152214e+01
2.120992842705980195e+02 5.865696350017833538e+01 8.686627987159671704e+01
2.119904648674354917e+02 5.875570086791106661e+01 8.691654737843300893e+01
2.119138556652003444e+02 5.875010343597669760e+01 8.689492331470692932e+01
2.118402425395315731e+02 5.871517298775412996e+01 8.684388063250504786e+01
2.115743288550707462e+02 5.893798121507549581e+01 8.712037094281298266e+01
2.113157389133277775e+02 5.903861609796695120e+01 8.732045654500059584e+01
2.112432053263583498e+02 5.903152062774937292e+01 8.730336464154083842e+01
2.111674093449054794e+02 5.903193912733325277e+01 8.722954702175722730e+01
2.112096254904292039e+02 5.915629532754726227e+01 8.745906075377482125e+01
2.112556033765307291e+02 5.914033051955772180e+01 8.744484603495422448e+01
2.113252217334442946e+02 5.904583997146593788e+01 8.738468196409463928e+01
2.113650219950065434e+02 5.899004161217453657e+01 8.722080608726668061e+01
2.113997574604684360e+02 5.909642135299013432e+01 8.734097253596480925e+01
2.113912067530614536e+02 5.914206158601830765e+01 8.737444299132089043e+01
2.114615717512780861e+02 5.905718226132445636e+01 8.723318987040779859e+01
2.115105552253002088e+02 5.897878968018071788e+01 8.712047081203186849e+01
2.115786802996076688e+02 5.911497800499346056e+01 8.703868743312328604e+01
2.115875924384734219e+02 5.909999762216145314e+01 8.704786588990607754e+01
2.117290452978242854e+02 5.892994412079419675e+01 8.681820473189870313e+01
2.118164974438235504e+02 5.867176316728094321e+01 8.658003566757817282e+01
2.118451931993817539e+02 5.873324456069433097e+01 8.656559743193437839e+01
2.118359101177030084e+02 5.880841279277137090e+01 8.660506955177743293e+01
2.118968065628343709e+02 5.878410652716680573e+01 8.657324931637141674e+01
2.119247604327666181e+02 5.865653073356319425e+01 8.643122577576983190e+01
2.118138342646534227e+02 5.883053620259184413e+01 8.658759719415051848e+01
2.115671335156342820e+02 5.899579122577576840e+01 8.670696944477469970e+01
2.114238306978956246e+02 5.920828914516704344e+01 8.679345143264772844e+01
2.112515467839733674e+02 5.900104149328260661e+01 8.657990726429675021e+01
2.113517774343121971e+02 5.909373915111164166e+01 8.663154440613482166e+01
2.116606729283081734e+02 5.872645345381048543e+01 8.689617405778147941e+01
2.119230816787540164e+02 5.850941386279871637e+01 8.709171798834859146e+01
2.121029556533111418e+02 5.827153965045773276e+01 8.713356319105932357e+01
2.121560099869219016e+02 5.822341219831173476e+01 8.723314706931400053e+01
2.121108738556652042e+02 5.823009392462251554e+01 8.730237546070621590e+01
2.116747402211389897e+02 5.851686125312091491e+01 8.723502556176435974e+01
2.113706669837118000e+02 5.865341100939246388e+01 8.705467601949827383e+01
2.112229651646653110e+02 5.886775888717156135e+01 8.698246581857091542e+01
2.111383236238259542e+02 5.891584829390084366e+01 8.696070384020924848e+01
2.111370728807513899e+02 5.898352633456187988e+01 8.695519201046248270e+01
2.111245844727143037e+02 5.891258114374033994e+01 8.693167994293187917e+01
2.110991368446082390e+02 5.897791939127333194e+01 8.697312566876709639e+01
2.110533158958506590e+02 5.901192723814052954e+01 8.705496611580073818e+01
2.110634074426346558e+02 5.888197360599215102e+01 8.692411841635953351e+01
2.111351278088217782e+02 5.857244085126620092e+01 8.653444299132088702e+01
2.111912210200927404e+02 5.876260611104505927e+01 8.670222803471644113e+01
2.111534181429080945e+02 5.883503031744144351e+01 8.688841754844845866e+01
2.111512019973843906e+02 5.877893235049339893e+01 8.690367376055165494e+01
2.111804827012245767e+02 5.853921293544168236e+01 8.664583521578884984e+01
2.112570823921055876e+02 5.860686244204018891e+01 8.681835691356556595e+01
2.112461015337058541e+02 5.875104030436333602e+01 8.698601830935679402e+01
2.113589632623944965e+02 5.868397574604684053e+01 8.706095826893353262e+01
2.114772749970277061e+02 5.836157888479372247e+01 8.685598858637499120e+01
2.115328260611104554e+02 5.837463321840446895e+01 8.694004517893235118e+01
2.115316514088693509e+02 5.843024135061229174e+01 8.706036856497443921e+01
2.115920770419688495e+02 5.846520508857448561e+01 8.699029841873736757e+01
2.116319581500416120e+02 5.831476399952443046e+01 8.676746641303056151e+01
2.116584234930448361e+02 5.832815123053144646e+01 8.669825704434668978e+01
2.116683010343597573e+02 5.842758768279633586e+01 8.674928070384021339e+01
2.116461062893829421e+02 5.846121507549637641e+01 8.671590060634882491e+01
2.115908453216026714e+02 5.833618832481274552e+01 8.666163833075734146e+01
2.115650552847461654e+02 5.844566876709071579e+01 8.693947925335869797e+01
2.114433242182855679e+02 5.851600998692188682e+01 8.722530971347045181e+01
2.113583022232790256e+02 5.848625847104981545e+01 8.724999167756509166e+01
2.111898323623825888e+02 5.833555581975983984e+01 8.712588277255974845e+01
2.110768945428605434e+02 5.848720485079063280e+01 8.730974676019498304e+01
2.109536369040542070e+02 5.872101295922006869e+01 8.735777909879918468e+01
2.109191201997384439e+02 5.877870883367019417e+01 8.716730472000951124e+01
2.109262917607894394e+02 5.864656759006063425e+01 8.691060278207109491e+01
2.109627630483890073e+02 5.872285340625371219e+01 8.693136131256687804e+01
2.110025633099512561e+02 5.878880989180834860e+01 8.705671620496968899e+01
2.109226013553679593e+02 5.886985614076804296e+01 8.703820710973724317e+01
2.107946165735346540e+02 5.888831767922957994e+01 8.696076566401141861e+01
2.107137034835334646e+02 5.901140411366068150e+01 8.704717631672809830e+01
2.105962667934847161e+02 5.913462370705028803e+01 8.717262156699560194e+01
2.105662679824039856e+02 5.921462370705029343e+01 8.722189989299727131e+01
2.106543716561645567e+02 5.903469742004517684e+01 8.703125430983236299e+01
2.107645654500059322e+02 5.900374271786945712e+01 8.701541314944715566e+01
2.108036904054214631e+02 5.898147188205921054e+01 8.704214481036737538e+01
2.108744453691594458e+02 5.893355843538223837e+01 8.698531922482463585e+01
2.109017524670074977e+02 5.877907502080608992e+01 8.678607537748186473e+01
2.110174105338247443e+02 5.869444299132089071e+01 8.676407561526572465e+01
2.111025133753418004e+02 5.864661514683152888e+01 8.676344311021281897e+01
2.111894423968612671e+02 5.869463321840446923e+01 8.687836404708120597e+01
2.112018832481274444e+02 5.860175960052312405e+01 8.684202591844014307e+01
2.111744192129354474e+02 5.877799072642967815e+01 8.690552847461657393e+01
2.111363547735108739e+02 5.877228391392224438e+01 8.687569135655688513e+01
2.111613078111996060e+02 5.875867792176911308e+01 8.679248127452146377e+01
2.109685744857924021e+02 5.865353465699678992e+01 8.645433836642492054e+01
2.110342646534300286e+02 5.885821424325288120e+01 8.676280584948281671e+01
2.108745262156699596e+02 5.893330162881940026e+01 8.686625609321127683e+01
2.107964475092141186e+02 5.895400784686719931e+01 8.678377362977053622e+01
2.106758054928070294e+02 5.890623231482582156e+01 8.670869099988111373e+01
2.105707811199619641e+02 5.894990845321602535e+01 8.672889311615740837e+01
2.105001212697657706e+02 5.891982403994768447e+01 8.669392937819522160e+01
2.105064748543573785e+02 5.894817738675543950e+01 8.663364641540839273e+01
2.105035976697182321e+02 5.892771370823921018e+01 8.659376055165854780e+01
2.105883485911306536e+02 5.894051123528712566e+01 8.653863749851385023e+01
2.105503364641540713e+02 5.889170372131732023e+01 8.645096659136844153e+01
2.105408774224230228e+02 5.895006063488288817e+01 8.645643086434431268e+01
2.105100701462370694e+02 5.894981333967423609e+01 8.650570919034598205e+01
2.106006515277612721e+02 5.890115800737130058e+01 8.645596005231244874e+01
2.106151848769468415e+02 5.883861134228985890e+01 8.636916894542861201e+01
2.106683676138390240e+02 5.881088098918083773e+01 8.629631672809416898e+01
2.107067887290452859e+02 5.882012126976578514e+01 8.630965640233027614e+01
2.107896659136844733e+02 5.883355605754369577e+01 8.634500535013673073e+01
2.109864653430032035e+02 5.857283081678753689e+01 8.646740696706693541e+01
2.111306764950659840e+02 5.846271786945666094e+01 8.668859350850077305e+01
2.112089216502199633e+02 5.834450600404232290e+01 8.684509808583996460e+01
2.112396290571870168e+02 5.832108429437641206e+01 8.690526215669956400e+01
2.112171870170015495e+02 5.825236951610985869e+01 8.695433598858637936e+01
2.110995838782546627e+02 5.845313993579836165e+01 8.702436333372963873e+01
2.109787563904410774e+02 5.858298418737367541e+01 8.711278563785518259e+01
2.110046367851622904e+02 5.870154321721555135e+01 8.726229461419569589e+01
2.110303412198311719e+02 5.862253715372726504e+01 8.719959101177029481e+01
2.110418166686482095e+02 5.868544049459041645e+01 8.718855308524551617e+01
2.109606372607300102e+02 5.875622399239091465e+01 8.727270954702176198e+01
2.109380810842943674e+02 5.887641421947449771e+01 8.731053144691475154e+01
2.109371870170015484e+02 5.882922839139222759e+01 8.727252407561526582e+01
2.109073784330043964e+02 5.887819284270597819e+01 8.724277255974318734e+01
2.109278230888122607e+02 5.880902151943882927e+01 8.720461776245393537e+01
2.110266032576388113e+02 5.879884912614433290e+01 8.715864463202947832e+01
2.110495351325645004e+02 5.872051361312566797e+01 8.701018190464867530e+01
2.110769325882772591e+02 5.869427654262275240e+01 8.700941624063726465e+01
2.111294067292830903e+02 5.861150873855665111e+01 8.693733919866841120e+01
2.112283818808703018e+02 5.859193437165616558e+01 8.685261205564141562e+01
2.111283890143859310e+02 5.856268695755558440e+01 8.681349185590298134e+01
2.110812982998454288e+02 5.865315895850671524e+01 8.681633575080252285e+01
2.109668909761027180e+02 5.874819165378670505e+01 8.688304363333729441e+01
2.109076162168588837e+02 5.884683390797764702e+01 8.687323742717869379e+01
2.108721531328022820e+02 5.874924265842349058e+01 8.683507311853524868e+01
2.110481464748543488e+02 5.865637855189632432e+01 8.671393175603375880e+01
2.112126263226726905e+02 5.850637498513850687e+01 8.665695874450125302e+01
2.113991344667697092e+02 5.850909523243371524e+01 8.668251575318035407e+01
2.115775864938770781e+02 5.840032338604208917e+01 8.662978480561169192e+01
2.117533087623350241e+02 5.838692188800380478e+01 8.663718463916299584e+01
2.120269266436808948e+02 5.818844370467245142e+01 8.664131732255380314e+01
2.122464439424562954e+02 5.808204969682558527e+01 8.674909998811081380e+01
2.123475353703483393e+02 5.798743074545238585e+01 8.672780406610391424e+01
2.124602686957555591e+02 5.806680775175365739e+01 8.683797883723694611e+01
2.124951373201759566e+02 5.803338485316847084e+01 8.693699203424087329e+01
2.125223302817738613e+02 5.796975389371061738e+01 8.688184520271073552e+01
2.125011389846629299e+02 5.787538223754607003e+01 8.683648555463084051e+01
2.125750089168945465e+02 5.794039234335988908e+01 8.699722744025680754e+01
2.125627820710973594e+02 5.793444299132089270e+01 8.701117584116038017e+01
2.126445083818808826e+02 5.780120318630365261e+01 8.706056354773511430e+01
2.126660801331589710e+02 5.763496373796219530e+01 8.706081084294376637e+01
2.126869242658423502e+02 5.760442753537034832e+01 8.713999762216145939e+01
2.124955891094994627e+02 5.747722268457971495e+01 8.706445844727143424e+01
2.126253572702413521e+02 5.759681369635001857e+01 8.723845440494589809e+01
2.122112043752229340e+02 5.796309594578528390e+01 8.702877660206871724e+01
2.119687980026156140e+02 5.828407561526572067e+01 8.697502793960289580e+01
2.117011532516942225e+02 5.859014148139341671e+01 8.705533230293663394e+01
2.115542598977529565e+02 5.884749019141600002e+01 8.708142194744976905e+01
2.115037736297705351e+02 5.883227202472951944e+01 8.705525621210320253e+01
2.115284936392818906e+02 5.887320889311615701e+01 8.705906075377481557e+01
2.119370919034597591e+02 5.849670193793841122e+01 8.701289264058969763e+01
2.122224991083105579e+02 5.834974200451789272e+01 8.701785756747116807e+01
2.124022209012008204e+02 5.820280584948282154e+01 8.701481868981096568e+01
2.125910878611342412e+02 5.808845083818808774e+01 8.701203186303649773e+01
2.127343336107478251e+02 5.796496968255855364e+01 8.692963975746046401e+01
2.126074283676138350e+02 5.821086196647247846e+01 8.692017120437522237e+01
2.124814029247414169e+02 5.828997741053382242e+01 8.697810486267982810e+01
2.123766496254904155e+02 5.844247295208655402e+01 8.684447984781833441e+01
2.122728712400428037e+02 5.847060753774818664e+01 8.690201402924741103e+01
2.124717489002496791e+02 5.827259541077160776e+01 8.695554868624419953e+01
2.125955058851504020e+02 5.813627868267744958e+01 8.696429437641184279e+01
2.126990845321602706e+02 5.807883485911306565e+01 8.702106764950660533e+01
2.127535180121269889e+02 5.803546308405659460e+01 8.711855902984187594e+01
2.127897562715491517e+02 5.804393770063012425e+01 8.718483414576149926e+01
2.126515087385566574e+02 5.804898822969920502e+01 8.721463321840447236e+01
2.122437474735465344e+02 5.836023778385447969e+01 8.745861847580549409e+01
2.119730020211627561e+02 5.866202829627868454e+01 8.773086672214957105e+01
2.119673665438116643e+02 5.867538699322315665e+01 8.772834145761503066e+01
2.118580810842943833e+02 5.858520508857448306e+01 8.761261681131851731e+01
2.117757080014266933e+02 5.876151706099155803e+01 8.762196171679943291e+01
2.116952229223635698e+02 5.893872310070145915e+01 8.770091546783973513e+01
2.116621804779455545e+02 5.902245155153965328e+01 8.772372369516109814e+01
2.116255998097729218e+02 5.891406967066936318e+01 8.751360836999167248e+01
2.116334228985851951e+02 5.885542741647842035e+01 8.737906550945190531e+01
2.113415812626322747e+02 5.913409582689335053e+01 8.747816906432053941e+01
2.111907882534775922e+02 5.934683628581619530e+01 8.750123409820473341e+01
2.111395125430983342e+02 5.927853525145642521e+01 8.739711330400665190e+01
2.111466888598264120e+02 5.925478064439424486e+01 8.716280584948282240e+01
2.111595815004161238e+02 5.918247057424800772e+01 8.708259184401379116e+01
2.112257519914397790e+02 5.919588158364047104e+01 8.701331114017358459e+01
2.113162810605159905e+02 5.892164070859588776e+01 8.678568541196052877e+01
2.114812222090120031e+02 5.865125668767090872e+01 8.650001664486981667e+01
2.114876756628224825e+02 5.858518606586612520e+01 8.645264534538104328e+01
2.115044869813339687e+02 5.866789204613007058e+01 8.657499464986327098e+01
2.114453025799548129e+02 5.865927000356676047e+01 8.661018190464866962e+01
2.113632909285459505e+02 5.874267031268576744e+01 8.667588158364047501e+01
2.112654618951373209e+02 5.881636904054214909e+01 8.671819284270597450e+01
2.111826608013315933e+02 5.896517893235049002e+01 8.689567946736416104e+01
2.110058542384971929e+02 5.894654618951373237e+01 8.691783141124717815e+01
2.108821543217215435e+02 5.904050410177148933e+01 8.697483771251931728e+01
2.108067435501129410e+02 5.903234811556295369e+01 8.709277374866246646e+01
2.108540910712162599e+02 5.904260135536797094e+01 8.712289620734752305e+01
2.108573201759600408e+02 5.895925811437403752e+01 8.699017952681012389e+01
2.108841279277137062e+02 5.895404113660682555e+01 8.697297824277731593e+01
2.108704553560813224e+02 5.895751753655926564e+01 8.704369040542147218e+01
2.110602258946617553e+02 5.871454999405540320e+01 8.709764831767922999e+01
2.112177196528355694e+02 5.840818452027107099e+01 8.711274759243846688e+01
2.113511924860301860e+02 5.826877660206871923e+01 8.716110331708476622e+01
2.114257852811794010e+02 5.823824991083105118e+01 8.722239923909167203e+01
2.115285459517298818e+02 5.817247889668291805e+01 8.720019022708358136e+01
2.113283462132921215e+02 5.832806087266674666e+01 8.698785400071335516e+01
2.112301414813934173e+02 5.850049221257876297e+01 8.682545713946022659e+01
2.108102579954821181e+02 5.868204969682558669e+01 8.650590892878373950e+01
2.109024087504458578e+02 5.884181666864819960e+01 8.670141005825703928e+01
2.110440185471406380e+02 5.863517774343122113e+01 8.692001426703126299e+01
2.111912400428010983e+02 5.859056473665437892e+01 8.713475686600880010e+01
2.112568731423136228e+02 5.857242182855784307e+01 8.736058970395910706e+01
2.112813220782308861e+02 5.863669480442278115e+01 8.746226132445606538e+01
2.112558126263226654e+02 5.854970395910117986e+01 8.746250861966473167e+01
2.112056021876114471e+02 5.862478658899060946e+01 8.738922363571514040e+01
2.111143359885863617e+02 5.877614552371893808e+01 8.735825942218522755e+01
2.109634098204732027e+02 5.894822494352633413e+01 8.736316728094162443e+01
2.108265033884199227e+02 5.889164189751515721e+01 8.728129354416834929e+01
2.107151967661395702e+02 5.894238021638330594e+01 8.729846629413863468e+01
2.107031553917489077e+02 5.902627987159672074e+01 8.735859707525858653e+01
2.106213862798715866e+02 5.908575436927832669e+01 8.741816668648198174e+01
2.105770919034597455e+02 5.896729996433241894e+01 8.748126501010581535e+01
2.105651503982879547e+02 5.896044703364641748e+01 8.742303174414456635e+01
2.105268576863630869e+02 5.896345262156699363e+01 8.748124123172036093e+01
2.107668291523005450e+02 5.872459873974557354e+01 8.751576744739031710e+01
2.108970776364284916e+02 5.845735346569967561e+01 8.745914635596243158e+01
2.110217524670075022e+02 5.842867673284983709e+01 8.753434312210201540e+01
2.110813648793246955e+02 5.839215788847937461e+01 8.761617405778147827e+01
2.111045773391986700e+02 5.842190464867435651e+01 8.768673403875877170e+01
2.110309975032695320e+02 5.847027464035191713e+01 8.762130543336107280e+01
2.110229841873736802e+02 5.851262394483414653e+01 8.762829152300558633e+01
2.109967185828082279e+02 5.855042682201878534e+01 8.761501842824871744e+01
2.109715039828795682e+02 5.861742480085602125e+01 8.768778028771846778e+01
2.109505171798834908e+02 5.855102603733206479e+01 8.762877660206872577e+01
2.109117917013434749e+02 5.871014623707050362e+01 8.754189513732018213e+01
2.108081322078230926e+02 5.885229342527642160e+01 8.758387349898941920e+01
2.107146546189513856e+02 5.903223873498989605e+01 8.760889787183450039e+01
2.106806420164070914e+02 5.898421115206277676e+01 8.747602425395315606e+01
2.106511710854832984e+02 5.898704077993104278e+01 8.743066936155035762e+01
2.106480846510521872e+02 5.899029841873736757e+01 8.749732968731423455e+01
2.107253739151111631e+02 5.899106883842586768e+01 8.759854951848770099e+01
2.107293972179288915e+02 5.887794079182023665e+01 8.754939484009035766e+01
2.107011199619545891e+02 5.889446676970633376e+01 8.755163951967661262e+01
2.106117798121507576e+02 5.891290928545951999e+01 8.759075020806086798e+01
2.103309523243371757e+02 5.904646296516466464e+01 8.755826417786232696e+01
2.102227131137795766e+02 5.911599096421353039e+01 8.757666864819879038e+01
2.100791582451551562e+02 5.931819284270598303e+01 8.759146831530138400e+01
2.100368802758292759e+02 5.936262037807632908e+01 8.756982047318986417e+01
2.100266127689929760e+02 5.935573891332778373e+01 8.757503745095708325e+01
2.103646986089644599e+02 5.903002734514326733e+01 8.753130900011889537e+01
2.105745476162168472e+02 5.892801807157294292e+01 8.761228866959933725e+01
2.106779931042682108e+02 5.878369278326001535e+01 8.763213886577101164e+01
2.107837974081559764e+02 5.866156699560099952e+01 8.758280347164426871e+01
2.108642159077398617e+02 5.858540007133515815e+01 8.755087385566520197e+01
2.108785637855189634e+02 5.862965640233028353e+01 8.755945785281178928e+01
2.108649197479491022e+02 5.865289739626679477e+01 8.753088098918082949e+01
2.109380382832005694e+02 5.863890143859232040e+01 8.747646177624538666e+01
2.110799381761978282e+02 5.863709903697539261e+01 8.754272738081084526e+01
2.112008798002615606e+02 5.871912971109262003e+01 8.767361788134586220e+01
2.111475020806087173e+02 5.878583283795030212e+01 8.768573534656997026e+01
2.110843419331827420e+02 5.887576744739032364e+01 8.763448341457615243e+01
2.109888431815479635e+02 5.893322553798596886e+01 8.764183093567946514e+01
2.109520485079063121e+02 5.904911187730353106e+01 8.771678516228747924e+01
2.109765259778860980e+02 5.901016763761740691e+01 8.772553085245512250e+01
2.111503935322791676e+02 5.885465699678992024e+01 8.750505766258470430e+01
2.113106646058732565e+02 5.859451670431577952e+01 8.739353227915825073e+01
2.114046938532873696e+02 5.862592319581500533e+01 8.741302104387112593e+01
2.114360527880157008e+02 5.839024135061229259e+01 8.735957674473903012e+01
2.115319938176197923e+02 5.843405064796100135e+01 8.741188919272381952e+01
2.114696611580073693e+02 5.841619308048983328e+01 8.735802163833075440e+01
2.112100725240756276e+02 5.865577933658304488e+01 8.736551182974676522e+01
2.109451432647723266e+02 5.881935560575436739e+01 8.738929021519439289e+01
2.107962192367138243e+02 5.892742836761384240e+01 8.739360361431458557e+01
2.107115491618119165e+02 5.896266793484722513e+01 8.745171798834859089e+01
2.107938937106170556e+02 5.895155391748900087e+01 8.760283913922245347e+01
2.108897776720960735e+02 5.890587088336702237e+01 8.774652716680537878e+01
2.109609654024491761e+02 5.888747116870764131e+01 8.780711924860301565e+01
2.110342503863987531e+02 5.876643918677921619e+01 8.779281417191772618e+01
2.111311996195458391e+02 5.878010224705742814e+01 8.787393651171085196e+01
2.111725312091309092e+02 5.872787064558316672e+01 8.784654856735227213e+01
2.112233931756033769e+02 5.869839971465937367e+01 8.784193080489835381e+01
2.112587611461181893e+02 5.854269409107121902e+01 8.773780525502318994e+01
2.113060230650338838e+02 5.855318987040779888e+01 8.776885982641778128e+01
2.113504506004042298e+02 5.856583997146594101e+01 8.778308881226965354e+01
2.112913565568897809e+02 5.872916894542860433e+01 8.762049221257876752e+01
2.112362572821305378e+02 5.884442753537035031e+01 8.750611817857567587e+01
2.111602996076566399e+02 5.897779098799191644e+01 8.750176197836167091e+01
2.110768184520271120e+02 5.904724765188444024e+01 8.746122458685054823e+01
2.110331280466056398e+02 5.909187017001545428e+01 8.741316846986089217e+01
2.109968992985376417e+02 5.914745452383782975e+01 8.744901676376174748e+01
2.108968969206990778e+02 5.935846391630008156e+01 8.761382950897633748e+01
2.107203661871358804e+02 5.953596480798953650e+01 8.772813696350017665e+01
2.106703459755082690e+02 5.963785043395553487e+01 8.778551896326239046e+01
2.106524693853287431e+02 5.962800142670312908e+01 8.770158601830935652e+01
2.110299132088931060e+02 5.929110450600403937e+01 8.769446676970633803e+01
2.112311259065509432e+02 5.903120675306146836e+01 8.766591368446081844e+01
2.112840185471406471e+02 5.897449054809178648e+01 8.772813696350017665e+01
2.112299179645702054e+02 5.896566401141362235e+01 8.779615265723457185e+01
2.112029627868267880e+02 5.900982522886695847e+01 8.790875757936035484e+01
2.111035691356556754e+02 5.906194744976816224e+01 8.795439305671145291e+01
2.110736131256687713e+02 5.913396742361193503e+01 8.802228034716442551e+01
2.109964475092141356e+02 5.934569016763762050e+01 8.820917845678278013e+01
2.107925050529069040e+02 5.966469623112590881e+01 8.839328973962668101e+01
2.106948852692902108e+02 5.976723338485317072e+01 8.847797408155986432e+01
2.107057472357626864e+02 5.989866127689929698e+01 8.865045297824278236e+01
2.107940886933777165e+02 5.995196290571870179e+01 8.877325407204850194e+01
2.109057472357627034e+02 5.987413625014861651e+01 8.871297586493876963e+01
2.110474236119367504e+02 5.964002853406253735e+01 8.852702413506122525e+01
2.111377053858043098e+02 5.950622280347164406e+01 8.839373201759600818e+01
2.111862703602425313e+02 5.944586374985138377e+01 8.836257282130543445e+01
2.111784139816906531e+02 5.942089644513137614e+01 8.823109737248840645e+01
2.112804280109380670e+02 5.933648793246938880e+01 8.809400546902865869e+01
2.114010414932826052e+02 5.922408274878135614e+01 8.789466650814409832e+01
2.115014243252883261e+02 5.919347996671026380e+01 8.784279158245155372e+01
2.115402639400784608e+02 5.922753537034835603e+01 8.782737843300439806e+01
2.114799524432291093e+02 5.934285102841516846e+01 8.776416597313041734e+01
2.114012507430745416e+02 5.943359410296040579e+01 8.767846391630008895e+01
2.113276471287599634e+02 5.960484603495422817e+01 8.768821781001069837e+01
2.112163975746046845e+02 5.982760670550469939e+01 8.783776007609083081e+01
2.111509119010819120e+02 5.992544049459041844e+01 8.785758173819998262e+01
2.111303293306384603e+02 5.985327785043395465e+01 8.770638925216977100e+01
2.109992676257282085e+02 5.981958387825466872e+01 8.770893353941266923e+01
2.108523980501723827e+02 5.989268814647485328e+01 8.777990250861967070e+01
2.108087742242301772e+02 5.991253358696944531e+01 8.785166092022352302e+01
2.109616692426584166e+02 5.964383783141124695e+01 8.810970395910118214e+01
2.112004660563547702e+02 5.913400071335156127e+01 8.804092260135536208e+01
2.114113327785043452e+02 5.884645345381048287e+01 8.794680775175365284e+01
2.115071596718582896e+02 5.832377600760908365e+01 8.761695398882416441e+01
2.116353061467126508e+02 5.837212697657829352e+01 8.774829627868267323e+01
2.114889787183450380e+02 5.855527285697301210e+01 8.787449768160742281e+01
2.113255356081322134e+02 5.867144453691594208e+01 8.792307216739983744e+01
2.113285744857924158e+02 5.862161930804898446e+01 8.785650695517774977e+01
2.112989894186184756e+02 5.857733919866841177e+01 8.776949233147068696e+01
2.112876043276661449e+02 5.864547854000713301e+01 8.788812745214599431e+01
2.112779407918202423e+02 5.873367732730947921e+01 8.789646890976102611e+01
2.112468006182380122e+02 5.861733444299132145e+01 8.788589228391391828e+01
2.112388443704672341e+02 5.857353941267388109e+01 8.788778028771847062e+01
2.112595981452859348e+02 5.870529069076209794e+01 8.809164665319224241e+01
2.112064154083937808e+02 5.874748781357745742e+01 8.819172036618714117e+01
2.111675472595410668e+02 5.868312923552490901e+01 8.813117584116038472e+01
2.112163833075734090e+02 5.866858161930804982e+01 8.783883961479016023e+01
2.113056140768041757e+02 5.867481631197241398e+01 8.771439781238854039e+01
2.113394649863274424e+02 5.861957436690048695e+01 8.748655332302936927e+01
2.113141790512424336e+02 5.860808940672928458e+01 8.741433836642491428e+01
2.112845369159434199e+02 5.866608964451313568e+01 8.747998097729164613e+01
2.113601949827606745e+02 5.853649268814647399e+01 8.769299250980859028e+01
2.114222613244560591e+02 5.841101414813934412e+01 8.786185233622637725e+01
2.113794269409107187e+02 5.819247651884437289e+01 8.776460349542266215e+01
2.113868648198787241e+02 5.802685055284746340e+01 8.771328022827249526e+01
2.115509071454048353e+02 5.795021757222684755e+01 8.792167399833550689e+01
2.117285744857924215e+02 5.790215194388301256e+01 8.807820710973724943e+01
2.119525858994174428e+02 5.762347402211389635e+01 8.792087980026155947e+01
2.121305433361074790e+02 5.735065509451908383e+01 8.781081440970157814e+01
2.121446344073237356e+02 5.741743906788729390e+01 8.794992272024730084e+01
2.117175127808821742e+02 5.793688740934490511e+01 8.796329092854594478e+01
2.115388562596599797e+02 5.807818333135180211e+01 8.782434431102127803e+01
2.113777909879919150e+02 5.819383188681488406e+01 8.772983949589823283e+01
2.112511710854832927e+02 5.834439186779217579e+01 8.778108191653787173e+01
2.111022803471644238e+02 5.849393888954939769e+01 8.789051955772202973e+01
2.114454357389133179e+02 5.806227083581024573e+01 8.781870407799310385e+01
2.118966829152300591e+02 5.752925454761621893e+01 8.768770419688503637e+01
2.120729283081678886e+02 5.743610985614076725e+01 8.775660444655807169e+01
2.121868981096183688e+02 5.755705148020449258e+01 8.799988110807275632e+01
2.122196457020568232e+02 5.753615503507311502e+01 8.807336583046010503e+01
2.122794388301034303e+02 5.737659731304244559e+01 8.790835810248483995e+01
2.122072952086553244e+02 5.738625133753418339e+01 8.758076804184996433e+01
2.121702009273570297e+02 5.746019260492212766e+01 8.735541552728570025e+01
2.122153513256450026e+02 5.739098799191535250e+01 8.709524194507193329e+01
2.123207181072405092e+02 5.725398644632029743e+01 8.688075139698014482e+01
2.123811247176316783e+02 5.717380573059089244e+01 8.670407799310426356e+01
2.121522102009273567e+02 5.740166448698133195e+01 8.656924028058494969e+01
2.118798287956247748e+02 5.764867911068838424e+01 8.658044941148496321e+01
2.116982665557008545e+02 5.780091784567827773e+01 8.661435738913327498e+01
2.115569563666627175e+02 5.788737605516585205e+01 8.661240756152656672e+01
2.114697752942575164e+02 5.793063369397217599e+01 8.663002258946617928e+01
2.112600594459636056e+02 5.801211746522410806e+01 8.684759481631196820e+01
2.111484056592557295e+02 5.803467839733681899e+01 8.692399001307811091e+01
2.110751824991083083e+02 5.809066698371180593e+01 8.698800618238021798e+01
2.110265509451908201e+02 5.815159671858280888e+01 8.699802163833075497e+01
2.109661966472476422e+02 5.818864819878730543e+01 8.702027345143264370e+01
2.109485625965996860e+02 5.822675543930566988e+01 8.690507668529306784e+01
2.110197217928902660e+02 5.825873736773272782e+01 8.685588871715610537e+01
2.110923790274640339e+02 5.830905718701700380e+01 8.685429556533111395e+01
2.111042967542503845e+02 5.825806681726310643e+01 8.680606348828914065e+01
2.111983355130186624e+02 5.804087504458447455e+01 8.661482820116513892e+01
2.113834645107597225e+02 5.776971584829389883e+01 8.641987397455713449e+01
2.115444251575318049e+02 5.766141005825704724e+01 8.635189632623945499e+01
2.115551729877541334e+02 5.729043871121150744e+01 8.614903816430864936e+01
2.115936797051480198e+02 5.744748543573891197e+01 8.622549518487694797e+01
2.115707953869932112e+02 5.757067649506598173e+01 8.630656996789917912e+01
2.115064748543573785e+02 5.768013791463559414e+01 8.635307573415765603e+01
2.113889287837355937e+02 5.765972179289025945e+01 8.623771727499702422e+01
2.113211556295327682e+02 5.767941505171798866e+01 8.635245749613601163e+01
2.112669646890976196e+02 5.778997978837237071e+01 8.641383902033051356e+01
2.112165545119486296e+02 5.774090120080846589e+01 8.666689810961835860e+01
2.112351159196290666e+02 5.764532635834027019e+01 8.672979193912733820e+01
2.112253430032100709e+02 5.760696231125906763e+01 8.680917845678278866e+01
2.110109428129829894e+02 5.769298775413149372e+01 8.696059445963618373e+01
2.106428771846391612e+02 5.783918202354060156e+01 8.707504934014980336e+01
2.107951159196290689e+02 5.769254547616216655e+01 8.716671026037332126e+01
2.109363119724170588e+02 5.757679229580311642e+01 8.719307573415764523e+01
2.109558720722862972e+02 5.757468553085245588e+01 8.728568303412198759e+01
2.110293139935798479e+02 5.756879324693853306e+01 8.732459873974556785e+01
2.111452098442515819e+02 5.759992390916657001e+01 8.736583997146593106e+01
2.111398977529425736e+02 5.756704791344667882e+01 8.738415408393770178e+01
2.110277065747235667e+02 5.777002021162763157e+01 8.746912376649625287e+01
2.109459945309713476e+02 5.796046130067768587e+01 8.747322316014742682e+01
2.109500368564974337e+02 5.795007014623706709e+01 8.736389014385923701e+01
2.109327166805373963e+02 5.793261205564142102e+01 8.729550350731184949e+01
2.112016074188562698e+02 5.769868505528474856e+01 8.739552966353583940e+01
2.114180477945547523e+02 5.740257282130543359e+01 8.738327903935322638e+01
2.116930828676732972e+02 5.706571394602306668e+01 8.723441207941981190e+01
2.117845440494590434e+02 5.701090476756628078e+01 8.725903697538936399e+01
2.118743264772321879e+02 5.705374866246582144e+01 8.736681488526929229e+01
2.118510569492331399e+02 5.701692545476161911e+01 8.738710735941029384e+01
2.118959029841873871e+02 5.702458209487576113e+01 8.728522173344430257e+01
2.119214932826061215e+02 5.699175365592676457e+01 8.713907502080608936e+01
2.119128902627511479e+02 5.695591011770300582e+01 8.704174057781476392e+01
2.119545737724408525e+02 5.695241469504220788e+01 8.696726191891571034e+01
2.118480466056354885e+02 5.710542384972060148e+01 8.691795505885150419e+01
2.115918392581143621e+02 5.733837593627392692e+01 8.700320532635834070e+01
2.114745404827012294e+02 5.749746760194982897e+01 8.712397574604683825e+01
2.113638806325050439e+02 5.758027820710973543e+01 8.712418024016169227e+01
2.112431339912020007e+02 5.771427416478421435e+01 8.722215669956010231e+01
2.110306075377481818e+02 5.781153727261919073e+01 8.729839495898228563e+01
2.107861847580549295e+02 5.804228272500296981e+01 8.730509095232433481e+01
2.107022423017477024e+02 5.812659612412317500e+01 8.717369635001783479e+01
2.106818452027107469e+02 5.818854832956841960e+01 8.711209606467720334e+01
2.106552895018428160e+02 5.824603495422660870e+01 8.717408155986208840e+01
2.106244964926881380e+02 5.829458566163357602e+01 8.718018309356794759e+01
2.108286672214956639e+02 5.798525740102247283e+01 8.722609440019022031e+01
2.110544382356438007e+02 5.774457258352158107e+01 8.721972179289026883e+01
2.111039876352395765e+02 5.776180240161693291e+01 8.738474854357389177e+01
2.111767590060634916e+02 5.782671739388895560e+01 8.754801093805730261e+01
2.111983830697895712e+02 5.780587326120556213e+01 8.755083105457138970e+01
2.113390084413268255e+02 5.771457377244085052e+01 8.751691356556889900e+01
2.113948020449411445e+02 5.773294495303768770e+01 8.760005231244798551e+01
2.114452455118297394e+02 5.777407680418499325e+01 8.763352752348114905e+01
2.115561859469742103e+02 5.766705504696231088e+01 8.756729996433242036e+01
2.118382784448936036e+02 5.752197360599215159e+01 8.743722744025680527e+01
2.119610510046367722e+02 5.744598739745570981e+01 8.742779217691118276e+01
2.119987017001545553e+02 5.743051717988348770e+01 8.746099155867317165e+01
2.120303554868624474e+02 5.738378314112471656e+01 8.745461895137320596e+01
2.121017191772678530e+02 5.727917726786350983e+01 8.736669599334204861e+01
2.120908001426703038e+02 5.720604446558078848e+01 8.728756152657234679e+01
2.118462584710498220e+02 5.746500535013672817e+01 8.729289264058969877e+01
2.116278587563904523e+02 5.761025799548210813e+01 8.729775294257520102e+01
2.113366353584591479e+02 5.755834978004993729e+01 8.710096778028771780e+01
2.113385946974200351e+02 5.759150636071810681e+01 8.704789442396861432e+01
2.111977743431220915e+02 5.761123766496255172e+01 8.723003210082035253e+01
2.111008916894542722e+02 5.760123172036618655e+01 8.742417786232314825e+01
2.111242658423493026e+02 5.756287718463916292e+01 8.750463916300083156e+01
2.111692688146474950e+02 5.750420639638568332e+01 8.753783854476280624e+01
2.112209487575793503e+02 5.741528950184282820e+01 8.747081678754013012e+01
2.111820425633099489e+02 5.733611223397931411e+01 8.727274759243847768e+01
2.112011794079182039e+02 5.727099750326952687e+01 8.713875163476400587e+01
2.112316537867078807e+02 5.719054095826893303e+01 8.704194507192961794e+01
2.112196171679943006e+02 5.715648555463084080e+01 8.693457615027939767e+01
2.112115895850671734e+02 5.713758649387706612e+01 8.694515277612650550e+01
2.108883462132921238e+02 5.738507192961598236e+01 8.709393888954940621e+01
2.106353346807751734e+02 5.763406015931518311e+01 8.724009986921888071e+01
2.105382047318987020e+02 5.782480085602187359e+01 8.742929972654856385e+01
2.104589846629413898e+02 5.783782189989299383e+01 8.744229223635714732e+01
2.104519985732968621e+02 5.795915348947806223e+01 8.752510284151706799e+01
2.102659945309713407e+02 5.819562002140054346e+01 8.776457971703720773e+01
2.106507335631910678e+02 5.799610034478659060e+01 8.791461657353465853e+01
2.109627582927119249e+02 5.772597313042444256e+01 8.799603852098442758e+01
2.111565331114017283e+02 5.764534538104862804e+01 8.811511116395196552e+01
2.112934728331946133e+02 5.759896326239448427e+01 8.818789680180715607e+01
2.112471097372488487e+02 5.773470455356081033e+01 8.804091309000118315e+01
2.112203875876828079e+02 5.774939484009036050e+01 8.788458922839139120e+01
2.112671977172749962e+02 5.772754250386398667e+01 8.770103435976697881e+01
2.112657519914397710e+02 5.774281773867554080e+01 8.762596124123172103e+01
2.112216716204969771e+02 5.769108072761859773e+01 8.755331827368921438e+01
2.109976554511948734e+02 5.779626203780762950e+01 8.742443466888597925e+01
2.108965640233028296e+02 5.788068957317798180e+01 8.728866484365711642e+01
2.108356913565568789e+02 5.789979788372369285e+01 8.718069195101652724e+01
2.108560599215313403e+02 5.791367970514802010e+01 8.708280584948282410e+01
2.108315681845202789e+02 5.780750445844726926e+01 8.697819997622161736e+01
2.109401402924741546e+02 5.765109975032694933e+01 8.691804066103911453e+01
2.110053881821424397e+02 5.755326596124123029e+01 8.700692426584234340e+01
2.110489644513137648e+02 5.751117821899892846e+01 8.701033408631553812e+01
2.111144786588990598e+02 5.732405659255736197e+01 8.697465699678991768e+01
2.111417857567471117e+02 5.730791106883842900e+01 8.689886101533706153e+01
2.112288051361312569e+02 5.718672690524313396e+01 8.713627392700036012e+01
2.112943431221020205e+02 5.706939959576745025e+01 8.739300915467839559e+01
2.113338627987159555e+02 5.692455118297467465e+01 8.741430507668529515e+01
2.114678635120675381e+02 5.683237189394839817e+01 8.736393770063013164e+01
2.115427416478421208e+02 5.677322078230888280e+01 8.740253002021162843e+01
2.116040565925573560e+02 5.677792414695041856e+01 8.742617049102365456e+01
2.115391511116395122e+02 5.678599928664843333e+01 8.737654975627154386e+01
2.114963214837712542e+02 5.682718345024373008e+01 8.726311734633218009e+01
2.114140815598620975e+02 5.688855546308405309e+01 8.733102365949352475e+01
2.113430269884674715e+02 5.698570919034597893e+01 8.738594697420045065e+01
2.112412554987516273e+02 5.699130186660325847e+01 8.735532992509808992e+01
2.111822755914873255e+02 5.708153608369991616e+01 8.720397099036975419e+01
2.111088336701938033e+02 5.715924860301985433e+01 8.710627036024253300e+01
2.110019212935441715e+02 5.728682915230055528e+01 8.709103792652479115e+01
2.108261800023778392e+02 5.729655926762573159e+01 8.709171323267149489e+01
2.107649839495898334e+02 5.723944358578052771e+01 8.723282368327190284e+01
2.106854928070384005e+02 5.719234335988586082e+01 8.741705385804303319e+01
2.107112543098323556e+02 5.719698965640233013e+01 8.745051955772203200e+01
2.106876851741766643e+02 5.706747354654618931e+01 8.731782665557008727e+01
2.107552062774937554e+02 5.702262751159196341e+01 8.727620496968255281e+01
2.108099298537629238e+02 5.699147307097847914e+01 8.726488170253239218e+01
2.108565021995006532e+02 5.698290809654024258e+01 8.717641184163595369e+01
2.108200356675781677e+02 5.689838069195101866e+01 8.703503507311853582e+01
2.107716894542860473e+02 5.674092497919391320e+01 8.678809178456782547e+01
2.108243538223754570e+02 5.678063488289145511e+01 8.691183450243728714e+01
2.108330614671263845e+02 5.688309119010818904e+01 8.698564736654381591e+01
2.108069242658423548e+02 5.688265842349304791e+01 8.694273213648793330e+01
2.108483795030317367e+02 5.692974913803352877e+01 8.695580549280704474e+01
2.108492165021995106e+02 5.691117346332183757e+01 8.691410771608607888e+01
2.109226917132326662e+02 5.695812150754963454e+01 8.697795743669004764e+01
2.109264106527166689e+02 5.687891094994650132e+01 8.690324574961360327e+01
2.109487528236832645e+02 5.687641897515158718e+01 8.684959220068957109e+01
2.109685935085007600e+02 5.685592200689573161e+01 8.675331827368921722e+01
2.109978599453097274e+02 5.684396623469266530e+01 8.673241231720366784e+01
2.110128308167875275e+02 5.681824277731541883e+01 8.668358102484840799e+01
2.110142812982998350e+02 5.680767090714540757e+01 8.675124955415527950e+01
2.109491665675900549e+02 5.682643205326358071e+01 8.692081797645940355e+01
2.109319462608488891e+02 5.680286767328498598e+01 8.691037926524788304e+01
2.109393318273689317e+02 5.663138746879086938e+01 8.668719058375936015e+01
2.109240851266199002e+02 5.658680775175365341e+01 8.658907145404826622e+01
2.108131018903816312e+02 5.658300796575912273e+01 8.664313874687908879e+01
2.107003590536202466e+02 5.671122577576982593e+01 8.678637498513850801e+01
2.106450505290690671e+02 5.667052669123766151e+01 8.675540601593151280e+01
2.106797669718226018e+02 5.675918202354060327e+01 8.688539769349661412e+01
2.106893116157413033e+02 5.680245392937819560e+01 8.698055403638092287e+01
2.107691213886577088e+02 5.678430626560456318e+01 8.715440256806563468e+01
2.108075092141243658e+02 5.669878968018071674e+01 8.721121388657709872e+01
2.109076067055046906e+02 5.660698608964451495e+01 8.720315776958744891e+01
2.109484437046724565e+02 5.649424325288313042e+01 8.722051123528711969e+01
2.109483628581619428e+02 5.657949827606705639e+01 8.733563191059326414e+01
2.109868553085245537e+02 5.653852811794079258e+01 8.731657115681845482e+01
2.110516086077755347e+02 5.658796813696350370e+01 8.732270598026393316e+01
2.110994744976815980e+02 5.652530257995481833e+01 8.728851741766733596e+01
2.112081797645939787e+02 5.657449530376887736e+01 8.725299250980857835e+01
2.113252883129235613e+02 5.655618119129711374e+01 8.726524788966828794e+01
2.113568374747354710e+02 5.663042682201878364e+01 8.733259778861015832e+01
2.113489050053501330e+02 5.669526572345737492e+01 8.735114492925930563e+01
2.113083343240994054e+02 5.683709428129829888e+01 8.739618594697419951e+01
2.112174771133039997e+02 5.681707763642848619e+01 8.739589585067173516e+01
2.111959243847342691e+02 5.685895612887885164e+01 8.745044346688860060e+01
2.112410747830222419e+02 5.679338485316846885e+01 8.759590060634883457e+01
2.113112971109261764e+02 5.682362144810367255e+01 8.784280584948281501e+01
2.113083628581619280e+02 5.685051955772203058e+01 8.804447033646415832e+01
2.113323267150160518e+02 5.687065033884199039e+01 8.813833313518011892e+01
2.113230341219831132e+02 5.684229699203424246e+01 8.813680180715729762e+01
2.109279324693853255e+02 5.724554987516347637e+01 8.821253120913090129e+01
2.106676067055047099e+02 5.742472476518844360e+01 8.822315539174890375e+01
2.105583497800499231e+02 5.748538818214242951e+01 8.810141956961122389e+01
2.105368303412198259e+02 5.750351206753061462e+01 8.799851147307097676e+01
2.106594364522648846e+02 5.756768041849958450e+01 8.806015931518250284e+01
2.107193960290096300e+02 5.762196647247652237e+01 8.815865889906075381e+01
2.109424230174771253e+02 5.749119486386874200e+01 8.805911782189988912e+01
2.111453144691475359e+02 5.733950303174414387e+01 8.793718701700154838e+01
2.112696373796219120e+02 5.733857091903459491e+01 8.799007014623707335e+01
2.112897443823564458e+02 5.732681012959220368e+01 8.812293425276423875e+01
2.111404351444537042e+02 5.750430626560456204e+01 8.808074188562596873e+01
2.109467697063369371e+02 5.753782903340863442e+01 8.788467958625609810e+01
2.108458827725597473e+02 5.762987991915348829e+01 8.776015693734395029e+01
2.107631958150041669e+02 5.762849601712044034e+01 8.778822969920342700e+01
2.107911401735822210e+02 5.770993223160147778e+01 8.779342289858519166e+01
2.107937938413981556e+02 5.765129473308762442e+01 8.780947806443941772e+01
2.108179907264296844e+02 5.766271786945666378e+01 8.778129592200689046e+01
2.107901842824872176e+02 5.765557959814528743e+01 8.780024729520864923e+01
2.107193579835929143e+02 5.759233860420877704e+01 8.773152300558791694e+01
2.108353156580668042e+02 5.762107716086077858e+01 8.771895375104030279e+01
2.111639947687552024e+02 5.733848531684698457e+01 8.767479728926406324e+01
2.113018903816430907e+02 5.710080608726667606e+01 8.764476994412079591e+01
2.114117132326715023e+02 5.706532398050172361e+01 8.780564023302817134e+01
2.114668790869100121e+02 5.690874806800618302e+01 8.775934847223874158e+01
2.114880513613125572e+02 5.683184876946855013e+01 8.767422185233623111e+01
2.113977505647366684e+02 5.665842824872191130e+01 8.771603376530732987e+01
2.112309879919153559e+02 5.660556414219474419e+01 8.768797527047912865e+01
2.111337962192367002e+02 5.641366781595530000e+01 8.759631910593270732e+01
2.111915206277493837e+02 5.631904886458209347e+01 8.753827131137795448e+01
2.112405801926049094e+02 5.628912614433480144e+01 8.757103792652479513e+01
2.111726643680894142e+02 5.653048626798240406e+01 8.767386993223159664e+01
2.110471715610510159e+02 5.663654737843300779e+01 8.771341814290809680e+01
2.109922910474378739e+02 5.666842468196409754e+01 8.764192129354417204e+01
2.108733087623350286e+02 5.661460468434193416e+01 8.757916062299369742e+01
2.106483271905837569e+02 5.684264891213886273e+01 8.766215669956010004e+01
2.103236285816193174e+02 5.689381999762215969e+01 8.772218285578409791e+01
2.104216002853406167e+02 5.676586850552847352e+01 8.765865176554511606e+01
2.107263726072999646e+02 5.637006301272143816e+01 8.736972535964808628e+01
2.109222399239091601e+02 5.623316609202235128e+01 8.730923314706932103e+01
2.109724123172036627e+02 5.622744976816073859e+01 8.729780049934609565e+01
2.109659303293306323e+02 5.629105694923314473e+01 8.728973011532517035e+01
2.109861704910236710e+02 5.630403994768754927e+01 8.719441683509690222e+01
2.110792771370823857e+02 5.640885031506361003e+01 8.727426465343003770e+01
2.111216977767209642e+02 5.635288075139698094e+01 8.723956723338484665e+01
2.111757698252288549e+02 5.628886933777196333e+01 8.710914754488170786e+01
2.111581119961954585e+02 5.625188443704672636e+01 8.708147425989774604e+01
2.111654880513613080e+02 5.642977529425751726e+01 8.726365949352039308e+01
2.111427036024253994e+02 5.647624301509927136e+01 8.730362144810366942e+01
2.111209701581262550e+02 5.643908215432172426e+01 8.730753061467126486e+01
2.110151848769468472e+02 5.638654143383664064e+01 8.723314231363690396e+01
2.109345713946023011e+02 5.645808108429437766e+01 8.730806800618238128e+01
2.108173059089287733e+02 5.643490191416002943e+01 8.730526215669955548e+01
2.106864391867792108e+02 5.646894305076685328e+01 8.730121031981929036e+01
2.105617310664605952e+02 5.638694566638925210e+01 8.724042801093806077e+01
2.104992557365355026e+02 5.642500535013672902e+01 8.724207823088812574e+01
2.108616335750802477e+02 5.591456426108667443e+01 8.710515753180358445e+01
2.111657068125074375e+02 5.563440256806563156e+01 8.706690762097252900e+01
2.113080014267031288e+02 5.543861609796694978e+01 8.704185946974200760e+01
2.114917703007965883e+02 5.536967780287718455e+01 8.706312685768635617e+01
2.115754321721555016e+02 5.525122815360837336e+01 8.703738913327785554e+01
2.115696159790750244e+02 5.538473903221971284e+01 8.707488764712876161e+01
2.115253263583402656e+02 5.551400784686719447e+01 8.703788372369515969e+01
2.115374438235643879e+02 5.567430269884674487e+01 8.714895731779812138e+01
2.115107264296754295e+02 5.567484484603495076e+01 8.715591011770300156e+01
2.116631981928427138e+02 5.571250505290690569e+01 8.712584948282011510e+01
2.116206253715372725e+02 5.586927119248603191e+01 8.718380216383307868e+01
2.115461229342527645e+02 5.605846153846153612e+01 8.719809772916418922e+01
2.114874236119367481e+02 5.611581975983830972e+01 8.720303887766020523e+01
2.114756342884318201e+02 5.616916418975151259e+01 8.716503626203780186e+01
2.113138937106170374e+02 5.622476756628224592e+01 8.713550350731185290e+01
2.109526477232195987e+02 5.658917132326715205e+01 8.719285221733444757e+01
2.108158031149685030e+02 5.673155153965046082e+01 8.713852811794079400e+01
2.107961764356200263e+02 5.673381048626798417e+01 8.708100820354297866e+01
2.107193722506241897e+02 5.666549042919985624e+01 8.690547616216858273e+01
2.105827416478421128e+02 5.684204494114849382e+01 8.700798953751039733e+01
2.103222304125550011e+02 5.696005706812507441e+01 8.720145523718939273e+01
2.102795101652597793e+02 5.703850196171679698e+01 8.717288788491261187e+01
2.103161479015574855e+02 5.694218998929972742e+01 8.710253239805017245e+01
2.104892069908453323e+02 5.667858756390440789e+01 8.685887052669123420e+01
2.106176340506479505e+02 5.680402805849482917e+01 8.698895256212102822e+01
2.106514278920461436e+02 5.685872785637855031e+01 8.711049815717512956e+01
2.106911473070978502e+02 5.676199738437760089e+01 8.716402805849482149e+01
2.107267530614671216e+02 5.678921412436095295e+01 8.726765901795268121e+01
2.107182974676019569e+02 5.677867554393056793e+01 8.732388063250505184e+01
2.107341528950184397e+02 5.682874331232909526e+01 8.738496254904292471e+01
2.107251075971941532e+02 5.683356556889787470e+01 8.735105457139459872e+01
2.107073451432647744e+02 5.685860420877422428e+01 8.734611342289858271e+01
2.106853881821424466e+02 5.683614314588039207e+01 8.726218047794554877e+01
2.107441207941980679e+02 5.686366900487456633e+01 8.726809654024491181e+01
2.107493853287361674e+02 5.691925811437403127e+01 8.731783616692426619e+01
2.108929544643918632e+02 5.684458922839139206e+01 8.736068957317797867e+01
2.110942765426227652e+02 5.666242301747710997e+01 8.725283557246463317e+01
2.113093900844132804e+02 5.653823326596123877e+01 8.719562953275472239e+01
2.113428938295089665e+02 5.646315539174889864e+01 8.713484722387349279e+01
2.113252122220901299e+02 5.649720603970990140e+01 8.719658542384972577e+01
2.112194364522648868e+02 5.654802044941148154e+01 8.721183212459874312e+01
2.111651218642254264e+02 5.663487338009748839e+01 8.720727143026988415e+01
2.110677921769111833e+02 5.659622874806800752e+01 8.712882178100106501e+01
2.109669860896445073e+02 5.658773035310902344e+01 8.710864344311021057e+01
2.106887837355843658e+02 5.655517774343122284e+01 8.712288669599334412e+01
2.106946237070502832e+02 5.653112352871239921e+01 8.707466413030554975e+01
2.107845060040423277e+02 5.644700511235286911e+01 8.705312091308999811e+01
2.108720389965521349e+02 5.642549042919985425e+01 8.705958863393175307e+01
2.108817786232314688e+02 5.638247057424801056e+01 8.706014980382832391e+01
2.109785756747116920e+02 5.643807395077874389e+01 8.713963619070264599e+01
2.107570657472357709e+02 5.667331827368921893e+01 8.719758887171560957e+01
2.104665271668053776e+02 5.696025205088574239e+01 8.725393888954940280e+01
2.102645535608132263e+02 5.705592676257282392e+01 8.721493282606111563e+01
2.102127832600166357e+02 5.713360123647604638e+01 8.728272975864938132e+01
2.101941314944715202e+02 5.712670550469623265e+01 8.717330162881940225e+01
2.102601545595054233e+02 5.713138033527523163e+01 8.724457496136012935e+01
2.102781119961954630e+02 5.714308881226964587e+01 8.728282962786826715e+01
2.103213934133872272e+02 5.722109618356913785e+01 8.737431458803946782e+01
2.103374485792414816e+02 5.726484841279277305e+01 8.744811318511473530e+01
2.103953299250980820e+02 5.731081678754012643e+01 8.743577220306741538e+01
2.104036048032338613e+02 5.723387468790868837e+01 8.742758292711924639e+01
2.104939959576744855e+02 5.724314350255617967e+01 8.740620615860183307e+01
2.105200570681250838e+02 5.722996076566401058e+01 8.733700154559505791e+01
2.105461800023778380e+02 5.725452383783141386e+01 8.734660325763880451e+01
2.104994316965878056e+02 5.724213054333610984e+01 8.726280822732135789e+01
2.104960884555938776e+02 5.731854476281060329e+01 8.737529425751991141e+01
2.103557294019736048e+02 5.731223873498989718e+01 8.733101890381642818e+01
2.102710022589466234e+02 5.731980977291642176e+01 8.728829390084413831e+01
2.101595672333848484e+02 5.725077636428486727e+01 8.717803828320056425e+01
2.100641255498751718e+02 5.728159790750208202e+01 8.719198668410415110e+01
2.102142575199144119e+02 5.700365711568184679e+01 8.731308048983474634e+01
2.104647818333135092e+02 5.678305552253002020e+01 8.731785994530970640e+01
2.106109237902746543e+02 5.661878968018071845e+01 8.735401260254428735e+01
2.106695945785281197e+02 5.663765069551777742e+01 8.752560218761145450e+01
2.106350493401498056e+02 5.658749732493163975e+01 8.751865889906075324e+01
2.106474473903221849e+02 5.662086791106883510e+01 8.735921531328023093e+01
2.105906122934252664e+02 5.665372488408036844e+01 8.737621685887528145e+01
2.105498085839971338e+02 5.673519914397812158e+01 8.741038164308643843e+01
2.104936487932469333e+02 5.669860420877422769e+01 8.738191891570562575e+01
2.105134942337415396e+02 5.667171085483295911e+01 8.733917964570206038e+01
2.105829508976340492e+02 5.653024372845084145e+01 8.742435857805254784e+01
2.107083295684223003e+02 5.649111401735822113e+01 8.751635239567232816e+01
2.107676185946974101e+02 5.642001188919272181e+01 8.748285816193080677e+01
2.108062346926643613e+02 5.618116276304839118e+01 8.730004042325525404e+01
2.109108310545713891e+02 5.623532992509808537e+01 8.742074901914159568e+01
2.108525597431934386e+02 5.649390084413268198e+01 8.747367494947093292e+01
2.107394174295565392e+02 5.652629176078944084e+01 8.739738913327785497e+01
2.107240756152657184e+02 5.660117465224111299e+01 8.734616097966947734e+01
2.106661276899298514e+02 5.661255498751634718e+01 8.732863630959457169e+01
2.105348234454880583e+02 5.667873498989418835e+01 8.731628106051599048e+01
2.106496017120437614e+02 5.649514207585304604e+01 8.737874687908690419e+01
2.107452478896682919e+02 5.645776245392937653e+01 8.748332421828557415e+01
2.107291404113660747e+02 5.634926168113184985e+01 8.751479253358697008e+01
2.106708072761859398e+02 5.628016169302104288e+01 8.757303055522530144e+01
2.105304339555344200e+02 5.622670788253477525e+01 8.753219355605754970e+01
2.104177386755439443e+02 5.632165497562715473e+01 8.749579835929139904e+01
2.103867792176911280e+02 5.630933777196528212e+01 8.747157294019736185e+01
2.104291142551420819e+02 5.631100225894661548e+01 8.746844370467245255e+01
2.104649863274283632e+02 5.622926643680894188e+01 8.743174414457259047e+01
2.105318226132445716e+02 5.629899417429556507e+01 8.747556295327547105e+01
2.104181904648674220e+02 5.643014623707050248e+01 8.752474616573535116e+01
2.103522767804066120e+02 5.650009273570324808e+01 8.754228510284151810e+01
2.102849221257876593e+02 5.644009986921888355e+01 8.738435382237545923e+01
2.102725288312923624e+02 5.639504458447271418e+01 8.729009630246106610e+01
2.102880323386042107e+02 5.631382713113779914e+01 8.726828676732850454e+01
2.103589299726548631e+02 5.631500653905600018e+01 8.729901795268101239e+01
2.105572417072880853e+02 5.615190108191653451e+01 8.729355843538223780e+01
2.107507216739983278e+02 5.606572821305433507e+01 8.731988586374984607e+01
2.108509047675662771e+02 5.600158364047081250e+01 8.737241707288075077e+01
2.109878777790987954e+02 5.592682915230055585e+01 8.732483176792295865e+01
2.109914683153014039e+02 5.584363809297348524e+01 8.718926168113185327e+01
2.109125668767090644e+02 5.589187492569254800e+01 8.702688859826417911e+01
2.107640470812031879e+02 5.591946736416597474e+01 8.704672928308167457e+01
2.107663868743312321e+02 5.603387944358578210e+01 8.709563666627036582e+01
2.107443918677921886e+02 5.596536440375698618e+01 8.694565687789798858e+01
2.107010961835691489e+02 5.605278326001664624e+01 8.687295208655332601e+01
2.104557555581976089e+02 5.619458328379503342e+01 8.683101177030079043e+01
2.103217596005231371e+02 5.640048507906313091e+01 8.687938651765544762e+01
2.102030626560456597e+02 5.640606348828914207e+01 8.680438473427653889e+01
2.100147140649149833e+02 5.647544881702532393e+01 8.688501723932944287e+01
2.099696397574604703e+02 5.634936630602781804e+01 8.705206515277612311e+01
2.099930519557722164e+02 5.622896682915229860e+01 8.715903459755082849e+01
2.099857234573772473e+02 5.603652835572464852e+01 8.710886695993342244e+01
2.099848959695636665e+02 5.597453810486268111e+01 8.707676613957912082e+01
2.099917964570205697e+02 5.590663179170134356e+01 8.709130424444180107e+01
2.102116418975151646e+02 5.577928427059802630e+01 8.730355962430151351e+01
2.103754511948638708e+02 5.562476756628225161e+01 8.742533824753299143e+01
2.104487552015218057e+02 5.556451313755795951e+01 8.745476637736297221e+01
2.105121864225419017e+02 5.543960052312448283e+01 8.733453334918559108e+01
2.106358340268695883e+02 5.534859113066222847e+01 8.726751634763999732e+01
2.105272952086553460e+02 5.546640351920104450e+01 8.729251694209963830e+01
2.103330067768398521e+02 5.566657947925335748e+01 8.736931161574129590e+01
2.101859564855546409e+02 5.568749019141600343e+01 8.727036024253952462e+01
2.102043514445369112e+02 5.570018784924503308e+01 8.720826061110450667e+01
2.102363856854119604e+02 5.563531090238972610e+01 8.720610153370586204e+01
2.102165830460111806e+02 5.572507906313161641e+01 8.721602187611460977e+01
2.101917679229580358e+02 5.572906432053263615e+01 8.731567233384852500e+01
2.102157650695517646e+02 5.574824872191178571e+01 8.730976578290334089e+01
2.101762691713232698e+02 5.571281417191772789e+01 8.723626679348471669e+01
2.101768398525740054e+02 5.573007727975270598e+01 8.720759006063488528e+01
2.101911591962905845e+02 5.568853644037569950e+01 8.711467839733681728e+01
2.102838806325050598e+02 5.564501723932944799e+01 8.700523600047556272e+01
2.103386660325763842e+02 5.561295446439186918e+01 8.692127927713708857e+01
2.103372535964807923e+02 5.545180834621329069e+01 8.673380573059088761e+01
2.103758506717393857e+02 5.558728807513969628e+01 8.686815360836999389e+01
2.103763785518963232e+02 5.566828201165140655e+01 8.698740221138984907e+01
2.103810010700273381e+02 5.565158007371299220e+01 8.699382237546070940e+01
2.104082843894899497e+02 5.559365117108548304e+01 8.694205683034121535e+01
2.103753846153846041e+02 5.550970395910117361e+01 8.688870764475092301e+01
2.102965592676257245e+02 5.555172987754131242e+01 8.692536915943406939e+01
2.102213910355486917e+02 5.551585304957793454e+01 8.693634526215670633e+01
2.102475662822494371e+02 5.549976934966115749e+01 8.691081678754012785e+01
2.102974010224705808e+02 5.532495541552728469e+01 8.681161811912970450e+01
2.103523386042087679e+02 5.534129592200689274e+01 8.686812507430745711e+01
2.104355201521816809e+02 5.533507074069670750e+01 8.688470812031863488e+01
2.105003495422660933e+02 5.539299964332421666e+01 8.707720841754844798e+01
2.105160432766615202e+02 5.531136369040542178e+01 8.716581619308048801e+01
2.104890738318868273e+02 5.531351801212697694e+01 8.720726191891570522e+01
2.104401569373439429e+02 5.531821662109143034e+01 8.727206277493758080e+01
2.103860135536797031e+02 5.541269765782903534e+01 8.735513969801451140e+01
2.101317940791820149e+02 5.555797408155986261e+01 8.739286172868861513e+01
2.100804517893235186e+02 5.566593746284627287e+01 8.742978480561170329e+01
2.100756390441088968e+02 5.569431934371656467e+01 8.735248603019854841e+01
2.099895708001426726e+02 5.580722862917608040e+01 8.744444180240161302e+01
2.099410296040898913e+02 5.583166805373915054e+01 8.736112709547022348e+01
2.102267269052431402e+02 5.567885388182142492e+01 8.732813696350018517e+01
2.104590702651289860e+02 5.545426227559148913e+01 8.715397455712756880e+01
2.105382618000237755e+02 5.546668410414932993e+01 8.713044346688859321e+01
2.105578742123409768e+02 5.548631553917488901e+01 8.721930804898347844e+01
2.106103103079300922e+02 5.550012602544287432e+01 8.729116632980620238e+01
2.105878825347759005e+02 5.541549399595767511e+01 8.719703245749613529e+01
2.102030531446914665e+02 5.571852574010224401e+01 8.720378551896325803e+01
2.098709737248840668e+02 5.600635834026869730e+01 8.738945666389251699e+01
2.097745523718939467e+02 5.617113779574366816e+01 8.749069076209725893e+01
2.096370847699441242e+02 5.605741053382475059e+01 8.725991677565093596e+01
2.096535251456426181e+02 5.588107002734514595e+01 8.710449649268814198e+01
2.096825918440137855e+02 5.580325763880632195e+01 8.706428248721911700e+01
2.098055023183925698e+02 5.573728213054333480e+01 8.707913446676970182e+01
2.100650624182617889e+02 5.544369991677564968e+01 8.683172036618714174e+01
2.104444893591725076e+02 5.506902389727737557e+01 8.655610034478658577e+01
2.106663464510759809e+02 5.491185352514564499e+01 8.649629770538579976e+01
2.106061110450600324e+02 5.504063726072999430e+01 8.667883010343597050e+01
2.104801331589584947e+02 5.504152657234573809e+01 8.677872785637855202e+01
2.104513946023064932e+02 5.503354179051242312e+01 8.680148377125193804e+01
2.104066246581857058e+02 5.497975508262988598e+01 8.676989656402329842e+01
2.101506598501961776e+02 5.528291523005587749e+01 8.668831292355248763e+01
2.099146260848888232e+02 5.549032933063845263e+01 8.663665675900605834e+01
2.098903388419926159e+02 5.566011175841160252e+01 8.665710141481393691e+01
2.099297491380335146e+02 5.567416953988823991e+01 8.656524551182974392e+01
2.099492997265485599e+02 5.565635001783378755e+01 8.644535013672572177e+01
2.099173177981215019e+02 5.559139222446795969e+01 8.639015099274759280e+01
2.098627654262275541e+02 5.555747949114255135e+01 8.637266436808940284e+01
2.098853834264653528e+02 5.550820592081797855e+01 8.637694447746997639e+01
2.099476447509213983e+02 5.547541077160860823e+01 8.634412079419807640e+01
2.099169896564023361e+02 5.541340625371537243e+01 8.625266912376649486e+01
2.099899750326952699e+02 5.535622874806800553e+01 8.631654262275591805e+01
2.100488217810010667e+02 5.528306741172274741e+01 8.633404351444536928e+01
2.101850196171679954e+02 5.523049340149803754e+01 8.636184044703364293e+01
2.102472761859469870e+02 5.515102128165497675e+01 8.635056473665437693e+01
2.102764332421828612e+02 5.514191416002853430e+01 8.630947093092379419e+01
2.101607276185947057e+02 5.521598858637498353e+01 8.661750564736654212e+01
2.099413434787777817e+02 5.525329687314231109e+01 8.675335156342883636e+01
2.098864914992271906e+02 5.512200214005468979e+01 8.673467126382118408e+01
2.098815741291166432e+02 5.480297229818095417e+01 8.652142670312686334e+01
2.099748710022589364e+02 5.492634407323743062e+01 8.667703245749613927e+01
2.101455522530020232e+02 5.497446201402924970e+01 8.668106527166806075e+01
2.102407656640114055e+02 5.482776364284865167e+01 8.665362025918440736e+01
2.103971941505171799e+02 5.473460468434193160e+01 8.645883248127452703e+01
2.105345381048626905e+02 5.465464272975864901e+01 8.636058970395910706e+01
2.106079229580311392e+02 5.462520984425157877e+01 8.637776245392937824e+01
2.103454190940435069e+02 5.485530376887409432e+01 8.639088812269646667e+01
2.101219450719296162e+02 5.508879800261562565e+01 8.639035073118535024e+01
2.100688384258708936e+02 5.517942694091070877e+01 8.632297705385803965e+01
2.101081678754012501e+02 5.520027107359410223e+01 8.625305908928783083e+01
2.101321555106408141e+02 5.518919510165260078e+01 8.625818570919034300e+01
2.101404731898704199e+02 5.534308405659255925e+01 8.639335631910593349e+01
2.100697848056117039e+02 5.545054333610747932e+01 8.658601830935678834e+01
2.100288098918083506e+02 5.547141124717632010e+01 8.668863630959458533e+01
2.100587849245036125e+02 5.534931874925692341e+01 8.649188919272381781e+01
2.101957436690048837e+02 5.523476875520152163e+01 8.630696468909761165e+01
2.104876043276661619e+02 5.488384258708833841e+01 8.637373915111163569e+01
2.106125264534538246e+02 5.478977529425751669e+01 8.647768874093449654e+01
2.105647033646415309e+02 5.476775650933301876e+01 8.667886339317560385e+01
2.105145785281179371e+02 5.475661871358934718e+01 8.668638687433123380e+01
2.104623992390916669e+02 5.461612650101058364e+01 8.656485079063131138e+01
2.103139650457733865e+02 5.476108905005349925e+01 8.663424563072167928e+01
2.100940625371537180e+02 5.502733563191059574e+01 8.684414219474497543e+01
2.098965925573653521e+02 5.523043633337296399e+01 8.696582570443466409e+01
2.099179835929140552e+02 5.508280109380572753e+01 8.690022589466175873e+01
2.100695042206634184e+02 5.505141838069194904e+01 8.688134110093925244e+01
2.101351325644988606e+02 5.513982166210914215e+01 8.692299132088930946e+01
2.101220592081797633e+02 5.526927594816311995e+01 8.695205326358340869e+01
2.100888740934490500e+02 5.525637855189632575e+01 8.689830460111758725e+01
2.100725335869694561e+02 5.526455356081321924e+01 8.683628106051598650e+01
2.100319676613957824e+02 5.523318511473070913e+01 8.677896564023302517e+01
2.100178718345024436e+02 5.524349066698371047e+01 8.686826774462014100e+01
2.100221662109142926e+02 5.528493639281892769e+01 8.692944001902270657e+01
2.100605017239329584e+02 5.535290928545951772e+01 8.697712519319938451e+01
2.101180263940078419e+02 5.538828201165140541e+01 8.704096540244917435e+01
2.102217429556532977e+02 5.543137320175959815e+01 8.707107359410295544e+01
2.102589703959101257e+02 5.545974557127571103e+01 8.709694447746997525e+01
2.102714492925930188e+02 5.539324693853287584e+01 8.700391392224467779e+01
2.103403067411722702e+02 5.532060397099036919e+01 8.694259897752942834e+01
2.103834407323742823e+02 5.535859231958149707e+01 8.694123885388182771e+01
2.103682273213648841e+02 5.540887409344905734e+01 8.703733682082986434e+01
2.103573653548924085e+02 5.545703959101177105e+01 8.703563428843182237e+01
2.103431981928426922e+02 5.541042919985733306e+01 8.700404232552610040e+01
2.103490429199857203e+02 5.537905599809772639e+01 8.697132802282725095e+01
2.102897491380335282e+02 5.524217810010700447e+01 8.686453453810486280e+01
2.101937129948876475e+02 5.522477232195934249e+01 8.690610866722150263e+01
2.100631221020092596e+02 5.525298299845440653e+01 8.702519082154321950e+01
2.100463678516228754e+02 5.536883129235524592e+01 8.719897752942574698e+01
2.100879657591249554e+02 5.535210557603138426e+01 8.722381643086434622e+01
2.102175246700749085e+02 5.526656521222209051e+01 8.716129354416834474e+01
2.102565402449173746e+02 5.524145523718939188e+01 8.716648674355010940e+01
2.103274141005825584e+02 5.525309237902746418e+01 8.716467483057900267e+01
2.102972107953870022e+02 5.512406610391154516e+01 8.710431102128166003e+01
2.103470788253477508e+02 5.511915824515515538e+01 8.706105338247533609e+01
2.103752847461657325e+02 5.509989299726548495e+01 8.707632386160979365e+01
2.104546569967899075e+02 5.511788847937224745e+01 8.715231958150042146e+01
2.104012745214599818e+02 5.525341576506955477e+01 8.710813458566163092e+01
