6.030322899913398516e+01 1.184502659903501183e+02 8.982920945193616546e+01
6.041333663243845109e+01 1.186479648645304934e+02 9.004274403068167487e+01
6.047896820487442682e+01 1.186001484597302920e+02 9.002165037733514907e+01
6.058511691203761274e+01 1.187092663614994450e+02 9.013002598045279967e+01
6.056563157243597573e+01 1.187823827786712911e+02 9.018959544723493593e+01
6.058610664357293274e+01 1.188532104416676987e+02 9.022776196956576200e+01
6.011722132871458513e+01 1.191653470246195781e+02 9.027477421749350128e+01
5.976809352963008592e+01 1.194077693925522681e+02 9.049573178275392138e+01
5.953890882098230719e+01 1.194823085488061309e+02 9.073580353829024148e+01
5.920295682296177375e+01 1.196454905356921898e+02 9.105029073363850500e+01
5.894834838550043088e+01 1.196419027588766539e+02 9.121817394531733214e+01
5.895812198441172569e+01 1.195562909810713847e+02 9.127199059755041333e+01
5.905493010021032063e+01 1.196283558084869441e+02 9.132203389830507945e+01
5.911412841766670567e+01 1.197349375231968338e+02 9.134189038723246767e+01
5.925510330322899932e+01 1.197472473091673919e+02 9.153989855251762719e+01
5.913454163058270296e+01 1.196552641346034846e+02 9.130514660398367255e+01
5.914914017072869257e+01 1.196333663243845109e+02 9.127594952369169334e+01
5.921687492267722064e+01 1.196441915130520783e+02 9.119695657552888690e+01
5.928751701101076321e+01 1.195656315724359757e+02 9.115377953730050820e+01
5.930898181368304023e+01 1.195867252257825015e+02 9.107750835085982999e+01
5.927594952369170045e+01 1.194232958060126180e+02 9.091840900655697055e+01
5.923598911295311353e+01 1.191862551033032247e+02 9.070536929357911049e+01
5.934597302981566003e+01 1.192743412099467974e+02 9.082995175058765369e+01
5.936886057156996088e+01 1.193676234071508162e+02 9.092645057528145003e+01
5.944339972782383086e+01 1.193535815909934428e+02 9.089966596560682888e+01
5.945527650624767801e+01 1.190698997896820543e+02 9.064864530496103612e+01
5.944148212297414346e+01 1.191216751206235358e+02 9.067109983916861893e+01
5.920171965854262197e+01 1.193704688853148639e+02 9.092768773970060181e+01
5.901694915254237372e+01 1.196043548187554109e+02 9.122726710379809845e+01
5.882500309291104656e+01 1.196373252505257909e+02 9.114196461709761365e+01
5.868439935667450413e+01 1.195530743535815930e+02 9.101620685389087839e+01
5.872782382778671462e+01 1.195666831621922483e+02 9.110392181120870703e+01
5.880588890263516078e+01 1.197312260299393785e+02 9.132970431770382902e+01
5.887900531980699981e+01 1.196648521588519145e+02 9.151676357787950167e+01
5.892527526908325797e+01 1.194918965730545608e+02 9.167079054806383454e+01
5.891779042434739466e+01 1.193810466410986066e+02 9.161542744030681718e+01
5.888741803785723050e+01 1.192751453668192454e+02 9.157985896325621411e+01
5.843108994185327276e+01 1.192901769145119317e+02 9.158468390449090180e+01
5.808190028454781384e+01 1.194503897067920377e+02 9.189230483731287791e+01
5.760750958802425004e+01 1.194373376221699914e+02 9.185129283681801837e+01
5.742583199307188124e+01 1.193334776691822299e+02 9.182933316837807070e+01
5.741989360385995411e+01 1.194281207472473056e+02 9.204930100210317789e+01
5.787362365458369595e+01 1.195264134603488770e+02 9.221254484721019651e+01
5.823258691080044258e+01 1.195373623654583639e+02 9.214901645428678023e+01
5.831597179265123998e+01 1.193486947915377954e+02 9.186088086106643402e+01
5.852010392181120579e+01 1.193226524805146624e+02 9.183675615489298139e+01
5.865557342570827615e+01 1.194175429914635629e+02 9.187442781145614390e+01
5.863287145861684735e+01 1.194470493628603265e+02 9.175955709513795000e+01
5.865532599282444437e+01 1.192349375231968338e+02 9.153519732772485895e+01
5.863918099715451859e+01 1.191455523939131496e+02 9.138791290362489406e+01
5.862786094271928761e+01 1.191939873809229198e+02 9.138253123840158310e+01
5.870413212915996581e+01 1.192399480390944007e+02 9.147055548682419612e+01
5.873042187306693052e+01 1.192241741927502119e+02 9.153705307435357952e+01
5.859260175677347604e+01 1.192101942348138124e+02 9.150160831374489590e+01
5.843214153160955249e+01 1.191971421501917661e+02 9.146399851540269310e+01
5.842001732030186645e+01 1.193016825436100419e+02 9.146721514289248489e+01
5.849078312507732136e+01 1.194297290609922015e+02 9.159996288506742701e+01
5.864982061115922107e+01 1.194193987380922977e+02 9.166596560682914685e+01
5.879258938512928268e+01 1.192120499814425330e+02 9.154657924038104966e+01
5.891092416182110725e+01 1.190940244958554928e+02 9.152919708029196499e+01
5.892601756773475330e+01 1.190053198070023512e+02 9.160138562414944374e+01
5.888562414944946255e+01 1.191732648769021381e+02 9.165575900037114820e+01
5.885141655325993071e+01 1.191014474823704035e+02 9.142224421625634534e+01
5.868050228875417673e+01 1.190460843746133861e+02 9.124180378572312122e+01
5.860423110231349852e+01 1.191626252628974356e+02 9.122318446121489899e+01
5.856377582580724805e+01 1.193729432141531674e+02 9.138376840282073488e+01
5.857627118644067821e+01 1.194852777434120981e+02 9.141036743783249108e+01
5.855474452554744857e+01 1.194904738339725299e+02 9.136521093653347236e+01
5.844271928739329525e+01 1.194818755412594271e+02 9.120629716689347788e+01
5.853049610293207650e+01 1.195008660150934077e+02 9.116046022516393066e+01
5.856451812445874339e+01 1.195783125077322779e+02 9.121155511567486940e+01
5.863379933193121474e+01 1.196453668192502846e+02 9.135927254732153813e+01
5.851076333044661482e+01 1.196235308672522564e+02 9.133793146109117345e+01
5.830038352096993748e+01 1.197040084127180535e+02 9.124724730916739190e+01
5.816268712111839534e+01 1.198388593344055408e+02 9.117140913027341753e+01
5.803550661882964334e+01 1.200530124953606332e+02 9.119256464184090305e+01
5.806965235679821546e+01 1.200902511443770919e+02 9.127075343313126154e+01
5.856507484844735956e+01 1.200676110355066157e+02 9.128015588271681224e+01
5.907385871582333436e+01 1.199315848076209363e+02 9.141482122974143465e+01
5.935444760608685044e+01 1.198844488432512634e+02 9.148657676605220956e+01
5.954262031423976254e+01 1.198739329456884803e+02 9.136508722009155292e+01
5.954645552393913022e+01 1.196490164542867802e+02 9.123011258196214612e+01
5.941525423728813848e+01 1.196368303847581274e+02 9.112365458369417581e+01
5.934090065569714056e+01 1.197061115922306129e+02 9.115656315724359615e+01
5.928238277867128403e+01 1.198217864654212548e+02 9.127199059755041333e+01
5.900507237411851946e+01 1.198605097117406899e+02 9.123320549301001847e+01
5.898670048249412190e+01 1.199108004453791949e+02 9.130143511072621720e+01
5.903315600643325212e+01 1.200003092911047844e+02 9.093566745020413578e+01
5.924403068167759301e+01 1.200988494370901947e+02 9.065934677718668411e+01
5.931368303847581558e+01 1.201503154769268775e+02 9.052103179512556608e+01
5.928058889026351608e+01 1.201412223184461254e+02 9.048694791537795368e+01
5.929933193121365775e+01 1.201285413831498232e+02 9.040758381788940312e+01
5.951039218112087070e+01 1.200750958802424861e+02 9.015087220091550080e+01
5.967301744401831343e+01 1.201368922429790871e+02 9.021600890758381297e+01
5.977452678460967661e+01 1.200758381788939744e+02 9.009396263763454726e+01
5.992904862056167303e+01 1.200765804775454626e+02 9.002542372881356414e+01
6.020796733885933349e+01 1.198738092292465609e+02 9.006643572930842367e+01
6.005177533094148146e+01 1.198687987133490083e+02 8.992026475318570533e+01
6.006161078807373599e+01 1.199857726091797616e+02 9.000309291104787235e+01
6.004317703822837871e+01 1.201546455523939159e+02 8.996102932079674019e+01
6.002727947544228471e+01 1.201161697389583054e+02 8.976660893232710237e+01
5.994723493752319854e+01 1.201880489917109998e+02 8.972405047630830666e+01
5.966441915130521068e+01 1.201895954472349359e+02 9.071879252752691514e+01
5.929308425089694623e+01 1.202953730050723777e+02 9.105573425708276147e+01
5.915297538042806025e+01 1.200796733885933492e+02 9.117703822838055316e+01
5.894500804156872675e+01 1.199680811579858926e+02 9.129456884819992979e+01
5.881714709884943915e+01 1.199546579240381021e+02 9.133817889397501233e+01
5.880038352096993748e+01 1.199609674625757805e+02 9.137300507237411296e+01
5.878467153284671554e+01 1.199045527650624763e+02 9.118594581219844031e+01
5.878287764443894758e+01 1.199675862922182290e+02 9.103692935791166008e+01
5.882061115922306271e+01 1.199773598911295380e+02 9.106093034764320748e+01
5.880236298404057749e+01 1.200197946307064143e+02 9.111369541012000184e+01
5.829704317703822625e+01 1.201237783001360810e+02 9.098237040702709066e+01
5.756321910181863188e+01 1.202022763825312381e+02 9.076073240133614206e+01
5.742663614994432919e+01 1.202200915501670124e+02 9.072621551404181162e+01
5.725875293826549495e+01 1.201782135345787452e+02 9.071087467524434089e+01
5.712241741927502403e+01 1.203347148336013817e+02 9.074848447358654369e+01
5.750952616602746303e+01 1.202696399851540292e+02 9.090350117530620366e+01
5.784151923790671646e+01 1.202235556105406431e+02 9.063955214648026981e+01
5.806921934925151874e+01 1.202199059755041475e+02 9.055882716813064803e+01
5.828931089941853116e+01 1.201092416182110583e+02 9.006309538537671244e+01
5.840442904862056395e+01 1.202640727452678391e+02 9.025739205740443083e+01
5.836316961524186553e+01 1.203314363478906301e+02 9.078275392799703525e+01
5.818136830384758440e+01 1.202854756897191635e+02 9.119590498577261428e+01
5.807849808239514999e+01 1.203391067672893797e+02 9.140381046641098806e+01
5.800698997896820686e+01 1.204603488803661975e+02 9.166942966720277752e+01
5.805994061610788037e+01 1.205373005072374184e+02 9.177285661264382099e+01
5.786842756402325705e+01 1.204786589137696353e+02 9.152381541506866824e+01
5.783446740071755698e+01 1.204047383397253554e+02 9.134226153655821179e+01
5.771081281702338117e+01 1.203833972534949908e+02 9.111654088828404952e+01
5.761443770877149717e+01 1.203428182605468209e+02 9.098267969813187506e+01
5.740628479524929162e+01 1.203844488432512634e+02 9.090455276506247628e+01
5.712526289743907171e+01 1.203534578745515233e+02 9.062909810713843228e+01
5.680619819373994517e+01 1.202562786094271985e+02 9.044018310033403907e+01
5.679215637758257884e+01 1.200705802301125829e+02 9.047810218978102625e+01
5.674353581590993656e+01 1.201187059260175687e+02 9.060082890016083468e+01
5.680898181368304023e+01 1.202509588024248472e+02 9.070363726339230936e+01
5.690003711493257299e+01 1.202463812940739842e+02 9.041154274403068314e+01
5.715588271681306765e+01 1.201147469998762887e+02 9.024403068167760011e+01
5.744531733267351115e+01 1.200679203266114001e+02 9.017320301868117838e+01
5.752993937894346033e+01 1.201573673141160441e+02 9.030966225411357584e+01
5.759909686997401934e+01 1.201047878263021147e+02 9.015637758258073120e+01
5.737881974514412775e+01 1.199928863045898737e+02 9.033483855004330110e+01
5.718551280465173647e+01 1.199692564641840846e+02 9.049931955956947149e+01
5.702963008783867593e+01 1.199482246690585185e+02 9.047754546579240298e+01
5.683694172955586055e+01 1.198954596065817100e+02 9.036490164542867376e+01
5.678547568971916348e+01 1.197316590374860823e+02 9.064153160955090982e+01
5.695676110355066157e+01 1.196133242607942577e+02 9.057775578374365466e+01
5.701416553259928577e+01 1.195809724112334465e+02 9.040480019794630095e+01
5.714357293084250955e+01 1.195677347519485352e+02 9.043931708524063140e+01
5.721365829518742885e+01 1.196995546208091099e+02 9.049901026846467289e+01
5.726889768650253387e+01 1.197096375108251891e+02 9.051701101076332634e+01
5.716856365210936275e+01 1.195681059012742793e+02 9.064839787207719723e+01
5.711864406779660897e+01 1.194638747989607879e+02 9.076834096251391770e+01
5.706860076704194285e+01 1.195333415810961242e+02 9.082048744278114327e+01
5.712142768773970403e+01 1.195825807249783566e+02 9.092391438822220096e+01
5.698861808734380929e+01 1.194985154026970235e+02 9.086471607076580881e+01
5.706297166893480011e+01 1.192572064827415517e+02 9.037517011010763213e+01
5.726555734257082975e+01 1.191575528887789233e+02 9.007200296919459959e+01
5.748138067549177066e+01 1.191535939626376290e+02 9.006105406408511271e+01
5.761227267103797800e+01 1.191461091179017728e+02 8.999461833477668904e+01
5.763571693678089503e+01 1.190161449956699187e+02 8.990226401088705188e+01
5.771112210812817267e+01 1.190635902511443760e+02 9.013478906346652764e+01
5.763151057775578323e+01 1.191839044909068406e+02 9.032784857107509424e+01
5.766553259928244302e+01 1.191573054558950844e+02 9.041247061734505053e+01
5.762786094271928761e+01 1.191675120623530830e+02 9.044902882593096649e+01
5.770592601756773377e+01 1.190995917357416829e+02 9.046882345663738079e+01
5.754657924038104966e+01 1.191859458121984403e+02 9.050791785228257424e+01
5.740090313002598066e+01 1.192074106148707102e+02 9.055610540640850559e+01
5.737232463194358445e+01 1.192159470493628532e+02 9.063095385376716706e+01
5.742032661140665795e+01 1.192054311518000702e+02 9.069256464184090305e+01
5.726939255227019743e+01 1.191302115551156788e+02 9.057837436595323766e+01
5.732958060126190958e+01 1.191408511691203813e+02 9.045496721514288652e+01
5.754552765062476993e+01 1.191887912903624880e+02 9.051132005443523099e+01
5.767363602622788221e+01 1.193068786341704879e+02 9.061518000742299250e+01
5.766509959173573918e+01 1.192280712606705464e+02 9.042713101571199275e+01
5.773048373128789024e+01 1.192048744278114611e+02 9.050476308301372796e+01
5.794358530248670291e+01 1.192200296919460527e+02 9.072405047630830666e+01
5.800167017196585562e+01 1.193196832859086953e+02 9.082914759371520574e+01
5.810150934059136318e+01 1.191390572807126063e+02 9.083873561796362139e+01
5.816417171842137890e+01 1.188341581096127726e+02 9.055839416058394420e+01
5.803216627489793211e+01 1.188767165656315683e+02 9.065749103055796354e+01
5.758697265866633330e+01 1.189361623159717993e+02 9.049486576766052792e+01
5.726660893232710947e+01 1.189589879995051405e+02 9.034300383520970001e+01
5.690665594457503573e+01 1.189988865520227677e+02 9.019361623159717567e+01
5.673475194853396175e+01 1.190684770506000234e+02 9.011586044785352101e+01
5.680997154521836023e+01 1.192294321415316034e+02 9.029673388593343475e+01
5.715582085859210792e+01 1.192930842508969391e+02 9.036422120499814525e+01
5.783953977483607645e+01 1.192342570827663053e+02 9.039941853272300420e+01
5.801818631696152551e+01 1.192998267969813213e+02 9.052820734875665210e+01
5.809922058641593168e+01 1.192734751948533898e+02 9.052734133366324443e+01
5.813336632438451090e+01 1.193170233824075268e+02 9.046696771000866022e+01
5.825615489298527905e+01 1.192604231102313435e+02 9.044921440059384565e+01
5.829382654954843446e+01 1.192268340962513946e+02 9.052362984040578908e+01
5.826314487195348590e+01 1.192275763949028828e+02 9.060961276753680238e+01
5.818681182729184798e+01 1.191784609674625699e+02 9.049628850674254466e+01
5.824069033774588888e+01 1.192085859210689165e+02 9.065260423110231613e+01
5.824563899542248890e+01 1.192694544104911500e+02 9.059148830879624370e+01
5.815105777557837285e+01 1.194267598663862486e+02 9.043999752567115991e+01
5.819769887418037513e+01 1.193767784238525280e+02 9.017846096746256990e+01
5.822776196956575490e+01 1.194004701224792768e+02 9.006192007917852038e+01
5.823233947791661791e+01 1.194146975132995152e+02 8.992199678337250646e+01
5.866089323271062739e+01 1.195062476803167186e+02 8.996480267227514105e+01
5.909977731040455495e+01 1.195357540517134680e+02 9.004899171099839350e+01
5.937102560930347295e+01 1.194200791785228262e+02 9.010732401336137798e+01
5.930087838673759393e+01 1.194354200173202969e+02 9.010113819126561907e+01
5.971291599653594062e+01 1.193807992082147678e+02 9.005579611530372119e+01
5.929685760237535419e+01 1.194880613633551860e+02 9.009056043548187631e+01
5.889286156130149408e+01 1.195596931832240557e+02 9.002468143016206170e+01
5.843183224050476099e+01 1.196925027836199433e+02 9.016800692812074658e+01
5.838129407398243131e+01 1.195909934430285801e+02 9.037405666213039979e+01
5.824675244339972835e+01 1.195567858468390483e+02 9.032896201905232658e+01
5.857676605220834176e+01 1.195484968452307299e+02 9.054725968081157816e+01
5.877310404552765277e+01 1.195643325497958642e+02 9.078788816033650733e+01
5.907156996164790286e+01 1.196556971421501885e+02 9.093158480762093632e+01
5.933434368427563754e+01 1.196694915254237230e+02 9.116330570332797834e+01
5.941209946801929931e+01 1.196832859086972718e+02 9.136552022763825676e+01
5.905443523444265708e+01 1.197539279970308002e+02 9.051633057033279783e+01
5.880001237164419337e+01 1.196176543362612961e+02 8.979537300507237774e+01
5.871248298898923679e+01 1.196749969070889534e+02 8.958115798589632561e+01
5.850055672398861617e+01 1.197474947420512166e+02 8.944964740814053528e+01
5.837869602870221541e+01 1.196919460596313201e+02 8.934325126809352469e+01
5.851973277248546168e+01 1.196715328467153228e+02 8.959724112334529877e+01
5.861907707534331280e+01 1.196527279475442356e+02 8.989799579364097326e+01
5.868854385747865621e+01 1.196647284424099951e+02 9.035927254732153813e+01
5.872757639490288284e+01 1.197139057280712677e+02 9.062532475566003143e+01
5.881269330694049557e+01 1.196943585302486639e+02 9.077799084498329307e+01
5.896121489545960515e+01 1.195716936780898152e+02 9.071000866015093322e+01
5.917765681059012906e+01 1.193468390449090748e+02 9.055146603983669706e+01
5.938964493381170229e+01 1.193091673883459123e+02 9.044989484102437416e+01
5.964573796857602161e+01 1.193327353705307416e+02 9.069064703699122276e+01
5.983112705678584575e+01 1.194313992329580572e+02 9.070617345045155844e+01
5.950451565012990329e+01 1.194146975132995152e+02 9.060200420635902674e+01
5.908851911419027658e+01 1.194656686873685487e+02 9.023710256093035298e+01
5.896022516392428514e+01 1.196136335518990421e+02 9.009693183224050017e+01
5.887257206482741623e+01 1.199032537424223648e+02 9.027539279970308428e+01
5.874248422615365683e+01 1.199048001979463010e+02 9.020877149573178144e+01
5.883589013979958082e+01 1.198390449090684200e+02 9.008827168130645191e+01
5.925881479648645467e+01 1.197400098973153462e+02 9.006891005814672724e+01
5.943783248793764784e+01 1.197267722380304349e+02 9.006915749103055191e+01
5.957521959668439848e+01 1.195170728689842861e+02 8.948329828034145805e+01
5.971322528764072501e+01 1.195540022268959603e+02 8.945107014722256622e+01
5.968334776691822441e+01 1.195305579611530362e+02 8.943876036125200812e+01
5.966924409253989836e+01 1.194334405542496569e+02 8.924019547197822533e+01
5.974403068167759301e+01 1.194404305332178637e+02 8.932735370530743069e+01
5.983904490906841289e+01 1.196560682914759326e+02 8.951317580106396576e+01
5.985679821848323456e+01 1.196436966472844290e+02 8.950000000000000000e+01
5.969002845478163977e+01 1.194915254237288167e+02 8.969534826178399101e+01
5.939799579364097326e+01 1.194970308053940329e+02 9.003884696276135458e+01
5.936415934677718553e+01 1.194904119757515844e+02 9.042750216503773686e+01
5.921687492267722064e+01 1.193191265619200863e+02 9.031795125572187999e+01
5.898867994556476901e+01 1.192403191884201448e+02 9.037813930471359924e+01
5.890560435481875601e+01 1.193800569095632795e+02 9.049263887170604903e+01
5.840795496721514013e+01 1.192819497711245873e+02 9.067512062353087288e+01
5.852041321291599729e+01 1.191106024990721295e+02 9.068668811084992853e+01
5.840925398985525163e+01 1.192596189533588955e+02 9.081634294197698409e+01
5.841908944698750616e+01 1.194598540145985339e+02 9.118792527526908032e+01
5.857113695410119902e+01 1.193976246443152291e+02 9.111753061981937662e+01
5.868285290115056085e+01 1.190993443028578440e+02 9.090770753433130835e+01
5.878009402449585252e+01 1.190453420759618979e+02 9.092193492515154674e+01
5.888110849931955926e+01 1.191816157367314162e+02 9.098781393047136135e+01
5.895088457255969416e+01 1.193107757020908082e+02 9.111004577508350621e+01
5.881133242607942435e+01 1.190311146851416595e+02 9.066757392057404275e+01
5.839242855375479735e+01 1.188088580972411279e+02 9.029543486329333746e+01
5.816132624025733122e+01 1.189023877273289571e+02 9.027526908326116484e+01
5.811060249907212949e+01 1.190874675244340040e+02 9.040974885562290808e+01
5.812346900903130376e+01 1.192877025856736424e+02 9.045107014722256622e+01
5.819670914264505512e+01 1.192571446245205919e+02 9.039762464431522915e+01
5.850346406037362357e+01 1.191205616726462893e+02 9.039675862922182148e+01
5.866658418903872274e+01 1.191393047135964309e+02 9.049245329704318408e+01
5.880143511072621720e+01 1.194891748113324326e+02 9.080638376840282433e+01
5.897445255474452352e+01 1.197187925275269151e+02 9.102455771372015647e+01
5.845843127551651719e+01 1.195682914759371585e+02 9.055530124953605764e+01
5.810880861066435443e+01 1.191870592601756726e+02 8.998397872077198656e+01
5.782252876407274300e+01 1.193297661759247745e+02 8.991878015588271467e+01
5.776333044661635796e+01 1.194984535444760638e+02 9.005035259185946472e+01
5.751441296548311044e+01 1.194056662130397086e+02 8.985376716565632194e+01
5.803730050723741130e+01 1.189435853024866958e+02 8.923883459111715410e+01
5.871848323642212364e+01 1.185482494123469053e+02 8.910435481875541086e+01
5.949523691698626493e+01 1.184400593838921196e+02 8.892341952245453740e+01
5.973506123963874614e+01 1.185463936657181705e+02 8.903779537300506774e+01
5.981634294197699120e+01 1.185942719287393317e+02 8.910348880366200319e+01
5.963330446616355118e+01 1.186046022516392497e+02 8.893183224050476099e+01
5.937547940121242362e+01 1.186301496968947191e+02 8.889508845725596586e+01
5.914722256587900517e+01 1.188443647160707712e+02 8.890115056290980533e+01
5.906210565384139244e+01 1.191183347766918246e+02 8.899826796981318466e+01
5.905264134603488912e+01 1.190867870840034612e+02 8.893424471112210483e+01
5.916138809847829094e+01 1.190213410862303647e+02 8.863967586292218925e+01
5.921495731782754035e+01 1.189755041445008032e+02 8.844482246690584759e+01
5.924223679326982506e+01 1.190281454905356924e+02 8.830755907460101639e+01
5.925312384015835931e+01 1.191606457998267956e+02 8.828491896573054021e+01
5.921310157119881268e+01 1.192033898305084705e+02 8.815829518743041149e+01
5.858084869479154122e+01 1.191566868736855156e+02 8.821440059383891708e+01
5.796678213534578816e+01 1.192152666089323247e+02 8.854317703822837871e+01
5.783892119262650056e+01 1.193392923419522447e+02 8.878658913769639582e+01
5.759538537671656400e+01 1.194177285661264420e+02 8.889614004701225269e+01
5.742273908202400179e+01 1.194310280836323130e+02 8.902956822961770911e+01
5.727347519485339689e+01 1.193804280588890236e+02 8.879982679698132131e+01
5.725182481751824781e+01 1.194462452059878785e+02 8.871409130273413268e+01
5.726419646170975852e+01 1.195302486700482518e+02 8.872757639490288284e+01
5.705901274279352009e+01 1.195917975999010281e+02 8.831244587405666380e+01
5.708777681553878836e+01 1.197396387479896021e+02 8.850167017196585562e+01
5.711233452925893772e+01 1.197269578126932998e+02 8.850977359891129481e+01
5.730700235061239312e+01 1.198190647036991265e+02 8.868588395397748059e+01
5.749814425337127233e+01 1.199309043671903936e+02 8.874168006928120178e+01
5.766367685265371534e+01 1.201375108251886701e+02 8.900012371644191944e+01
5.770784362241742116e+01 1.201884819992577036e+02 8.911072621551403472e+01
5.764276877397006160e+01 1.202316590374860823e+02 8.926933069404924481e+01
5.761672646294692868e+01 1.203420141036743729e+02 8.948354571322528273e+01
5.771761722132871597e+01 1.205864777928986769e+02 8.971755536310776336e+01
5.773499938141779353e+01 1.207022145243102784e+02 8.978355808486948320e+01
5.759761227267103578e+01 1.208517258443647222e+02 8.986329333168377786e+01
5.798144253371273038e+01 1.209772361746876186e+02 8.977366076951626894e+01
5.848107138438698627e+01 1.210437956204379617e+02 8.998280341457379450e+01
5.889836694296671737e+01 1.211605220833848762e+02 9.017246072002969015e+01
5.909427192873933166e+01 1.213492515155264186e+02 9.029339354200173773e+01
5.919553383644686306e+01 1.212777434120994684e+02 9.027093900779414071e+01
5.919336879871335100e+01 1.212867128541383153e+02 8.959625139180997166e+01
5.910936533465297771e+01 1.212009773598911266e+02 8.921087467524434089e+01
5.905208462204627295e+01 1.211075714462452027e+02 8.885160212792280277e+01
5.906303352715575983e+01 1.209089446987504601e+02 8.847593715204750708e+01
5.892793517258443359e+01 1.207754546579240440e+02 8.816639861437585068e+01
5.867703822838055316e+01 1.204624520598787569e+02 8.892230607447730506e+01
5.828726957812693144e+01 1.203814177904243508e+02 8.930366200668068188e+01
5.817703822838055316e+01 1.201365829518743027e+02 8.977242360509711716e+01
5.796158604478534926e+01 1.200823332920945177e+02 8.977904243473957990e+01
5.770920450327848528e+01 1.197917233700358821e+02 8.958462204626995629e+01
5.774198936038599328e+01 1.195942719287393317e+02 8.946628726957813171e+01
5.765081034269454108e+01 1.192982803414573851e+02 8.932500309291104656e+01
5.762452059878757638e+01 1.192305455895088500e+02 8.917870840034640878e+01
5.746034888036619748e+01 1.190709513794383270e+02 8.903909439564517925e+01
5.724867004824941574e+01 1.189422244216256388e+02 8.881442533712730381e+01
5.740987257206482752e+01 1.190600024743288401e+02 8.888543857478659049e+01
5.747401954719781969e+01 1.190669924532970469e+02 8.891271805022887520e+01
5.750859829271310275e+01 1.188876654707410552e+02 8.877483607571446100e+01
5.759804528021773962e+01 1.189545960658171424e+02 8.887665470741060858e+01
5.771675120623530830e+01 1.191743783248793704e+02 8.915977978473338794e+01
5.783143634789063725e+01 1.193543857478658907e+02 8.920369912161326909e+01
5.785778795001855457e+01 1.193992329580601250e+02 8.924947420512185658e+01
5.778702214524309966e+01 1.193693554373376173e+02 8.922683409625139461e+01
5.785549919584313017e+01 1.195759000371149341e+02 8.938426326858839843e+01
5.784925151552641154e+01 1.196843374984535444e+02 8.941537795373004371e+01
5.791550167017196316e+01 1.197025856736360225e+02 8.946146232834342982e+01
5.806705431151799957e+01 1.197851045403934194e+02 8.961004577508350621e+01
5.811276753680564156e+01 1.198233947791661507e+02 8.979927007299269803e+01
5.808060126190770944e+01 1.198007546702956887e+02 8.963794383273537392e+01
5.804874427811456172e+01 1.199242855375479451e+02 8.975058765309910314e+01
5.814802672275145312e+01 1.199691327477421794e+02 8.976042311023134346e+01
5.820407027093900609e+01 1.200030310528269268e+02 8.980694049239143339e+01
5.824359767413088917e+01 1.199568229617716213e+02 8.996325621675120487e+01
5.834195224545342029e+01 1.199241618211060256e+02 8.995806012619077308e+01
5.848663862427316928e+01 1.199523073116417180e+02 9.002690832611654059e+01
5.837993319312136720e+01 1.199098107138438678e+02 8.948546331807497722e+01
5.837609798342199952e+01 1.200468266732648743e+02 8.887776815538785513e+01
5.839830508474576476e+01 1.200173203018681249e+02 8.844408016825435936e+01
5.838079920821477486e+01 1.200241865643944124e+02 8.829543486329333746e+01
5.830805394036867284e+01 1.200453420759618979e+02 8.826314487195348590e+01
5.834158109612767618e+01 1.200516516144995620e+02 8.828912532475565911e+01
5.835135469503897099e+01 1.199430285784980867e+02 8.844005938389211963e+01
5.830861066435729612e+01 1.198850674254608464e+02 8.851954719782258962e+01
5.838717060497339872e+01 1.194431522949399920e+02 8.826493876036124675e+01
5.835617963627365867e+01 1.195415687244834828e+02 8.807187925275269436e+01
5.825337127304218399e+01 1.194809476679450739e+02 8.808783867375974808e+01
5.821007051837189294e+01 1.194074601014474837e+02 8.816986267474946715e+01
5.825516516144995904e+01 1.194316466658418960e+02 8.822596808115798694e+01
5.825324755660027165e+01 1.194298527774341210e+02 8.823308177656809903e+01
5.828962019052332266e+01 1.195342694544104916e+02 8.826128912532475113e+01
5.841581096127675465e+01 1.196441296548311328e+02 8.819386366448101455e+01
5.838185079797104748e+01 1.197139675862922132e+02 8.821805022887541270e+01
5.838216008907583898e+01 1.198261165408882789e+02 8.821910181863169953e+01
5.835463318074972250e+01 1.198576023753556825e+02 8.822782382778670751e+01
5.829858963256216953e+01 1.197921563775825859e+02 8.810262278856859552e+01
5.795490535692193390e+01 1.198374365953235241e+02 8.854998144253370640e+01
5.755827044414202476e+01 1.197585055053816632e+02 8.907082766299640753e+01
5.722132871458617132e+01 1.196874304095014168e+02 8.923778300136088149e+01
5.711518000742298540e+01 1.196082518866757454e+02 8.917413089199554577e+01
5.691964617097612233e+01 1.194750711369540994e+02 8.912346900903129665e+01
5.709767413089199550e+01 1.195695904985772557e+02 8.899764938760361588e+01
5.735413831498205894e+01 1.197761350983545725e+02 8.916120252381541889e+01
5.742001732030186645e+01 1.197822590622293717e+02 8.891878015588271467e+01
5.743937894346158402e+01 1.197345663738710897e+02 8.876357787950018974e+01
5.743560559198317605e+01 1.197956204379562024e+02 8.838766547074105517e+01
5.752925893851293182e+01 1.197772485463318048e+02 8.886731411604601760e+01
5.749727823827786466e+01 1.197655573425708297e+02 8.871631819868861157e+01
5.734801435110725976e+01 1.196704812569590501e+02 8.864252134108623693e+01
5.720673017444018171e+01 1.195241247061734526e+02 8.852362984040578908e+01
5.702233081776567758e+01 1.194219967833725065e+02 8.848422615365582544e+01
5.697321539032537174e+01 1.193603859952987705e+02 8.851540269701843044e+01
5.686737597426697732e+01 1.192063590251144376e+02 8.838692317208956695e+01
5.678702214524309966e+01 1.189760608684894265e+02 8.834120994680192496e+01
5.676023753556847851e+01 1.188313126314487249e+02 8.831294073982432735e+01
5.671396758629222035e+01 1.188433131263144844e+02 8.831986886057157449e+01
5.663392304837312707e+01 1.188427564023258753e+02 8.832568353334157507e+01
5.668421378201163208e+01 1.188634789063466570e+02 8.836088086106643402e+01
5.663633551899047092e+01 1.188997278238277886e+02 8.831188915006804052e+01
5.661623159717926512e+01 1.189060992205864125e+02 8.831900284547816682e+01
5.651193863664480688e+01 1.191181492020289454e+02 8.845224545342075828e+01
5.690405789929481983e+01 1.191603983669429709e+02 8.862093282197203337e+01
5.722504020784361956e+01 1.191704812569590501e+02 8.863695410120004681e+01
5.736255103303228964e+01 1.190807249783496218e+02 8.857614746999875877e+01
5.735073611282939510e+01 1.190117530619819348e+02 8.844630706420883826e+01
5.736552022763824965e+01 1.189279351725844407e+02 8.835976741308920168e+01
5.714524310280836517e+01 1.188933564270691505e+02 8.871229741432635763e+01
5.704645552393913022e+01 1.188019918347148405e+02 8.914722256587900517e+01
5.693139923295805715e+01 1.187177409377706283e+02 8.934046764815043673e+01
5.681522949399975175e+01 1.185832611654088851e+02 8.936483978720771404e+01
5.671798837065446008e+01 1.185601261907707595e+02 8.935716936780897868e+01
5.657862179883706233e+01 1.185797352468142947e+02 8.932271433873562216e+01
5.643071879252752865e+01 1.185717555363107749e+02 8.900853643449214303e+01
5.627310404552765277e+01 1.184821848323642257e+02 8.882308548806136628e+01
5.603921811208709869e+01 1.184686378819745158e+02 8.868025485587034495e+01
5.599585549919584082e+01 1.185064332549795836e+02 8.870184337498453431e+01
5.593393542001732044e+01 1.185010515897562726e+02 8.820085364344922141e+01
5.600804156872448658e+01 1.183784485958183836e+02 8.792484226153655413e+01
5.606965235679821546e+01 1.182800940244958525e+02 8.794859581838426266e+01
5.613293331683780707e+01 1.183922429790919182e+02 8.779228009402449118e+01
5.625924780403315850e+01 1.185582704441420248e+02 8.793863664481008868e+01
5.649591735741680054e+01 1.186495731782753893e+02 8.824607200296919984e+01
5.662637634541630405e+01 1.187954967215142830e+02 8.843640974885562400e+01
5.684207596189533263e+01 1.188782630211555045e+02 8.859148830879624370e+01
5.679203266114066651e+01 1.188656439440801620e+02 8.877557837436594923e+01
5.692273908202400179e+01 1.189867004824941290e+02 8.891383149820610754e+01
5.682073487566497505e+01 1.188796239020165757e+02 8.877706297166893989e+01
5.675052579487813631e+01 1.187940739824322662e+02 8.871774093777062831e+01
5.670072992700730197e+01 1.185590746010144727e+02 8.856662130397130284e+01
5.657268340962514230e+01 1.183878510454039343e+02 8.840418161573673217e+01
5.629060992205864267e+01 1.182416182110602563e+02 8.818755412594333620e+01
5.632314734628231889e+01 1.180939007794135875e+02 8.808746752443400396e+01
5.625609303476431933e+01 1.180082890016083184e+02 8.801348509216875016e+01
5.631021897810219201e+01 1.179354818755412566e+02 8.795626623778299802e+01
5.628232092045032431e+01 1.178417666707905482e+02 8.793331683780775165e+01
5.629512557218854596e+01 1.178048373128788882e+02 8.765959421007052299e+01
5.619466782135345539e+01 1.177359272547321609e+02 8.770066806878634225e+01
5.623889644933811383e+01 1.177617221328714550e+02 8.759594210070518727e+01
5.622745267846097050e+01 1.177826920697760755e+02 8.750828900160831836e+01
5.614852158851911668e+01 1.176735741680069225e+02 8.740003711493257299e+01
5.613144871953482351e+01 1.176097364839787218e+02 8.731986886057157449e+01
5.611320054435234539e+01 1.176302115551156788e+02 8.765111963379932547e+01
5.615278980576518819e+01 1.175883953977483571e+02 8.785636521093653073e+01
5.623747371025608999e+01 1.175593220338983116e+02 8.790022268959545215e+01
5.642793517258443359e+01 1.176716565631572422e+02 8.821068910058146173e+01
5.656315724359767216e+01 1.177218854385747875e+02 8.851540269701843044e+01
5.665674873190646821e+01 1.178711493257453924e+02 8.851360880861066960e+01
5.677403191884201306e+01 1.178836446863788154e+02 8.848874180378572873e+01
5.684176667079054823e+01 1.179248422615365541e+02 8.860583941605838731e+01
5.679054806383768295e+01 1.179327601138191284e+02 8.852765062476802882e+01
5.673017444018309874e+01 1.178100334034393200e+02 8.858864283063219602e+01
5.638246938018062338e+01 1.176235927254732161e+02 8.821805022887541270e+01
5.615909934430285944e+01 1.174024495855499168e+02 8.787851045403934336e+01
5.596721514289249200e+01 1.172517629592972952e+02 8.773908202400099299e+01
5.576957812693306948e+01 1.172506495113200486e+02 8.761233452925894483e+01
5.579698131881727363e+01 1.172248546331807546e+02 8.769924532970431130e+01
5.591612025238153905e+01 1.172346282320920494e+02 8.773314363478905875e+01
5.585413831498205894e+01 1.172978473339106813e+02 8.773104045527649930e+01
5.596084374613386103e+01 1.176428306321910213e+02 8.807268340962514230e+01
5.610695286403563387e+01 1.177663614994432777e+02 8.830551775330941666e+01
5.624446368922429684e+01 1.177990844983298331e+02 8.839440801682543736e+01
5.613250030929110324e+01 1.178954596065817100e+02 8.849511320054435259e+01
5.617747123592725700e+01 1.180155264134603499e+02 8.855468266732648885e+01
5.618272918470864852e+01 1.181537795373005082e+02 8.872559693183224283e+01
5.599430904367190465e+01 1.181652851663986183e+02 8.868204874427812001e+01
5.591519237906717876e+01 1.181785846839044893e+02 8.864400593838921338e+01
5.593826549548435167e+01 1.180898181368303881e+02 8.888457255969318282e+01
5.596313250030929254e+01 1.180449090684151940e+02 8.905641469751330419e+01
5.599511320054435259e+01 1.180317332673512283e+02 8.943133737473709743e+01
5.607367314116046231e+01 1.180610540640851127e+02 8.953958926141284280e+01
5.614549053569219694e+01 1.181492020289496452e+02 8.975615489298527905e+01
5.643449214400593661e+01 1.182428553754794081e+02 8.941543981195100343e+01
5.660955090931584976e+01 1.184014598540146039e+02 8.885401459854014661e+01
5.685995298775207374e+01 1.183920574044290532e+02 8.864963503649634902e+01
5.692403810466411329e+01 1.183204255845601836e+02 8.850575281454905507e+01
5.693814177904243223e+01 1.182598045280217747e+02 8.816825436100457125e+01
5.699146356550785697e+01 1.181311394284300320e+02 8.788556229122850993e+01
5.689960410738586916e+01 1.179009649882469404e+02 8.743838921192626401e+01
5.679308425089694623e+01 1.177341333663243859e+02 8.716571817394532218e+01
5.668965730545589565e+01 1.174984535444760638e+02 8.681795125572187999e+01
5.665588271681306765e+01 1.172298651490783072e+02 8.659340591364592399e+01
5.647067920326611556e+01 1.171088086106643544e+02 8.683749845354446961e+01
5.630186811827292104e+01 1.169699369046146273e+02 8.737399480390944007e+01
5.620190523320549403e+01 1.170095261660274701e+02 8.763107757020908650e+01
5.598298898923666655e+01 1.170248051466039811e+02 8.804497092663615376e+01
5.608047754546579000e+01 1.171529753804280602e+02 8.820060621056538253e+01
5.594909068415192621e+01 1.173194977112458304e+02 8.794810095261659910e+01
5.598237040702709066e+01 1.174005319807002365e+02 8.776660893232710237e+01
5.583186935543734108e+01 1.174896696771000819e+02 8.773710256093035298e+01
5.572429790919213133e+01 1.174206977607323950e+02 8.757843622417419738e+01
5.570326611406655815e+01 1.174157491030558020e+02 8.734906594086353948e+01
5.581096127675368024e+01 1.174041197575157724e+02 8.711245824570085006e+01
5.611530372386490484e+01 1.172875788692317229e+02 8.686168501793888197e+01
5.616107880737349944e+01 1.172155759000371091e+02 8.682593096622541395e+01
5.624365953235184890e+01 1.171578621798837077e+02 8.674792774959792041e+01
5.653235184956080417e+01 1.171762340715081052e+02 8.683743659532352410e+01
5.667338859334405754e+01 1.173234566373871104e+02 8.709748855622912345e+01
5.674675244339972835e+01 1.173954596065817100e+02 8.733230236298403781e+01
5.687758258072497597e+01 1.174603488803661975e+02 8.771106024990720584e+01
5.694723493752319854e+01 1.175171347272052458e+02 8.794513175801064619e+01
5.704484721019423432e+01 1.176231597179265123e+02 8.806402325869107983e+01
5.689527403191884503e+01 1.176594086354076438e+02 8.786768526537176172e+01
5.679234195224545090e+01 1.176006433254979555e+02 8.738902635160212640e+01
5.668538908820982414e+01 1.174740195471978268e+02 8.709699369046145989e+01
5.652134108623035758e+01 1.173225287640727430e+02 8.690783125077322779e+01
5.648237040702709066e+01 1.171373252505257909e+02 8.686143758505505730e+01
5.648187554125943421e+01 1.170024743288383036e+02 8.689372757639490885e+01
5.644055424965978318e+01 1.169037486081900283e+02 8.716924409253989836e+01
5.637838673759742392e+01 1.169056662130397086e+02 8.729821848323642541e+01
5.645509093158480596e+01 1.168963256216751176e+02 8.744036867499690402e+01
5.653340343931708389e+01 1.170360014845973069e+02 8.774149449461833683e+01
5.653866138809847541e+01 1.169631943585302452e+02 8.790399604107385301e+01
5.660373623654583497e+01 1.169685141655325964e+02 8.799133984906593753e+01
5.665167635778794875e+01 1.169221823580353856e+02 8.775794878139305411e+01
5.645441049115427745e+01 1.170342075961895318e+02 8.767907954967215289e+01
5.648001979463070654e+01 1.171569961647903000e+02 8.779141407893108351e+01
5.607620932821971849e+01 1.172682791042929580e+02 8.798366942966720217e+01
5.585531362118025811e+01 1.171242113076827849e+02 8.846610169491525255e+01
5.563206730174439940e+01 1.171022516392428514e+02 8.859284918965730071e+01
5.550748484473586331e+01 1.171231597179265123e+02 8.865248051466039669e+01
5.554404305332178637e+01 1.169961647903006252e+02 8.893523444265743194e+01
5.578924904119757855e+01 1.170936533465297487e+02 8.883292094519362081e+01
5.588141779042435076e+01 1.172361746876159856e+02 8.866083137448967477e+01
5.602598045280218031e+01 1.173394160583941641e+02 8.859755041445008317e+01
5.625943337869603056e+01 1.174230483731287933e+02 8.875318569837931193e+01
5.652319683285908525e+01 1.176548929852777405e+02 8.873957688976865654e+01
5.665755288877891616e+01 1.178298280341457343e+02 8.896659656068291611e+01
5.671520475071137213e+01 1.178452925893851244e+02 8.893826549548434457e+01
5.671452431028083652e+01 1.178616850179388820e+02 8.896566868736854872e+01
5.680186811827292104e+01 1.179708029197080350e+02 8.899065940863540902e+01
5.686143758505505730e+01 1.180319188420141074e+02 8.923394779166150670e+01
5.678021774093777196e+01 1.181561920079178520e+02 8.878764072745268265e+01
5.686626252628974498e+01 1.181207472473091684e+02 8.843189409872572071e+01
5.702294939997525347e+01 1.181679450698997869e+02 8.811882964245948813e+01
5.705913645923543243e+01 1.181376963998515350e+02 8.794630706420883826e+01
5.713151057775578323e+01 1.181092416182110583e+02 8.810404552765062647e+01
5.716410986020041918e+01 1.181232834343684317e+02 8.844952369169863005e+01
5.717357416800692960e+01 1.181028083632314747e+02 8.878077446492639524e+01
5.717351230978596988e+01 1.180596313250030960e+02 8.899004082642582603e+01
5.723586539651119409e+01 1.179923914388222244e+02 8.914048001979463720e+01
5.725473215390325521e+01 1.182069776073240064e+02 8.930174440183100160e+01
5.735290115056290716e+01 1.182239267598663872e+02 8.988723246319436555e+01
5.739409872572064586e+01 1.181296548311270556e+02 9.017759495236917644e+01
5.751663986143758223e+01 1.180723122602993982e+02 9.021959668439936308e+01
5.758913769639985247e+01 1.178288383026104214e+02 9.030298156625015338e+01
5.759866386242731551e+01 1.178502412470617315e+02 9.034739576889768387e+01
5.749430904367190465e+01 1.179787207719905950e+02 8.963645923543238325e+01
5.722281331188914777e+01 1.180812817023382451e+02 8.923073116417171491e+01
5.713113942843003912e+01 1.180356303352715628e+02 8.893065693430656893e+01
5.706637387108747106e+01 1.179676481504391887e+02 8.885945812198441729e+01
5.696096746257577337e+01 1.178330446616355260e+02 8.869231720895706417e+01
5.681393047135964025e+01 1.177879500185574670e+02 8.860144748237040346e+01
5.661109736483978594e+01 1.177760113819126531e+02 8.861845849313374401e+01
5.647946307064209037e+01 1.177472473091673919e+02 8.877693925522702045e+01
5.650569095632809535e+01 1.178462204626994918e+02 8.890016083137449243e+01
5.650674254608437508e+01 1.178429419769887403e+02 8.904818755412594555e+01
5.684312755165161235e+01 1.177191636768526593e+02 8.945212173697883884e+01
5.707472473091674203e+01 1.176394902882593101e+02 8.980570332797228161e+01
5.719497711245824689e+01 1.176243968823456640e+02 8.994698750463936676e+01
5.749857726091797616e+01 1.176533465297538044e+02 9.015248051466039669e+01
5.761301496968947333e+01 1.176655944575034027e+02 9.039162439688234940e+01
5.729178522825683473e+01 1.176290362489174868e+02 9.030904367190399284e+01
5.702257825064950936e+01 1.175993443028578440e+02 9.029357911666460268e+01
5.686143758505505730e+01 1.176477792898676284e+02 9.018279104292960824e+01
5.674328838302610478e+01 1.177332054930100185e+02 9.011301496968947333e+01
5.667017196585425864e+01 1.176573673141160441e+02 9.010126190770753851e+01
5.664072745267846187e+01 1.177014103674378305e+02 8.986459235432388937e+01
5.676456761103550974e+01 1.179096869974019484e+02 8.921755536310776336e+01
5.686799455647655321e+01 1.179537300507237347e+02 8.904243473957689048e+01
5.693727576394903167e+01 1.180367437832487951e+02 8.904268217246071515e+01
5.698323642212049833e+01 1.180088457255969274e+02 8.903717679079549896e+01
5.695187430409501417e+01 1.179581838426326925e+02 8.895385376716565418e+01
5.698404057899294628e+01 1.179380799208214796e+02 8.898626747494742517e+01
5.700037114932574411e+01 1.179067796610169552e+02 8.886638624273166442e+01
5.705047630830136995e+01 1.178991092416182056e+02 8.886688110849931377e+01
5.696467895583322871e+01 1.178587776815538746e+02 8.879221823580353146e+01
5.701274279351726193e+01 1.178690461462328329e+02 8.885710750958801896e+01
5.707435358159099081e+01 1.179166769763701552e+02 8.873747371025609709e+01
5.708171470988494178e+01 1.179770506000247394e+02 8.856989978968205435e+01
5.704224916491401842e+01 1.179644315229493969e+02 8.844370901892861525e+01
5.702220710132376524e+01 1.178291475937152057e+02 8.836490164542867376e+01
5.648787578869231396e+01 1.178762216998639190e+02 8.816918223431893864e+01
5.597927749597921832e+01 1.178900779413584132e+02 8.807509588024248615e+01
5.571186440677966090e+01 1.180232586910800450e+02 8.806204379562043982e+01
5.545465792403810212e+01 1.180987257206482752e+02 8.814048001979463720e+01
5.544036867499690402e+01 1.180506618829642491e+02 8.810986020042064126e+01
5.560218978102189880e+01 1.181018804899171073e+02 8.821180254855870828e+01
5.591432636397377109e+01 1.179839787207719866e+02 8.825621675120623877e+01
5.598428801187677806e+01 1.180350117530619798e+02 8.819145119386367071e+01
5.616293455400222712e+01 1.179993814177904312e+02 8.826611406655943881e+01
5.626196956575528674e+01 1.180672398861808716e+02 8.835395274031918689e+01
5.637319064703699212e+01 1.181462946925646378e+02 8.829345540022268324e+01
5.650847457627118331e+01 1.181117159470493618e+02 8.816806878634170630e+01
5.667029568229617809e+01 1.181667079054806351e+02 8.805387851045404091e+01
5.671081281702338117e+01 1.181919460596313201e+02 8.807206482741555931e+01
5.665631572435976437e+01 1.182296177161944826e+02 8.789446987504639708e+01
5.671334900408264446e+01 1.183108375603117679e+02 8.771607076580477269e+01
5.661746876159841690e+01 1.183297661759247745e+02 8.754101200049485954e+01
5.660107633304465935e+01 1.182684646789558371e+02 8.738011876778423925e+01
5.654280588890263459e+01 1.182787331436347955e+02 8.715087220091550080e+01
5.636916986267475238e+01 1.183079920821477202e+02 8.707076580477544780e+01
5.651948533960162990e+01 1.183734380799208168e+02 8.729920821477173831e+01
5.651039218112087070e+01 1.183986143758505563e+02 8.734529258938512442e+01
5.647129778547569146e+01 1.183566745020413151e+02 8.720895707039466060e+01
5.642045032784857028e+01 1.181720895707039460e+02 8.720518371891624554e+01
5.650742298651491069e+01 1.182770011134479802e+02 8.744506989978968647e+01
5.649047383397253697e+01 1.183942843003835179e+02 8.742539898552517741e+01
5.650816528516639892e+01 1.184713596436966441e+02 8.765192379067177342e+01
5.652653717679079648e+01 1.185696523567982155e+02 8.762922182358035172e+01
5.659260175677347604e+01 1.186735741680069225e+02 8.758369417295558890e+01
5.665241865643944408e+01 1.187055548682419897e+02 8.781250773227762352e+01
5.692459482865272946e+01 1.186328096003958876e+02 8.772516392428553900e+01
5.702344426574291703e+01 1.187217617221328680e+02 8.763856241494494270e+01
5.733551899047383671e+01 1.187795991587281890e+02 8.773240133613757052e+01
5.750556723988618302e+01 1.188683657058023044e+02 8.774260794259556917e+01
5.764072745267846187e+01 1.189552765062476851e+02 8.777471235927254156e+01
5.763930471359643803e+01 1.190131139428430060e+02 8.803099096869974005e+01
5.751243350241247043e+01 1.190695904985772557e+02 8.811320054435233828e+01
5.752709390077941265e+01 1.190962513918099717e+02 8.829054806383769005e+01
5.741042929605344369e+01 1.191117159470493618e+02 8.830960039589261612e+01
5.731120870963751202e+01 1.191183966349127843e+02 8.825429914635654427e+01
5.726339230483731058e+01 1.190736731411604552e+02 8.818260546826672908e+01
5.758431275516516479e+01 1.189010887046888598e+02 8.794890510948904705e+01
5.783100334034393342e+01 1.188360138562414932e+02 8.770716318198688555e+01
5.790832611654089135e+01 1.188377458864283085e+02 8.763664481009526241e+01
5.800160831374489590e+01 1.188589013979957940e+02 8.748880366200667424e+01
5.797494742051218708e+01 1.188220338983050794e+02 8.771143139923296417e+01
5.788970679203266201e+01 1.187984040578992904e+02 8.784356055919832329e+01
5.781312631448719230e+01 1.187865272794754361e+02 8.803643449214401073e+01
5.766132624025733122e+01 1.186939873809229198e+02 8.818971916367685537e+01
5.756754917728566312e+01 1.184784733391067704e+02 8.802096993690462057e+01
5.721866881108499570e+01 1.184279970308054004e+02 8.755616726462946531e+01
5.716046022516392355e+01 1.184979586787084003e+02 8.717951255721885673e+01
5.687349993814177651e+01 1.184699987628355871e+02 8.693857478658914317e+01
5.669404923914387950e+01 1.184689471730793002e+02 8.685253000123717015e+01
5.641624396882345849e+01 1.185770134850921664e+02 8.677118644067796538e+01
5.659278733143634810e+01 1.185457132252876420e+02 8.721161697389582912e+01
5.655325992824446502e+01 1.184664728442409967e+02 8.764567611035506900e+01
5.653699121613262690e+01 1.184264505752814500e+02 8.781331188915007147e+01
5.646443152294939694e+01 1.183182605468266786e+02 8.810874675244339471e+01
5.638580972411233461e+01 1.182158233329209480e+02 8.810249907212669029e+01
5.638345911171595048e+01 1.181640480019794666e+02 8.797655573425707587e+01
5.656860076704194285e+01 1.180678584683904546e+02 8.795806012619077308e+01
5.659810713843869934e+01 1.181518619324508279e+02 8.796727700111344461e+01
5.675578374365953493e+01 1.181944822466905833e+02 8.812866509959174266e+01
5.685129283681801127e+01 1.183370654459977800e+02 8.815415068662625231e+01
5.673159717926512258e+01 1.184653593962637643e+02 8.816881108499319453e+01
5.616293455400222712e+01 1.188851292836818061e+02 8.823314363478905875e+01
5.584789063466534742e+01 1.191217369788444955e+02 8.815439811951007698e+01
5.564221204998144543e+01 1.191851416553259924e+02 8.803346529753804361e+01
5.562693306940492732e+01 1.191461709761227326e+02 8.791550167017196316e+01
5.600791785228256714e+01 1.190387232463194351e+02 8.813392304837313418e+01
5.663911913893356598e+01 1.188451070147222595e+02 8.850173203018681534e+01
5.684368427564023563e+01 1.188242607942595583e+02 8.863689224297908709e+01
5.703890882098230719e+01 1.188249412346900868e+02 8.878943461586044350e+01
5.708152913522206973e+01 1.188276011381912696e+02 8.882215761474699889e+01
5.731566250154645559e+01 1.189453791908944709e+02 8.901187677842385426e+01
5.753779537300507485e+01 1.189448224669058476e+02 8.909804528021774672e+01
5.780397129778547338e+01 1.190493010021031779e+02 8.923308177656809903e+01
5.796523567982184488e+01 1.191840900655697197e+02 8.936558208585921648e+01
5.807008536434491930e+01 1.191852653717679118e+02 8.944012124211307935e+01
5.783675615489298849e+01 1.193559322033898269e+02 8.945496721514288652e+01
5.772887541754299434e+01 1.193809229246566872e+02 8.946028702214523776e+01
5.763837684028207065e+01 1.194677718668811082e+02 8.951169120376097510e+01
5.738265495484349543e+01 1.193704070270939042e+02 8.965248051466039669e+01
5.751725844364715812e+01 1.194485958183842627e+02 8.967425460843746521e+01
5.767672893727576167e+01 1.195246814301620617e+02 8.971941110973648392e+01
5.782945688481999014e+01 1.195624768031671437e+02 8.979122850426821856e+01
5.809291104787826043e+01 1.196602746505010515e+02 8.996907088952121967e+01
5.832976617592478163e+01 1.197622788568600782e+02 9.006971421501917519e+01
5.846164790300630898e+01 1.198454163058270439e+02 9.008740566621304424e+01
5.854769268835828200e+01 1.199761227267103862e+02 9.028776444389458788e+01
5.857416800692811876e+01 1.200517134727205217e+02 9.036483978720771404e+01
5.852338240752195730e+01 1.200630335271557527e+02 9.037615984164295924e+01
5.845471978225906184e+01 1.201226648521588487e+02 9.031863169615242271e+01
5.835166398614375538e+01 1.200223308177656776e+02 9.034956080663120304e+01
5.852876407274526827e+01 1.199632562167512049e+02 9.043807992082147962e+01
5.878194977112458020e+01 1.197794754422862837e+02 9.040139799579364421e+01
5.888778918718297462e+01 1.197195348261784034e+02 9.041791414078930700e+01
5.889997525671162037e+01 1.196795125572188567e+02 9.047847333910677037e+01
5.901657800321662961e+01 1.196903377458864242e+02 9.053569219349250830e+01
5.914864530496102901e+01 1.197651243350241259e+02 9.023178275392800174e+01
5.919813188172707896e+01 1.197664852158851971e+02 8.980397129778548049e+01
5.930106396140047309e+01 1.198357664233576685e+02 8.971749350488680363e+01
5.940721266856365190e+01 1.200089694420388469e+02 8.950853643449214303e+01
5.953618705926017896e+01 1.201900284547816398e+02 8.959656068291475606e+01
5.971972040084126832e+01 1.202165656315724362e+02 8.970561672646294937e+01
5.992069776073240206e+01 1.202914759371520432e+02 8.971805022887541270e+01
6.015872819497711532e+01 1.203868613138686072e+02 8.978621798837065171e+01
6.027013485092168565e+01 1.204515031547692701e+02 8.987114932574539239e+01
6.031986886057156738e+01 1.204341828529011451e+02 8.975695904985772700e+01
6.035512804651737895e+01 1.203813559322033910e+02 9.007763206730174943e+01
6.048317456389954572e+01 1.204662872695781317e+02 9.056396140047012011e+01
6.052109365334653290e+01 1.205472596808115782e+02 9.090721266856365901e+01
6.060750958802425004e+01 1.206398614375850542e+02 9.118155387851045646e+01
6.068588395397748059e+01 1.206929976493876069e+02 9.122825683533341135e+01
6.062810837560311938e+01 1.207890016083137397e+02 9.140504763083013984e+01
6.067957441543980934e+01 1.208287145861685019e+02 9.150043300754670383e+01
6.063720153408387858e+01 1.209557095137943890e+02 9.171774093777062831e+01
6.020023506123963841e+01 1.210706420883335426e+02 9.179271310157119501e+01
6.016843993566745041e+01 1.210394655449709234e+02 9.168520351354695208e+01
6.015111963379933258e+01 1.209920821477174258e+02 9.160577755783744180e+01
6.013664481009526241e+01 1.209541012000494931e+02 9.153884696276135458e+01
6.011443770877149717e+01 1.209847210194234748e+02 9.161783991092416102e+01
6.017345045156501016e+01 1.210422491649140113e+02 9.156501299022640694e+01
6.021693678089818036e+01 1.210274031918842041e+02 9.176846467895583714e+01
6.005121860695286529e+01 1.211119633799331865e+02 9.143152294939997660e+01
5.994234813806755113e+01 1.211549548434987003e+02 9.130891995546208761e+01
5.986644810095261704e+01 1.211490783125077257e+02 9.118390449090684058e+01
5.983960163305703617e+01 1.210796733885933492e+02 9.112489174811332759e+01
5.976060868489422262e+01 1.209905356921934896e+02 9.113546950389707035e+01
5.992564641840900919e+01 1.210308053940368609e+02 9.094172955585797524e+01
6.035902511443770635e+01 1.209395026599034964e+02 9.093251268093528950e+01
6.069009031300259949e+01 1.208823456637387039e+02 9.091741927502164344e+01
6.086681925027836115e+01 1.209579364097488536e+02 9.095768897686502896e+01
6.100859829271310275e+01 1.209335642706915763e+02 9.105629098107138475e+01
6.085246814301620333e+01 1.210288877891871806e+02 9.098787578869232107e+01
6.052455771372015647e+01 1.210666831621922483e+02 9.113386119015217446e+01
6.051292836818013399e+01 1.210931584807620993e+02 9.120833848818507761e+01
6.029265124335024240e+01 1.210624149449461839e+02 9.121297785475690034e+01
6.025398985525175988e+01 1.209566992453297019e+02 9.112322157614747198e+01
6.031275516516144819e+01 1.208603241370778107e+02 9.097439069652357091e+01
6.022955585797352285e+01 1.208139923295806000e+02 9.103668192502783540e+01
6.032815786217988574e+01 1.207074724730916699e+02 9.101973277248546879e+01
6.039849065940863682e+01 1.203475813435605630e+02 9.102103179512556608e+01
6.040226401088704478e+01 1.203199307187925342e+02 9.087609798342199952e+01
6.037133490040826445e+01 1.203711493257453924e+02 9.088401583570455955e+01
6.030075467029568159e+01 1.204737721143139879e+02 9.068934801435111126e+01
6.036193245082271375e+01 1.204792774959792183e+02 9.066986267474946715e+01
6.032555981689966274e+01 1.204602251639242922e+02 9.058573549424718863e+01
6.026871211183966182e+01 1.204125324755659960e+02 9.045342075961895034e+01
6.027112458245700566e+01 1.204312755165161519e+02 9.037170604973401566e+01
6.025720648274155877e+01 1.203770258567363669e+02 9.028120747247308486e+01
6.024273165903748861e+01 1.203010639614004731e+02 9.021242113076827707e+01
6.018464678955832881e+01 1.201834714833601367e+02 9.010732401336137798e+01
6.029877520722504158e+01 1.200308672522578206e+02 8.992972906099220154e+01
6.029159965359396267e+01 1.199776691822343224e+02 8.990251144377087655e+01
6.018947173079302360e+01 1.198441172831869324e+02 8.992508969442039302e+01
6.013812940739824597e+01 1.197518248175182549e+02 9.007070394655450229e+01
6.022021526660893187e+01 1.197405047630830097e+02 9.011542744030681718e+01
6.028696028702214704e+01 1.197810218978102199e+02 9.015742917233700382e+01
6.025590746010144727e+01 1.198363231473462776e+02 9.024786589137696069e+01
6.004540393418285049e+01 1.198784485958183836e+02 9.009179759990102809e+01
6.010002474328837963e+01 1.199502659903501183e+02 9.021359643696646913e+01
6.002851663986143649e+01 1.200419398738092269e+02 9.033162192255350931e+01
6.000544352344426358e+01 1.201152418656439380e+02 9.047210194234813230e+01
5.998150439193369010e+01 1.201337993319312147e+02 9.044086354076456757e+01
5.995676110355066157e+01 1.201110355066188333e+02 9.044185327229989468e+01
5.988432512680935105e+01 1.199421007051837194e+02 9.052690832611654059e+01
5.976623778300135825e+01 1.197737844859581884e+02 9.053773351478410802e+01
5.969435853024867100e+01 1.197056167264629494e+02 9.044680192997648760e+01
5.956705431151799957e+01 1.195359396263763472e+02 9.014815043919337256e+01
5.952090807868365374e+01 1.193631077570209129e+02 8.998484473586539423e+01
5.954132129159965103e+01 1.192239267598663872e+02 8.979592972906098680e+01
5.955697142150192036e+01 1.192056785846839091e+02 8.975825807249783850e+01
5.950513423233947918e+01 1.192477421749350555e+02 8.980489917109983367e+01
5.990653222813311629e+01 1.193972534949894850e+02 8.918241989360386412e+01
6.001657800321662961e+01 1.194187182976617549e+02 8.901088704688852715e+01
6.016058394160583589e+01 1.195569714215019133e+02 8.864629469256463778e+01
6.018872943214152826e+01 1.196143139923295848e+02 8.848354571322528273e+01
6.029865149078312214e+01 1.196213039712977917e+02 8.845849313373747691e+01
6.009755041445008317e+01 1.195225163924285567e+02 8.864635655078559751e+01
5.992651243350240975e+01 1.193265495484349827e+02 8.873487566497587409e+01
5.965625386613881176e+01 1.191553878510454041e+02 8.889044909068415734e+01
5.962625262897439171e+01 1.191555734257082833e+02 8.875528887789187138e+01
5.951280465173821455e+01 1.193061363355189854e+02 8.893863664481008868e+01
5.938228380551775132e+01 1.194425955709513829e+02 8.921007051837189294e+01
5.931541506866262381e+01 1.195585797352468092e+02 8.949826796981318466e+01
5.933360138562414932e+01 1.197806507484844758e+02 8.958647779289867685e+01
5.933186935543734108e+01 1.199362241741927448e+02 8.979753804280588270e+01
5.942057404429048972e+01 1.200625386613881034e+02 8.995552393913150979e+01
5.955090931584807379e+01 1.202014103674378305e+02 9.001942348138067018e+01
5.965730545589509148e+01 1.201636149944327627e+02 8.998762835580848218e+01
5.969646170976123045e+01 1.200334034393170839e+02 8.990356303352714917e+01
5.969386366448100745e+01 1.199807002350612350e+02 8.970833848818507761e+01
5.975596931832240699e+01 1.199449461833477670e+02 8.960899418532723359e+01
5.953631077570209129e+01 1.197581962142768788e+02 8.958109612767536589e+01
5.950791785228256714e+01 1.197156996164790286e+02 8.960664357293084947e+01
5.949362860324136904e+01 1.197311023134974590e+02 8.960794259557094676e+01
5.943548187554125661e+01 1.196441296548311328e+02 8.949659779784732905e+01
5.930483731287888105e+01 1.196492020289496452e+02 8.951268093529630221e+01
5.952356798218482936e+01 1.194933811703575373e+02 8.929493999752567390e+01
5.973190647036991408e+01 1.194780403315600665e+02 8.934430285784981152e+01
5.971656563157243625e+01 1.194124706173450505e+02 8.930298156625015338e+01
5.993585302486700783e+01 1.189645552393913164e+02 8.926036125201039795e+01
5.984733391067673125e+01 1.190121242113076789e+02 8.914264505752814216e+01
5.974576271186440835e+01 1.189060992205864125e+02 8.923469009031300914e+01
5.965433626128912437e+01 1.189141407893109061e+02 8.924780403315600097e+01
5.946331807497216460e+01 1.188964493381170371e+02 8.916169738958308244e+01
5.939484102437214119e+01 1.187656810590127492e+02 8.914270691574910188e+01
5.938024248422615159e+01 1.188453544476060841e+02 8.915619200791785204e+01
5.859983916862550757e+01 1.191287888160336479e+02 8.986100457750835346e+01
5.807027093900779136e+01 1.192332054930100185e+02 9.031362118025485586e+01
5.788512928368179900e+01 1.191886057156996230e+02 9.046102932079674019e+01
5.756946678213534341e+01 1.192341952245453456e+02 9.048113324260793888e+01
5.755090931584807379e+01 1.192744030681677572e+02 9.054459977731040965e+01
5.769924532970431841e+01 1.193179512557218800e+02 9.026994927625881360e+01
5.773413336632438586e+01 1.193018681182729210e+02 8.958097241123344645e+01
5.790690337745886751e+01 1.192917852282568418e+02 8.939879995051342121e+01
5.793659532351849606e+01 1.193133118891500715e+02 8.918848199925770359e+01
5.812359272547321609e+01 1.193632314734628181e+02 8.909427192873933166e+01
5.808926141284176481e+01 1.192356798218483220e+02 8.939731535321044475e+01
5.827916615118149224e+01 1.190961276753680522e+02 8.992298651490783357e+01
5.827811456142521251e+01 1.190733019918347111e+02 9.000049486576766355e+01
5.831244587405666380e+01 1.191694915254237230e+02 9.005697142150191326e+01
5.843102808363231304e+01 1.192123592725473173e+02 9.010651985648893003e+01
5.786799455647655321e+01 1.192147098849437157e+02 8.995917357416800542e+01
5.740492391438822040e+01 1.190592601756773519e+02 8.975516516144995194e+01
5.722714338735617901e+01 1.189442038846962788e+02 8.960101447482369963e+01
5.696474081405418843e+01 1.187721143139923328e+02 8.925776320673017494e+01
5.669114190275887921e+01 1.186024372139057306e+02 8.906272423605096833e+01
5.669510082890015923e+01 1.183512928368180184e+02 8.897302981566249969e+01
5.661369541012000184e+01 1.181779661016949206e+02 8.885475689719163483e+01
5.658610664357293274e+01 1.181438822219472939e+02 8.894791537795373415e+01
5.653204255845601978e+01 1.180732401336137514e+02 8.895014227390819883e+01
5.648354571322528983e+01 1.180132995175058710e+02 8.907262155140418258e+01
5.663540764567611063e+01 1.178554991958431231e+02 8.901589756278609400e+01
5.682661140665594246e+01 1.178069404923914334e+02 8.891154274403068314e+01
5.695335890139799773e+01 1.177519485339601601e+02 8.890480019794630095e+01
5.715155264134603641e+01 1.177881355932203320e+02 8.895849313373747691e+01
5.726784609674625415e+01 1.179343684275640243e+02 8.901057775578374276e+01
5.741271805022887520e+01 1.180071136954101263e+02 8.902455771372015647e+01
5.763058270444142295e+01 1.180777557837436547e+02 8.913367561548929530e+01
5.769176048496845510e+01 1.181289125324755673e+02 8.919101818631696688e+01
5.783483855004330110e+01 1.182750835085982857e+02 8.931640480019794381e+01
5.799208214771743286e+01 1.184084498329827966e+02 8.945212173697883884e+01
5.765445997773104381e+01 1.185179388840776937e+02 8.939422244216255820e+01
5.726982555981690126e+01 1.185528887789187138e+02 8.939818136830385242e+01
5.698020536929357860e+01 1.186117159470493618e+02 8.940449090684151656e+01
5.681485834467400764e+01 1.185842508969441980e+02 8.937498453544476718e+01
5.677792898676234046e+01 1.185084745762711833e+02 8.918526537176791180e+01
5.664901645428677313e+01 1.184555239391315098e+02 8.936898428801187322e+01
5.666132624025733122e+01 1.183460967462575724e+02 8.949251515526412959e+01
5.672380304342446777e+01 1.183876654707410552e+02 8.950773227761969508e+01
5.666089323271062739e+01 1.184401831003340391e+02 8.949072126685636874e+01
5.670635902511443760e+01 1.183922429790919182e+02 8.972708152913521928e+01
5.632314734628231889e+01 1.183922429790919182e+02 8.941080044537919491e+01
5.599820611159223205e+01 1.184520598787578933e+02 8.914066559445750215e+01
5.590387232463194067e+01 1.184554620809105501e+02 8.909878757886923495e+01
5.579506371396758624e+01 1.183784485958183836e+02 8.897686502536187447e+01
5.575244339972782370e+01 1.183703451688729444e+02 8.896913274774217939e+01
5.572343189409872366e+01 1.183907583817889417e+02 8.875071136954100837e+01
5.570710132376592583e+01 1.184445750340220229e+02 8.847494742051217997e+01
5.564165532599282216e+01 1.184539774836075736e+02 8.842187306693060123e+01
5.566528516639861124e+01 1.183903253742422379e+02 8.786848942224420966e+01
5.563788197451441420e+01 1.184190894469874991e+02 8.806563157243597573e+01
5.572578250649511489e+01 1.184302857849808248e+02 8.804614623283434582e+01
5.582024000989731860e+01 1.184047383397253554e+02 8.779667202771248924e+01
5.588135593220339103e+01 1.184194605963132432e+02 8.752771248298898854e+01
5.588741803785723050e+01 1.183328590869726611e+02 8.742045032784857028e+01
5.590368674996906861e+01 1.183487566497587551e+02 8.746381294073982815e+01
5.630984782877644790e+01 1.182648769021403012e+02 8.762804651738215966e+01
5.671446245205987680e+01 1.181871211183966324e+02 8.803915625386613897e+01
5.698997896820487341e+01 1.181800692812074658e+02 8.803445502907337072e+01
5.721699863911914008e+01 1.181613880984782838e+02 8.808084869479154122e+01
5.714901645428677313e+01 1.181588519114190206e+02 8.810274650501051497e+01
5.719404923914387950e+01 1.181258196214276808e+02 8.809223060744773193e+01
5.706408511691203955e+01 1.181211802548558722e+02 8.792478040331559441e+01
5.716893480143511397e+01 1.180910553012495399e+02 8.784566373871086853e+01
5.719602870221452662e+01 1.180548063837684083e+02 8.771328714586168473e+01
5.716144995669924356e+01 1.180183718916243976e+02 8.776530990968699086e+01
5.713633551899047092e+01 1.179633180749721646e+02 8.750946430780651042e+01
5.712829395026599144e+01 1.180142892490411981e+02 8.749461833477668904e+01
5.714815043919336546e+01 1.180134850921687502e+02 8.749628850674254466e+01
5.712421130768279198e+01 1.180246814301620617e+02 8.756043548187554393e+01
5.716559445750340274e+01 1.181740690337745860e+02 8.754713596436965872e+01
5.722479277495979488e+01 1.182620932821971991e+02 8.767771866881108167e+01
5.717462575776320932e+01 1.182533712730421911e+02 8.770611159223061293e+01
5.722522578250649161e+01 1.182645057528145429e+02 8.770759618953358938e+01
5.721539032537424418e+01 1.182019670914264537e+02 8.770530743535816498e+01
5.725621675120623877e+01 1.182820116293455470e+02 8.772930842508969818e+01
5.715922306074477177e+01 1.183858097241123346e+02 8.784164295434862879e+01
5.669027588766547154e+01 1.186002721761722114e+02 8.800080415687244795e+01
5.669169862674749538e+01 1.187459482865272804e+02 8.819856488927378280e+01
5.642873932945688153e+01 1.188437461338611882e+02 8.828052703204255636e+01
5.639267598663862202e+01 1.187811456142521394e+02 8.827662996412223606e+01
5.650835085982927097e+01 1.187581962142768788e+02 8.815155264134602930e+01
5.654057899294816281e+01 1.187551651614499519e+02 8.774817518248174508e+01
5.665823332920945177e+01 1.187804033156006369e+02 8.777229988865519772e+01
5.672337003587777104e+01 1.187949399975256739e+02 8.763887170604972709e+01
5.680582704441420105e+01 1.188829642459482869e+02 8.754589879995050694e+01
5.686620066806878526e+01 1.189574415439811901e+02 8.757682791042930148e+01
5.702616602746505237e+01 1.190397129778547622e+02 8.778677471235927499e+01
5.715136706668316435e+01 1.190697760732401349e+02 8.788432512680935815e+01
5.719472967957441512e+01 1.191242731659037446e+02 8.801379438327353455e+01
5.704719782259062555e+01 1.192461957194111051e+02 8.809253989855251632e+01
5.723605097117406615e+01 1.192358653965112012e+02 8.806216751206235926e+01
5.735444760608685044e+01 1.192957441543981219e+02 8.806526042311023161e+01
5.741797599901026672e+01 1.193910676728937261e+02 8.811177780527032155e+01
5.747439069652357091e+01 1.194219967833725065e+02 8.801218606952863865e+01
5.762266485215884870e+01 1.195068044043053277e+02 8.808437461338611740e+01
5.811097364839787360e+01 1.193842014103674387e+02 8.828726957812693854e+01
5.830626005196090489e+01 1.194362241741927448e+02 8.831034269454410435e+01
5.848948410243721696e+01 1.193908202400099015e+02 8.843047135964368977e+01
5.870029691946059813e+01 1.194498329828034144e+02 8.846127675368056487e+01
5.877588766547074073e+01 1.195026599035011685e+02 8.851200049486577370e+01
5.896152418656439664e+01 1.195715081034269502e+02 8.860744772980329742e+01
5.898874180378572163e+01 1.196728318693554343e+02 8.862699492762588704e+01
5.896331807497216460e+01 1.196653470246195781e+02 8.854998144253370640e+01
5.889490288259309381e+01 1.197190399604107398e+02 8.856123963874799188e+01
5.895632809600395774e+01 1.198680564146975200e+02 8.869268835828282249e+01
5.884461214895459591e+01 1.198774588642830565e+02 8.904057899294816991e+01
5.872510206606457928e+01 1.200462080910553055e+02 8.912136582951873720e+01
5.865538785104540409e+01 1.200562909810713847e+02 8.922163800569096281e+01
5.846474081405418843e+01 1.197166893480143557e+02 8.924823704070270480e+01
5.851855746628726962e+01 1.197870221452430997e+02 8.933929234195224467e+01
5.851088704688853426e+01 1.198539527403191869e+02 8.926407274526783908e+01
5.836514907831250554e+01 1.197167512062353154e+02 8.933669429667202166e+01
5.838358282815786282e+01 1.197078436224174141e+02 8.934758134356056303e+01
5.822485463318074750e+01 1.197491649140170722e+02 8.948267969813187506e+01
5.827397006062105334e+01 1.197741556352839325e+02 8.950519609056043180e+01
5.829995051342323364e+01 1.198014969689471769e+02 8.924502041321291301e+01
5.833310651985648576e+01 1.197886304589879956e+02 8.894537919089447087e+01
5.832920945193616546e+01 1.198746752443399686e+02 8.886403563033526609e+01
5.839756278609426943e+01 1.199863911913893304e+02 8.877093900779414071e+01
5.837900531980699981e+01 1.200750958802424861e+02 8.870054435234442280e+01
5.847469998762835530e+01 1.201433254979586849e+02 8.898354571322528273e+01
5.836205616726462608e+01 1.201730793022392731e+02 8.898014351107262598e+01
5.847865891376964242e+01 1.201763577879500247e+02 8.917233700358777071e+01
5.848799950513423340e+01 1.201943585302486639e+02 8.946733885933440433e+01
5.859185945812198781e+01 1.203653965111963373e+02 8.966646047259681040e+01
5.864975875293826846e+01 1.203654583694172970e+02 8.970592601756773377e+01
5.865903748608189971e+01 1.202432883830260977e+02 8.954596065817146666e+01
5.874650501051589657e+01 1.201115922306074424e+02 8.945317332673512567e+01
5.876184584931337440e+01 1.200559198317456406e+02 8.934232339477917151e+01
5.875374242236793521e+01 1.199828652727947542e+02 8.940115056290980533e+01
5.819380180626005483e+01 1.199122850426821714e+02 8.929067178027959528e+01
5.782296177161944684e+01 1.197496597797847357e+02 8.906037362365458421e+01
5.774192750216504066e+01 1.197683409625139177e+02 8.920697760732400639e+01
5.764579982679698134e+01 1.199599158728194936e+02 8.940783125077322779e+01
5.764914017072869257e+01 1.200337745886428280e+02 8.939966596560682888e+01
5.766256340467648300e+01 1.199774217493504835e+02 8.966268712111839534e+01
5.777174316466658155e+01 1.198524062847952507e+02 8.995843127551651719e+01
5.800983545713225453e+01 1.199166769763701552e+02 9.014994432760113341e+01
5.812272671037980842e+01 1.200343931708524110e+02 9.053235184956081127e+01
5.831170357540516846e+01 1.200757763206730147e+02 9.064140789310899038e+01
5.836552022763824965e+01 1.200980452802177467e+02 9.063608808610663914e+01
5.850383520969936768e+01 1.201584189038723309e+02 9.055802301125820009e+01
5.870388469627613404e+01 1.202754546579240440e+02 9.053563033527156279e+01
5.887745886428306363e+01 1.203107138438698485e+02 9.041154274403068314e+01
5.900717555363107891e+01 1.204394408016825366e+02 9.056204379562043982e+01
5.877421749350488511e+01 1.204485339601633029e+02 9.040405789929481273e+01
5.872176172213286804e+01 1.204451936162315917e+02 9.048051466039837010e+01
5.858604478535197302e+01 1.203881603365087187e+02 9.056427069157490450e+01
5.862384015835704787e+01 1.205072992700729912e+02 9.068433749845354441e+01
5.855666213039712886e+01 1.206255721885438561e+02 9.068340962513917702e+01
5.837795373005072719e+01 1.207148336013856209e+02 9.073778300136088149e+01
5.807917852282568560e+01 1.209004082642583171e+02 9.099078312507732846e+01
5.784430285784981152e+01 1.210699616479029999e+02 9.109909686997401934e+01
5.773592725473215381e+01 1.211325621675120630e+02 9.119151305208461622e+01
5.772627737226277134e+01 1.212290609922058593e+02 9.124297909192131328e+01
5.776834096251391770e+01 1.211843374984535444e+02 9.119472967957442222e+01
5.794909068415192621e+01 1.212480514660398399e+02 9.128603241370778676e+01
5.789267598663862202e+01 1.211662748979339312e+02 9.122516392428553900e+01
5.792706915749103302e+01 1.210476308301373223e+02 9.114004701224793337e+01
5.788451070147222310e+01 1.209299764938760404e+02 9.103699121613261980e+01
5.772955585797352285e+01 1.207703822838055174e+02 9.105004330075466612e+01
5.760212792280093907e+01 1.206835333415810965e+02 9.102220710132377235e+01
5.755047630830136995e+01 1.205931584807620993e+02 9.102412470617345264e+01
5.753037238649016416e+01 1.206424594828652772e+02 9.111388098478288100e+01
5.763522207101323858e+01 1.207264010887046908e+02 9.118279104292960824e+01
5.781473462823209530e+01 1.208592725473215381e+02 9.128726957812693854e+01
5.797346282320920352e+01 1.209617097612272687e+02 9.121353457874550941e+01
5.813064456266237556e+01 1.211724607200296902e+02 9.131640480019794381e+01
5.785784980823951429e+01 1.211039218112087070e+02 9.074174192750216150e+01
5.797420512186069175e+01 1.212279475442286270e+02 9.094841024372138349e+01
5.818427564023258469e+01 1.211722751453668252e+02 9.118279104292960824e+01
5.844284300383520758e+01 1.210595694667821363e+02 9.136044785351973019e+01
5.857020908078683874e+01 1.210016083137448959e+02 9.149981442533712084e+01
5.857540517134727054e+01 1.209011505629098053e+02 9.157688976865024699e+01
5.858746752443399686e+01 1.208639737721143206e+02 9.156705431151800667e+01
5.865761474699987588e+01 1.209086354076456757e+02 9.159897315353209990e+01
5.881287888160336763e+01 1.209023258691079974e+02 9.157719905975504560e+01
5.892465668687368208e+01 1.208505505381665159e+02 9.155424965977978502e+01
5.904818755412594555e+01 1.209176667079054823e+02 9.154429048620561105e+01
5.904849684523072995e+01 1.209025114437708766e+02 9.152554744525546937e+01
5.866955338364468986e+01 1.208118272918470808e+02 9.147686502536187447e+01
5.826079425955709468e+01 1.208285290115056227e+02 9.139224297909191819e+01
5.797117406903377201e+01 1.208842014103674387e+02 9.133186935543733398e+01
5.792880118767784126e+01 1.208713967586292171e+02 9.127873314363479551e+01
5.792855375479400948e+01 1.208851292836818061e+02 9.128034145737969141e+01
5.812730421873067144e+01 1.207698874180378539e+02 9.147488556229123446e+01
5.834170481256958851e+01 1.207377211431399218e+02 9.169844117283186335e+01
5.841803785723122644e+01 1.206843374984535444e+02 9.189082024000990145e+01
5.860169491525423524e+01 1.206980081652851595e+02 9.205641469751330419e+01
5.873116417171841874e+01 1.208188172708152877e+02 9.232722998886552546e+01
5.887541754299146390e+01 1.208342818260546778e+02 9.246851416553259639e+01
5.889162439688234230e+01 1.209008412718050209e+02 9.238092292465668720e+01
5.886793269825560060e+01 1.209063466534702513e+02 9.234238525300011702e+01
5.881034269454410435e+01 1.209353581590993514e+02 9.223617468761598559e+01
5.879549672151429007e+01 1.208722627737226247e+02 9.231065198564888874e+01
5.910299393789434674e+01 1.207810218978102199e+02 9.237046888531486388e+01
5.959377706297166810e+01 1.206265000618582235e+02 9.251818631696151840e+01
5.990875912408758808e+01 1.205921068910058125e+02 9.237207719905975978e+01
6.004014598540145897e+01 1.204815662501546427e+02 9.228077446492639524e+01
6.010924161821105827e+01 1.203669429667202735e+02 9.237993319312136009e+01
5.955901274279352009e+01 1.203769021402944475e+02 9.208220957565259823e+01
5.928300136088085992e+01 1.205053198070023512e+02 9.162643820363726377e+01
5.912408759124087254e+01 1.206237783001360810e+02 9.150303105282692684e+01
5.911369541012000184e+01 1.206326858839539824e+02 9.146925646418408462e+01
5.886997401954720033e+01 1.205959421007051873e+02 9.135395274031918689e+01
5.880978597055548818e+01 1.206712235556105384e+02 9.149010268464678575e+01
5.887912903624891925e+01 1.207294321415316034e+02 9.166794506989978686e+01
5.893139923295805715e+01 1.208535815909934428e+02 9.180458987999504927e+01
5.882172460720029505e+01 1.210494865767660571e+02 9.194915254237288593e+01
5.885085982927130743e+01 1.211190770753433128e+02 9.196344179141408404e+01
5.896535939626376432e+01 1.211454905356921898e+02 9.196189533589013365e+01
5.899734009649882438e+01 1.211834096251391770e+02 9.208121984411728533e+01
5.908672522578250863e+01 1.212320920450327861e+02 9.198923666955337808e+01
5.918087343807992085e+01 1.213238896449338142e+02 9.212990226401088023e+01
5.927001113447977332e+01 1.214336879871334958e+02 9.213800569095633364e+01
5.956668316219225545e+01 1.214413584065322311e+02 9.239261412841766230e+01
5.998175182481751477e+01 1.214485339601633029e+02 9.260045775083509056e+01
6.007225040207843847e+01 1.213926759866386220e+02 9.273772114313992176e+01
6.017048125695905014e+01 1.213080539403686799e+02 9.282147717431647038e+01
6.020524557713719815e+01 1.212150191760485001e+02 9.303105282692069977e+01
6.007633304466163793e+01 1.212427316590374886e+02 9.247321539032537885e+01
5.994482246690585470e+01 1.212517629592972952e+02 9.187368551280465567e+01
5.983836446863788439e+01 1.212761969565755322e+02 9.151954719782258962e+01
5.979834219967833775e+01 1.212119262650006135e+02 9.150154645552393617e+01
5.981696152418656709e+01 1.212926512433502353e+02 9.116373871087468217e+01
5.992935791166645743e+01 1.213639737721143206e+02 9.143746133861189662e+01
6.003525918594581157e+01 1.215342075961895318e+02 9.160707658047753910e+01
6.015810961276753943e+01 1.216154892985277769e+02 9.178757886923172293e+01
5.997469998762835530e+01 1.215138562414944943e+02 9.183502412470618026e+01
6.005771372015340859e+01 1.215997154521835881e+02 9.175300012371644698e+01
6.012155140418161636e+01 1.217042558456018781e+02 9.212971668934801528e+01
6.016318198688605889e+01 1.218272918470864710e+02 9.244352344426573609e+01
6.012247927749597665e+01 1.218104664109860238e+02 9.264938760361252434e+01
6.000791785228256714e+01 1.218691080044537927e+02 9.272980329085736173e+01
5.992935791166645743e+01 1.218135593220338961e+02 9.279945564765557720e+01
6.003563033527155568e+01 1.218238277867128545e+02 9.255387851045404091e+01
6.028541383149820376e+01 1.218599529877520666e+02 9.226029939378943823e+01
6.039304713596436613e+01 1.217587529382655021e+02 9.211159223060744239e+01
6.052468143016206881e+01 1.217439069652356807e+02 9.212680935296300788e+01
6.063280960039589473e+01 1.217526908326116484e+02 9.214573796857602872e+01
6.042440925398985740e+01 1.219312755165161519e+02 9.231986886057157449e+01
6.005573425708276858e+01 1.221097983421996815e+02 9.239422244216255820e+01
5.994271928739329525e+01 1.221819868860571603e+02 9.236991216132624061e+01
5.992007917852282617e+01 1.221887912903624880e+02 9.252604231102313292e+01
5.991915130520845878e+01 1.222032042558456055e+02 9.249480390943956820e+01
5.989317085240628558e+01 1.222234937523196834e+02 9.255010515897562584e+01
5.999523691698626493e+01 1.222354942471854571e+02 9.261579858963256129e+01
5.993047135964369687e+01 1.221222318446121449e+02 9.261202523815414622e+01
5.995632809600395774e+01 1.220887046888531415e+02 9.257058023011258285e+01
6.005505381665223297e+01 1.220167017196585419e+02 9.258295187430410067e+01
6.008845725596931686e+01 1.220509711740690335e+02 9.265817147098849205e+01
6.008499319559569329e+01 1.220097735989112948e+02 9.265532599282444437e+01
6.009631325003093139e+01 1.220413831498206179e+02 9.277279475442286127e+01
6.013695410120004681e+01 1.221153037238648977e+02 9.275850550538166317e+01
6.009798342199677990e+01 1.221191389335642725e+02 9.277013485092169276e+01
5.956556971421501601e+01 1.222810218978102199e+02 9.260503525918593937e+01
5.892360509711740946e+01 1.224466782135345824e+02 9.247117406903377912e+01
5.873512309785970587e+01 1.224584931337374769e+02 9.242255350736112973e+01
5.859854014598540317e+01 1.225145366819250228e+02 9.229438327353705063e+01
5.858282815786218123e+01 1.226046641098601953e+02 9.244841024372138349e+01
5.866769763701596219e+01 1.226185203513546895e+02 9.262260299393788898e+01
5.859458121984411605e+01 1.226379438327353739e+02 9.292904862056167303e+01
5.861468514165532895e+01 1.226547074106148756e+02 9.321044166769763706e+01
5.868965730545589565e+01 1.226356550785599353e+02 9.352777434120994826e+01
5.883749845354447672e+01 1.226595323518495633e+02 9.353692935791166008e+01
5.927935172584436430e+01 1.228380551775330929e+02 9.311350983545713689e+01
5.965755288877891616e+01 1.228934801435110700e+02 9.251299022640108660e+01
5.988339725349499076e+01 1.229756897191636824e+02 9.248744278114561723e+01
6.005548682419893680e+01 1.229867623407150745e+02 9.250117530619819206e+01
6.019120376097983183e+01 1.229701224792774923e+02 9.237609798342199952e+01
6.009260175677347604e+01 1.230325992824446359e+02 9.226302115551156646e+01
5.991321291599653875e+01 1.230620437956204398e+02 9.211715947049363251e+01
5.987758258072497597e+01 1.230182481751824781e+02 9.202573301991834853e+01
5.967116169738958575e+01 1.230481256959049858e+02 9.199511320054435259e+01
5.963367561548929530e+01 1.231253247556600314e+02 9.205189904738340090e+01
5.953278485710750800e+01 1.231378201162934545e+02 9.197500927873313969e+01
5.949282444636892109e+01 1.232036991216132691e+02 9.175949523691699028e+01
5.930236298404057749e+01 1.232680935296300930e+02 9.164660398366943639e+01
5.932271433873561506e+01 1.232773104045527646e+02 9.169578126933069484e+01
5.911740690337745718e+01 1.233424471112210767e+02 9.176821724607199826e+01
5.965693430656934027e+01 1.232711864406779654e+02 9.190282073487566095e+01
6.010571569961648208e+01 1.232075343313126297e+02 9.185518990473833867e+01
6.029395026599034679e+01 1.231447482370407016e+02 9.177069157491030182e+01
6.045236916986267772e+01 1.231288506742546076e+02 9.178361994309044292e+01
6.050000000000000000e+01 1.231961524186564390e+02 9.196251391809971665e+01
6.056451812445874339e+01 1.231560064332549729e+02 9.190752195966844340e+01
6.049263887170604903e+01 1.232272052455771387e+02 9.185481875541259456e+01
6.042750216503773686e+01 1.232877025856736424e+02 9.178733143634788405e+01
6.002789805765186060e+01 1.232332673512309782e+02 9.145069899789682211e+01
6.006847705060002340e+01 1.232614746999876303e+02 9.148781393047136135e+01
6.020072992700730197e+01 1.232204008412718110e+02 9.154626994927626527e+01
6.036329333168377786e+01 1.231039836694296667e+02 9.170227638253123814e+01
6.064394408016825366e+01 1.230730545589508864e+02 9.177731040455276457e+01
6.070320425584559842e+01 1.228419522454534274e+02 9.198564889273784217e+01
6.073036001484597080e+01 1.227385871582333294e+02 9.175448472101942343e+01
6.097259680811579585e+01 1.228010639614004731e+02 9.142280094024495440e+01
6.116132624025733122e+01 1.227878881603365073e+02 9.118173945317332141e+01
6.127737226277372429e+01 1.227280094024495867e+02 9.086589137696400087e+01
6.142515155264134563e+01 1.227300507237411864e+02 9.069720400841271157e+01
6.159464307806507577e+01 1.228228380551775274e+02 9.055171347272052174e+01
6.160639614004701059e+01 1.229058517877025878e+02 9.113157243597673585e+01
6.167697637015959344e+01 1.228879747618458538e+02 9.172225658790053160e+01
6.166862551033032247e+01 1.228371891624396852e+02 9.196381294073982815e+01
6.171885438574786775e+01 1.228766547074106086e+02 9.231393047135964025e+01
6.180650748484473667e+01 1.229662872695781317e+02 9.243919336879871196e+01
6.154818755412594555e+01 1.229583694172955575e+02 9.229395026599034679e+01
6.142750216503773686e+01 1.229661016949152526e+02 9.219701843374984662e+01
6.138970679203266201e+01 1.228700977359891198e+02 9.203080539403686089e+01
6.134974638129407509e+01 1.228102189781021849e+02 9.190696523567982013e+01
6.136496350364963348e+01 1.227909192131634342e+02 9.185883953977483429e+01
6.110577755783743470e+01 1.227775578374365892e+02 9.179772361746876186e+01
6.105288877891872090e+01 1.227605468266732629e+02 9.162779908449833499e+01
6.089929481628108476e+01 1.227181739453173321e+02 9.152307311641716581e+01
6.067264629469256221e+01 1.225927254732153955e+02 9.119448224669058334e+01
6.061895335890140046e+01 1.226251391809971523e+02 9.118990473833972032e+01
6.061221081281702538e+01 1.225748484473586473e+02 9.131034269454410435e+01
6.044080168254360785e+01 1.225914264505752840e+02 9.127997030805394729e+01
6.054719782259062555e+01 1.226219844117283202e+02 9.136978844488432117e+01
6.054880613633552144e+01 1.226844612148954639e+02 9.143065693430656893e+01
6.064697513299517340e+01 1.227314116046022576e+02 9.161901521712235308e+01
6.037677842385252802e+01 1.228018062600519613e+02 9.141723370035877849e+01
5.991376963998515492e+01 1.230129283681801269e+02 9.140257330199183627e+01
5.996121489545960515e+01 1.231222318446121449e+02 9.149703080539403288e+01
5.998292713101571394e+01 1.233199925770134797e+02 9.154175429914636197e+01
6.009928244463689140e+01 1.235157738463441746e+02 9.174025733019918505e+01
6.024390696523568067e+01 1.235750340220215264e+02 9.197012247927749229e+01
6.039508845725596586e+01 1.235759000371149341e+02 9.222720524557713873e+01
6.061029320796733799e+01 1.236574910305579635e+02 9.259792156377582728e+01
6.072374118520351516e+01 1.236912656192007915e+02 9.283038475813435753e+01
6.084219967833725207e+01 1.236200668068786399e+02 9.292595570951380068e+01
6.104163058270444253e+01 1.235835085982927097e+02 9.346634912779909143e+01
6.104014598540145897e+01 1.235661882964245990e+02 9.367456389954224960e+01
6.102740319188420415e+01 1.235398366942966675e+02 9.384417914140789208e+01
6.100024743288383178e+01 1.234615860447853493e+02 9.398676234071507452e+01
6.095570951379438185e+01 1.234254608437461371e+02 9.393603859952987989e+01
6.093207967338859277e+01 1.233120128665099600e+02 9.350414450080415918e+01
6.099041197575157724e+01 1.233343436842756375e+02 9.325924780403315140e+01
6.086391191389335376e+01 1.232687121118396618e+02 9.281269330694048847e+01
6.070802919708029322e+01 1.232106891005814617e+02 9.267771866881108167e+01
6.073085488061363435e+01 1.230769516268712067e+02 9.241463565507855549e+01
6.040282073487566805e+01 1.228846344179141425e+02 9.214833601385623751e+01
5.993665718173945578e+01 1.228713967586292171e+02 9.180341457379685721e+01
5.969522454534207867e+01 1.228462204626994918e+02 9.159204503278485276e+01
5.948936038599529752e+01 1.227128541383149809e+02 9.150000000000000000e+01
5.926970184337498182e+01 1.225951379438327393e+02 9.134120994680192496e+01
5.923784485958184121e+01 1.224944946183347696e+02 9.145001855746629360e+01
5.926450575281455002e+01 1.225085364344921430e+02 9.160348880366200319e+01
5.934120994680193206e+01 1.225696523567982155e+02 9.178287764443894048e+01
5.925114437708771220e+01 1.223165285166398633e+02 9.187430409501422446e+01
5.933069404923914192e+01 1.224195843127551626e+02 9.197179265124334790e+01
5.947500927873314680e+01 1.225580848694791598e+02 9.185896325621675373e+01
5.948218483236421861e+01 1.226951626871211118e+02 9.189335642706915053e+01
5.955356921934924941e+01 1.226519856488927331e+02 9.187504639366571269e+01
5.940418161573673217e+01 1.225431770382283787e+02 9.166689348014351424e+01
5.921761722132871597e+01 1.225472596808115782e+02 9.156977607324013491e+01
5.927959915872819607e+01 1.226035506618829629e+02 9.145719411109736541e+01
5.934838550043301098e+01 1.225786836570580220e+02 9.132407521959667918e+01
5.931436347890634408e+01 1.224381417790424393e+02 9.119850303105282308e+01
5.921526660893232474e+01 1.223745515278980633e+02 9.103977483607570775e+01
5.925813435605591906e+01 1.224677100086601484e+02 9.114920202894964518e+01
5.976116540888283879e+01 1.225756526042310952e+02 9.125058765309910314e+01
6.040529506371396451e+01 1.224829271310157139e+02 9.112581962142768077e+01
6.071099839168625323e+01 1.224682667326487717e+02 9.116120252381541889e+01
6.073308177656810614e+01 1.224505134232339429e+02 9.110447853519733030e+01
6.082611654088828601e+01 1.224057280712606683e+02 9.092311023134975301e+01
6.056835333415811107e+01 1.224395645181244561e+02 9.093529630087839166e+01
6.036273660769516169e+01 1.224714833601385635e+02 9.097859705554867560e+01
5.987591240875912746e+01 1.223162810837560244e+02 9.084751948533960331e+01
5.982110602499071916e+01 1.222682791042929580e+02 9.076438203637263769e+01
5.965749103055796354e+01 1.222026475318569823e+02 9.084176667079054823e+01
5.884201410367438001e+01 1.223627984659161143e+02 9.108134356055920478e+01
5.859513794383273222e+01 1.224461214895459591e+02 9.134281826054682085e+01
5.822200915501669982e+01 1.225546208091055291e+02 9.141308919955461931e+01
5.814951132005443668e+01 1.226564394408016767e+02 9.172906099220585929e+01
5.812748979339354349e+01 1.227232463194358587e+02 9.184832364221205125e+01
5.825547445255474344e+01 1.228292094519361655e+02 9.189638747989607737e+01
5.853643449214400363e+01 1.228605715699616496e+02 9.203173326735122828e+01
5.856822961771619163e+01 1.228073734999381372e+02 9.203123840158356472e+01
5.864412965483112572e+01 1.228329209451936208e+02 9.205035259185946472e+01
5.874904119757515986e+01 1.228058270444142011e+02 9.205926017567735187e+01
5.835890139799579401e+01 1.228032908573549378e+02 9.225504144500804671e+01
5.796201905233205309e+01 1.228233329209451909e+02 9.247828776444389121e+01
5.784888036620066742e+01 1.227338859334405612e+02 9.235104540393417949e+01
5.761289125324755389e+01 1.227278856860076672e+02 9.262229370283310459e+01
5.744036867499690402e+01 1.227724854633180769e+02 9.255740442904861709e+01
5.763181986886057473e+01 1.227656192007917895e+02 9.231758010639613588e+01
5.761740690337745718e+01 1.226746257577632093e+02 9.198360757144624245e+01
5.759464307806507577e+01 1.225525794878139294e+02 9.183502412470618026e+01
5.771687492267722064e+01 1.225196090560435493e+02 9.176660893232710237e+01
5.781696152418656709e+01 1.225054435234442707e+02 9.177155759000370949e+01
5.793857478658913607e+01 1.224396882345663755e+02 9.206649758752938340e+01
5.784918965730545892e+01 1.223624273165903702e+02 9.209216874922677221e+01
5.770648274155634994e+01 1.223172089570703918e+02 9.215099591735742024e+01
5.759996288506742701e+01 1.222276382531238426e+02 9.213775825807249475e+01
5.781844612148954354e+01 1.221339849065940797e+02 9.217017196585426575e+01
5.788098478287764692e+01 1.221162315971792651e+02 9.211703575405171307e+01
5.798131881727081804e+01 1.222522578250649445e+02 9.200630953853767835e+01
5.801954719782258962e+01 1.223031052826920728e+02 9.200024743288382467e+01
5.812724236050971172e+01 1.223613757268340976e+02 9.213738710874675064e+01
5.815588271681306765e+01 1.224591735741680054e+02 9.221984411728318776e+01
5.836094271928739374e+01 1.225198564889273740e+02 9.238686131386860723e+01
5.824378324879376123e+01 1.224687615984164353e+02 9.241098602004205986e+01
5.829642459482865036e+01 1.223131881727081520e+02 9.235382902387726745e+01
5.831912656192007915e+01 1.221404181615736775e+02 9.235698379314611373e+01
5.831993071879252710e+01 1.220264134603488770e+02 9.227304218730670016e+01
5.819837931461091074e+01 1.218051466039836725e+02 9.200927873314363126e+01
