3.593985967256932668e+01 7.957601069161376017e+01 7.393384563982625934e+01
3.621884396926161287e+01 7.998329435349147332e+01 7.441730704978282063e+01
3.633227530905445946e+01 8.009672569328432701e+01 7.453073838957567432e+01
3.578149014366856306e+01 7.936585365853657947e+01 7.366388239224858125e+01
3.527413965920481331e+01 7.928683595055129274e+01 7.342248580020046234e+01
3.518142332108252646e+01 7.978850651520214399e+01 7.376010691613765857e+01
3.386602071500166744e+01 8.004443701971266023e+01 7.345773471433344071e+01
3.366906114266622296e+01 7.976996324757767809e+01 7.290928833945874032e+01
3.372953558302706512e+01 8.011042432342131292e+01 7.302121617106581652e+01
3.392716338122285435e+01 8.052288673571666777e+01 7.339492148346141676e+01
3.356682258603407831e+01 8.009137988640159733e+01 7.279669228199131226e+01
3.358670230537921952e+01 7.987871700634813976e+01 7.249615770130303360e+01
3.377915135315736705e+01 8.028433010357500166e+01 7.287938523220849163e+01
3.396257935182091359e+01 8.032676244570664892e+01 7.295422652856665025e+01
3.392482459071165835e+01 8.004944871366521397e+01 7.224056130972269330e+01
3.409689274974941497e+01 8.005045105245572756e+01 7.218409622452388419e+01
3.435015035081857349e+01 8.020648179084530227e+01 7.252489141329769495e+01
3.447711326428332512e+01 8.037621115937186289e+01 7.272201804209822740e+01
3.424089542265285502e+01 8.000801871032409451e+01 7.225025058469762484e+01
3.418543267624457371e+01 7.989241563648512567e+01 7.241997995322418546e+01
3.420447711326428220e+01 8.007818242565987532e+01 7.270798529903106555e+01
3.427998663548279268e+01 8.000066822586033766e+01 7.283962579351820921e+01
3.401319746074172912e+01 7.954209822920147133e+01 7.241546942866689562e+01
3.405963915803541653e+01 7.965068493150684503e+01 7.239508853992649051e+01
3.395723354493819102e+01 7.974607417307049673e+01 7.250317407283661453e+01
3.394386902773137393e+01 7.979752756431673788e+01 7.227597728032074542e+01
3.380454393585031880e+01 7.960407617774808386e+01 7.205880387570998380e+01
3.380938857333779168e+01 7.986685599732709306e+01 7.214784497160040644e+01
3.385800200467758003e+01 8.001703975943868841e+01 7.234046107584363483e+01
3.396324757768125835e+01 8.004343468092214664e+01 7.219378549949882995e+01
3.390862011359839556e+01 7.982876712328767610e+01 7.206298028733712613e+01
3.411894420314066423e+01 7.991212829936517892e+01 7.227798195790177260e+01
3.418092215168726966e+01 8.007300367524223361e+01 7.219629134647510682e+01
3.426595389241563794e+01 8.007450718342799689e+01 7.204878048780487632e+01
3.416037420648179079e+01 7.986267958569996495e+01 7.172870030070163239e+01
3.424624122953558469e+01 7.997728032074840598e+01 7.184797861677246544e+01
3.441212829936518602e+01 8.013247577681256928e+01 7.199983294353491203e+01
3.432275309054460166e+01 8.007517540928833455e+01 7.180888740394253489e+01
3.430003341129301475e+01 7.995222185098563727e+01 7.170798529903106555e+01
3.458336117607751703e+01 8.035182091546943184e+01 7.161276311393251603e+01
3.449432008018710150e+01 8.049064483795523017e+01 7.170681590377547820e+01
3.448680253925827088e+01 8.045238890745072524e+01 7.157901770798530094e+01
3.417390578015368874e+01 8.038406281323086944e+01 7.164433678583361598e+01
3.424607417307049673e+01 8.035399264951553278e+01 7.215519545606414908e+01
3.437203474774473477e+01 8.046191112596056882e+01 7.242014700968927343e+01
3.440962245238890915e+01 8.025826929502171936e+01 7.231974607417306800e+01
3.417641162712997271e+01 8.011493484797861697e+01 7.218108920815235763e+01
3.446708987637821764e+01 8.054560641496826179e+01 7.252856665552957338e+01
3.453708653524891758e+01 8.050267290344136484e+01 7.250467758102239202e+01
3.462963581690611647e+01 8.011376545272301541e+01 7.215385900434347377e+01
3.454276645506180898e+01 8.010173738723688075e+01 7.193802205145338746e+01
3.468660207150016817e+01 8.034547276979618857e+01 7.219846308052122197e+01
3.458402940193785469e+01 8.020414300033411337e+01 7.201937854994987731e+01
3.457500835282325369e+01 7.995055128633478603e+01 7.162612763113932601e+01
3.457951887738055774e+01 7.990026729034413222e+01 7.167307049782826311e+01
3.473321082525893644e+01 8.010942198463079933e+01 7.191964584029402374e+01
3.460357500835281996e+01 8.003324423655195119e+01 7.184346809221517560e+01
3.468342799866354653e+01 7.984246575342466201e+01 7.174356832609421986e+01
3.478132308720347510e+01 7.992298696959572624e+01 7.171516872702973444e+01
3.462996992983628530e+01 7.991129301703975329e+01 7.176161042432342185e+01
3.433277647844971625e+01 7.977748078850650870e+01 7.151486802539258747e+01
3.434898095556297903e+01 7.979234881389909617e+01 7.142415636485131358e+01
3.434747744737721575e+01 7.991045773471432767e+01 7.143133979284998247e+01
3.449465419311727032e+01 8.014650851987971691e+01 7.166137654527230438e+01
3.453925826929501852e+01 7.998195790177079800e+01 7.160040093551620544e+01
3.465903775476110837e+01 8.010173738723688075e+01 7.172018042098228818e+01
3.471266288005345757e+01 8.016271299699297970e+01 7.180187103240895397e+01
3.454477113264283616e+01 8.010574674239893511e+01 7.170213832275308619e+01
3.400818576678917537e+01 8.001754092883395231e+01 7.158519879719345624e+01
3.398613431339792612e+01 8.021333110591379523e+01 7.167474106247911436e+01
3.393969261610424581e+01 8.047494153023721708e+01 7.182809889742732423e+01
3.382308720347477760e+01 8.042315402606081420e+01 7.179903107250250116e+01
3.372970263949214598e+01 8.029435349148012335e+01 7.168827263615101231e+01
3.390410958904109862e+01 8.051954560641496528e+01 7.189274974941530161e+01
3.382692950217173689e+01 8.044236551954560355e+01 7.182492482459070970e+01
3.396892749749414975e+01 8.043200801871032013e+01 7.177447377213498214e+01
3.389859672569328097e+01 8.047260273972602818e+01 7.178499832943535353e+01
3.389258269295021364e+01 8.059288339458737482e+01 7.163397928499833256e+01
3.386034079518877604e+01 8.068225860340794497e+01 7.151085867023053311e+01
3.365369194787838580e+01 8.077530905446040776e+01 7.086384898095556650e+01
3.367006348145672945e+01 8.073822251921149018e+01 7.093501503508186090e+01
3.374022719679251736e+01 8.094203140661544182e+01 7.096107584363514320e+01
3.368209154694286411e+01 8.089525559639157848e+01 7.078533244236551525e+01
3.362963581690611647e+01 8.068676912796524903e+01 7.078098897427329916e+01
3.364834614099565613e+01 8.064132976946207521e+01 7.098279318409622363e+01
3.354009355162045125e+01 8.053942532576010649e+01 7.099281657200133111e+01
3.352873371199465424e+01 8.038372870030070771e+01 7.077297026394921886e+01
3.364082860006682552e+01 8.044370197126629307e+01 7.090778483127297704e+01
3.354293351152689695e+01 8.046207818242565679e+01 7.101169395255595873e+01
3.347861677246909551e+01 8.039174741062478802e+01 7.092131640494487499e+01
3.341079184764450360e+01 8.026110925492817216e+01 7.088957567657868708e+01
3.341697293685265890e+01 8.033812228533244593e+01 7.105880387570998380e+01
3.334847978616772224e+01 8.045472769796191415e+01 7.112395589709321087e+01
3.317023053792181742e+01 8.035198797193451981e+01 7.098112261944537238e+01
3.315569662545940588e+01 8.015235549615769628e+01 7.086735716672235696e+01
3.330955562980287255e+01 8.036167724690945136e+01 7.109538924156365169e+01
3.343083862345472568e+01 8.048563314400267643e+01 7.122335449381891692e+01
3.342114934847978702e+01 8.038640160374205834e+01 7.109806214500501653e+01
3.334680922151687099e+01 8.024189776144336861e+01 7.058402940193785469e+01
3.356030738389575419e+01 8.049749415302372313e+01 7.063915803541597427e+01
3.370197126628800532e+01 8.066321416638824360e+01 7.063113932509187975e+01
3.362211827597727876e+01 8.061476779151352900e+01 7.046140995656531913e+01
3.366187771466756118e+01 8.045673237554292712e+01 7.032676244570664892e+01
3.387704644169729562e+01 8.075275643167390172e+01 7.080788506515202130e+01
3.386936184430337704e+01 8.074807885065152391e+01 7.080621450050117005e+01
3.379936518543267709e+01 8.037437353825592368e+01 7.060925492816572557e+01
3.381673905780153433e+01 8.039375208820581520e+01 7.062796525225526523e+01
3.349599064483795274e+01 8.090694954894753721e+01 7.104493818910792413e+01
3.308436351486802351e+01 8.077898429669228619e+01 7.084046107584363483e+01
3.287570998997661320e+01 8.048379552288673722e+01 7.069127965252255308e+01
3.282074841296358159e+01 8.067674574006014154e+01 7.079568994320079867e+01
3.270297360507851891e+01 8.093117273638489451e+01 7.114433678583361598e+01
3.256615436017374066e+01 8.077330437687938058e+01 7.089926495155361863e+01
3.233711994654193234e+01 8.048646842632810205e+01 7.021216171065820788e+01
3.248396257935181808e+01 8.065870364183093955e+01 7.052004677581022918e+01
3.246675576344804881e+01 8.097761443367858192e+01 7.075275643167390172e+01
3.248496491814233167e+01 8.070581356498496461e+01 7.062395589709321087e+01
3.244336785833611714e+01 8.029903107250250116e+01 7.031774139659205503e+01
3.259254928165719889e+01 8.046024056130971758e+01 7.065669896424991236e+01
3.264650851987971691e+01 8.060374206481790793e+01 7.089442031406615286e+01
3.246374874707651514e+01 8.025091881055796250e+01 7.049381891079184470e+01
3.250116939525559445e+01 7.998696959572335174e+01 7.015369194787838580e+01
3.267657868359505358e+01 8.045706648847310305e+01 7.070130304042766056e+01
3.292415636485132069e+01 8.085900434346808652e+01 7.115870364183093955e+01
3.294837955228867088e+01 8.049365185432675673e+01 7.093100567991980654e+01
3.292432342131640155e+01 8.031924490477781831e+01 7.090628132308719955e+01
3.325509522218509773e+01 8.082642833277647298e+01 7.149365185432675673e+01
3.322134981623788974e+01 8.090294019378549706e+01 7.155746742398930849e+01
3.295205479452054931e+01 8.021333110591379523e+01 7.131690611426661519e+01
3.292014700968927343e+01 8.019144670898764105e+01 7.152355496157701964e+01
3.296491814233210960e+01 8.079218175743400820e+01 7.208620113598395562e+01
3.291212829936518602e+01 8.078015369194787354e+01 7.203875709989976883e+01
3.297427330437687942e+01 8.020547945205478868e+01 7.140060140327430815e+01
3.328032074841296151e+01 8.047343802205145380e+01 7.144169729368526589e+01
3.363949214834614310e+01 8.112395589709321087e+01 7.188773805546274787e+01
3.353441363180755275e+01 8.093401269629134731e+01 7.173788840628132846e+01
3.350718342799866178e+01 8.062412295355829883e+01 7.144737721349815729e+01
3.367975275643167521e+01 8.081673905780154143e+01 7.173889074507182784e+01
3.385566321416639113e+01 8.125860340795188108e+01 7.215736719011026423e+01
3.385867023053792479e+01 8.093284330103574575e+01 7.201703975943868841e+01
3.389692616104242973e+01 8.063832275309054864e+01 7.177831607083193433e+01
3.396107584363515031e+01 8.072519211493484192e+01 7.185917139993317448e+01
3.404477113264283616e+01 8.101804209822920200e+01 7.214032743067156161e+01
3.401703975943868841e+01 8.083929168058803327e+01 7.167323755429335108e+01
3.385967256932843128e+01 8.040126962913464581e+01 7.117340461075843905e+01
3.391346475108586844e+01 8.072168392916806567e+01 7.143534914801202262e+01
3.402171734046107332e+01 8.112863347811560288e+01 7.162813230872035319e+01
3.391129301703976040e+01 8.061927831607083306e+01 7.113982626127631193e+01
3.388790511192782873e+01 8.041480120280654376e+01 7.111343133979285369e+01
3.400701637153358092e+01 8.084463748747076295e+01 7.153123955897093822e+01
3.412061476779151548e+01 8.094821249582358291e+01 7.173872368860675408e+01
3.390962245238890915e+01 8.039508853992649051e+01 7.139742733043769363e+01
3.392048112261944226e+01 8.038222519211493022e+01 7.136819244904778259e+01
3.395856999665887344e+01 8.078182425659872479e+01 7.165653190778482440e+01
3.389325091881055840e+01 8.078533244236551525e+01 7.164533912462412957e+01
3.374122953558302385e+01 8.041546942866689562e+01 7.122235215502840333e+01
3.364300033411293356e+01 8.038539926495155896e+01 7.115619779485466267e+01
3.382542599398596650e+01 8.060591379886402308e+01 7.154477113264283616e+01
3.382576010691613533e+01 8.052672903441363417e+01 7.167139993317741187e+01
3.367824924824590482e+01 8.014700968927498081e+01 7.118409622452388419e+01
3.382091546942866955e+01 8.028633478115602884e+01 7.140761777480788908e+01
3.394938189107918447e+01 8.063732041430003505e+01 7.174122953558303095e+01
3.360173738723688786e+01 8.039525559639157848e+01 7.156331440026728785e+01
3.313899097895088630e+01 8.015903775476111548e+01 7.127865018376211026e+01
3.323254259939859878e+01 8.060674908118944870e+01 7.166855997327095906e+01
3.333812228533243882e+01 8.072168392916806567e+01 7.186435015035081619e+01
3.331473438022051425e+01 8.040761777480788908e+01 7.156832609421984159e+01
3.317139993317741187e+01 8.022018042098228818e+01 7.146241229535583273e+01
3.307751419979953056e+01 8.042365519545606389e+01 7.151152689609088497e+01
3.298112261944537238e+01 8.043017039759438092e+01 7.145923822251921820e+01
3.298128967591046035e+01 8.042900100233879357e+01 7.138189107918476850e+01
3.281556966254593988e+01 8.025258937520881375e+01 7.112796525225526523e+01
3.262679585699966367e+01 8.052021383227530293e+01 7.111560307383895463e+01
3.271884396926161287e+01 8.053808887403943118e+01 7.081105913798863583e+01
3.276645506181089473e+01 8.047544269963248098e+01 7.072435683260941630e+01
3.277931840962245502e+01 8.021232876712328164e+01 7.080103575008352834e+01
3.301804209822920200e+01 8.043568326094219856e+01 7.125626461744069218e+01
3.301754092883394520e+01 8.043518209154694887e+01 7.126745740060140122e+01
3.300334112930170249e+01 8.027831607083193433e+01 7.073137320414299722e+01
3.299649181423320954e+01 8.026211159371867154e+01 7.055613097226863317e+01
3.313013698630137327e+01 8.069144670898764105e+01 7.050200467758102718e+01
3.307517540928834165e+01 8.052021383227530293e+01 7.029201470096893445e+01
3.311343133979284659e+01 8.016755763448045968e+01 7.029819579017707554e+01
3.331824256598730472e+01 8.029619111259606257e+01 7.061259605746742807e+01
3.351503508185766833e+01 8.078366187771466400e+01 7.112679585699966367e+01
3.352806548613431659e+01 8.068443033745406012e+01 7.106632141663882862e+01
3.352338790511192457e+01 8.029151353157367055e+01 7.084380220514533733e+01
3.360791847644503605e+01 8.037604410290678913e+01 7.091764116271299656e+01
3.367056465085198624e+01 8.051620447711326278e+01 7.110324089542265824e+01
3.355061810892081553e+01 8.033077180086868907e+01 7.095121951219512368e+01
3.358737053123955718e+01 8.009756097560975263e+01 7.070531239558971492e+01
3.361460073504844814e+01 8.014951553625125769e+01 7.082342131640494642e+01
3.374173070497828064e+01 8.038356164383561975e+01 7.112629468760441398e+01
3.300601403274306733e+01 8.028232542599398869e+01 7.097661209488806833e+01
3.287587704644169406e+01 8.007801536919478735e+01 7.079034413631806899e+01
3.281874373538256151e+01 8.023371199465418613e+01 7.099983294353491203e+01
3.290511192783160510e+01 8.046575342465753522e+01 7.124189776144336861e+01
3.250133645172068242e+01 8.016154360173739235e+01 7.104594052789842351e+01
3.257651186100902407e+01 8.012378884062813711e+01 7.090795188773805080e+01
3.268326094219846567e+01 8.023588372870030128e+01 7.106247911794186223e+01
3.283377881724022984e+01 8.033828934179753389e+01 7.121366521884397116e+01
3.274757768125626711e+01 8.009973270965586778e+01 7.066438356164383094e+01
3.284931506849314786e+01 7.994420314066154276e+01 7.072268626795856505e+01
3.294236551954560355e+01 7.998446374874707487e+01 7.081640494487136550e+01
3.314049448713664958e+01 8.016455061810891891e+01 7.116488473103909485e+01
3.301703975943868841e+01 7.999565653190778391e+01 7.111760775141998181e+01
3.286401603742064736e+01 7.980120280654861631e+01 7.092849983294352967e+01
3.273070497828265957e+01 7.988974273304377505e+01 7.096291346475108242e+01
3.279719345138656905e+01 8.021316404944870726e+01 7.116739057801537172e+01
3.274974941530237516e+01 7.984229869695957404e+01 7.097226862679585224e+01
3.254343468092215375e+01 7.972619445372535552e+01 7.072118275977280177e+01
3.261710658202472501e+01 8.018042098229201997e+01 7.118376211159372247e+01
3.273287671232876761e+01 8.038372870030070771e+01 7.118660207150016106e+01
3.254961577013030194e+01 7.995456064149682618e+01 7.064918142332108175e+01
3.255412629468760599e+01 7.991563648513196938e+01 7.054410290678249851e+01
3.270631473438022141e+01 8.032776478449716251e+01 7.092148346140996296e+01
3.282976946207818258e+01 8.031623788840627753e+01 7.101219512195122263e+01
3.237487470765118758e+01 7.977714667557634698e+01 7.049047778149014221e+01
3.245138656866020455e+01 8.005345806882726833e+01 7.082292014700968252e+01
3.227681256264617105e+01 8.040477781490143627e+01 7.109472101570331404e+01
3.231607083194119667e+01 8.022552622786501786e+01 7.088807216839292380e+01
3.210875375877046167e+01 7.982074841296358159e+01 7.049097895088540611e+01
3.211443367858336018e+01 8.016989642499164859e+01 7.080136986301370428e+01
3.187003007016371470e+01 8.044837955228867088e+01 7.130070163715335241e+01
3.170748412963581586e+01 8.012846642165051492e+01 7.093835616438356340e+01
3.152054794520547887e+01 7.977681256264617105e+01 7.072502505846976817e+01
3.159822920147009739e+01 8.012746408286000133e+01 7.110307383895757027e+01
3.168910791847644504e+01 8.022702973605078114e+01 7.116521884396925657e+01
3.173889074507183494e+01 7.999515536251253423e+01 7.086719011025726900e+01
3.161627129969929939e+01 7.973020380888740988e+01 7.062696291346475164e+01
3.176277981957901630e+01 8.028800534580688009e+01 7.031440026729033832e+01
3.168292682926829329e+01 8.016972936852656062e+01 7.023722018042097659e+01
3.169495489475442795e+01 7.974406949548946955e+01 7.060073504844638137e+01
3.156515202138322707e+01 7.965636485131975064e+01 7.073154026060808519e+01
3.176110925492816506e+01 8.004310056799198492e+01 7.131774139659205503e+01
3.156982960240561198e+01 8.001353157367189795e+01 7.135900434346808652e+01
3.142699632475776639e+01 7.969528900768459323e+01 7.097494153023721708e+01
3.143250918810558048e+01 7.966004009355161486e+01 7.103591713999331603e+01
3.182993651854326700e+01 8.005446040761776771e+01 7.130905446040762286e+01
3.181406615436017304e+01 8.006197794854661254e+01 7.100250584697627687e+01
3.199599064483795630e+01 7.986468426328099213e+01 7.076712328767123950e+01
3.201887738055462762e+01 7.991697293685265890e+01 7.075459405278984093e+01
3.227363848980955652e+01 8.048813899097895330e+01 7.114266622118276473e+01
3.222636151019044348e+01 8.043017039759438092e+01 7.108469762779819234e+01
3.229619111259605546e+01 8.020564650851987665e+01 7.084279986635482373e+01
3.248429669228199401e+01 8.039375208820581520e+01 7.103090544604076229e+01
3.263899097895088630e+01 8.052973605078516073e+01 7.131456732375542629e+01
3.257434012696291603e+01 8.035282325425994543e+01 7.119111259605746511e+01
3.230704978282659567e+01 8.012429001002338680e+01 7.097460741730705536e+01
3.247861677246909551e+01 8.033929168058803327e+01 7.118626795856999934e+01
3.243869027731373222e+01 8.052856665552957338e+01 7.125192114934847609e+01
3.210507851653859035e+01 8.042482459071166545e+01 7.099782826595389906e+01
3.196658870698296084e+01 8.041530237220180766e+01 7.094219846308051558e+01
3.201703975943868841e+01 8.048513197460741253e+01 7.094186435015035386e+01
3.207083194119612557e+01 8.064918142332108175e+01 7.105579685933845724e+01
3.168342799866354653e+01 8.048095556298028441e+01 7.081540260608085191e+01
3.167156698964249983e+01 8.046775810223856240e+01 7.072402271967925458e+01
3.167991981289675962e+01 8.040327430671567299e+01 7.094086201135984027e+01
3.177664550618109018e+01 8.051603742064817482e+01 7.094002672903441464e+01
3.166688940862011492e+01 8.039024390243902474e+01 7.059171399933177327e+01
3.177664550618109018e+01 8.049398596725693267e+01 7.061593718676913056e+01
3.173855663214166256e+01 8.040578015369194986e+01 7.061393250918810338e+01
3.169127965252255308e+01 8.035850317407283683e+01 7.048112261944537238e+01
3.153207484129635674e+01 8.024607417307049673e+01 7.045489475442700211e+01
3.156866020715001753e+01 8.031072502505847410e+01 7.044537253591714432e+01
3.138322753090544737e+01 8.018543267624457371e+01 7.031272970263948707e+01
3.142231874373538147e+01 8.021516872702973444e+01 7.035449381891079668e+01
3.173822251921149373e+01 8.040143668559973378e+01 7.040912128299365236e+01
3.177714667557634343e+01 8.043501503508186090e+01 7.045405947210157649e+01
3.207617774807884814e+01 8.022485800200468020e+01 7.046642165051787288e+01
3.222469094553959224e+01 8.037604410290678913e+01 7.061760775141998181e+01
3.223237554293351081e+01 8.053140661543601198e+01 7.065402606080854753e+01
3.220481122619445102e+01 8.041897761443367187e+01 7.059238222519211092e+01
3.216438356164383805e+01 8.041262946876044282e+01 7.028600066822586712e+01
3.226010691613765147e+01 8.052171734046108043e+01 7.059889742733044216e+01
3.218242565987304005e+01 8.046207818242565679e+01 7.037754761109255242e+01
3.214300033411293356e+01 8.042198463080521265e+01 7.028800534580688009e+01
3.193301035750083372e+01 8.039174741062478802e+01 7.041480120280654376e+01
3.172936852656197715e+01 8.050818576678916827e+01 7.064149682592716317e+01
3.139542265285666645e+01 8.045422652856665025e+01 7.103859004343468087e+01
3.130905446040761930e+01 8.046274640828599445e+01 7.098897427330437893e+01
3.122151687270297415e+01 8.034179752756431014e+01 7.089375208820581520e+01
3.155045105245573112e+01 8.055312395589709240e+01 7.115419311727363549e+01
3.176211159371867865e+01 8.075810223855663139e+01 7.100434346809221609e+01
3.187587704644169762e+01 8.077831607083193433e+01 7.104193117273638336e+01
3.180203808887403838e+01 8.073120614767790926e+01 7.079769462078182585e+01
3.199214834614099701e+01 8.096007350484464382e+01 7.102656197794854620e+01
3.190444370197126744e+01 8.081423321082526456e+01 7.103341129301703916e+01
3.175492816572001331e+01 8.078833945873705602e+01 7.095606414968258946e+01
3.125325760106916206e+01 8.075242231874373999e+01 7.061810892081523150e+01
3.114901436685599734e+01 8.090076845973939612e+01 7.062612763113932601e+01
3.084864684263281021e+01 8.084196458402939811e+01 7.057701303040427376e+01
3.100584697627798292e+01 8.070046775810223494e+01 7.051770798529902606e+01
3.149983294353491559e+01 8.035282325425994543e+01 7.054761109254927476e+01
3.182726361510190571e+01 8.065018376211159534e+01 7.080354159705980521e+01
3.175375877046441531e+01 8.058536585365853000e+01 7.075342465753425358e+01
3.190895422652856794e+01 8.034964918142331669e+01 7.034062813230872280e+01
3.192716338122285435e+01 8.034580688272636451e+01 7.032943534914801376e+01
3.212345472769796118e+01 8.049331774139659501e+01 7.062930170397594054e+01
3.202789842966922862e+01 8.032425659873037205e+01 7.073087203474774753e+01
3.192549281657200311e+01 8.015903775476111548e+01 7.094119612429001620e+01
3.209488807216839490e+01 8.019812896759104603e+01 7.103107250250585025e+01
3.214166388239225114e+01 8.035182091546943184e+01 7.112596057467423805e+01
3.192816572001336439e+01 8.038422986969595740e+01 7.106481790845305113e+01
3.174173070497828419e+01 8.038356164383561975e+01 7.104610758436351148e+01
3.163681924490477826e+01 8.036351486802539057e+01 7.101737387236886434e+01
3.160424323421316473e+01 8.047728032074840598e+01 7.097744737721349395e+01
3.154109589041095774e+01 8.052906782492482307e+01 7.099448713665218236e+01
3.131957901770798358e+01 8.048997661209489252e+01 7.084647510858670216e+01
3.124056130972268619e+01 8.045305713331106290e+01 7.079552288673571070e+01
3.144002672903441464e+01 8.063113932509187975e+01 7.108052121617106422e+01
3.130638155696625446e+01 8.054527230203808585e+01 7.115502839959906112e+01
3.132709655863681775e+01 8.039024390243902474e+01 7.093651854326762418e+01
3.146074173070497793e+01 8.051453391246241154e+01 7.102338790511193167e+01
3.169111259605746866e+01 8.083377881724022984e+01 7.130020046775810272e+01
3.168576678917474254e+01 8.082576010691613533e+01 7.129218175743400820e+01
3.170163715335783650e+01 8.053691947878382962e+01 7.115335783494820987e+01
3.190410958904109506e+01 8.077948546608753588e+01 7.128633478115602884e+01
3.198897427330437537e+01 8.092382225192115186e+01 7.104443701971266023e+01
3.181673905780153788e+01 8.084847978616772934e+01 7.094437019712663073e+01
3.175776812562646256e+01 8.070397594386902540e+01 7.082459071166054798e+01
3.197210157033077138e+01 8.088422986969595740e+01 7.101620447711326278e+01
3.203975943869027532e+01 8.094988306047443416e+01 7.110925492816572557e+01
3.179903107250250471e+01 8.078399599064483994e+01 7.096608753758771115e+01
3.162996992983628530e+01 8.089024390243902474e+01 7.096742398930838647e+01
3.174874707651186156e+01 8.099565653190778391e+01 7.117841630471099279e+01
3.183812228533244237e+01 8.108503174072836828e+01 7.126779151353157715e+01
3.163832275309054509e+01 8.088857333778817349e+01 7.109271633812228686e+01
3.141931172736384781e+01 8.077781490143668464e+01 7.105278984296691647e+01
3.126645506181089118e+01 8.097711326428333223e+01 7.124440360841964548e+01
3.125676578683594897e+01 8.095606414968258946e+01 7.119929836284664759e+01
3.106481790845305824e+01 8.079418643501503539e+01 7.100534580688272968e+01
3.108653524891413156e+01 8.072235215502840333e+01 7.096926161042432568e+01
3.121216171065820078e+01 8.118008686936184404e+01 7.115903775476111548e+01
3.119863013698630283e+01 8.108837287003007077e+01 7.105395923822251802e+01
3.142682926829268197e+01 8.073588372870030128e+01 7.085983962579351214e+01
3.136952890076846145e+01 8.079619111259606257e+01 7.081323087203475097e+01
3.142549281657200311e+01 8.111677246909455619e+01 7.112178416304710993e+01
3.127464082860006656e+01 8.083294353491480422e+01 7.099365185432675673e+01
3.108586702305379390e+01 8.066822586034079734e+01 7.048546608753758846e+01
3.104477113264283261e+01 8.092983628466421919e+01 7.065218843969262252e+01
3.100801871032409096e+01 8.120280654861343805e+01 7.075108586702305047e+01
3.104510524557300499e+01 8.081590377547611581e+01 7.041029067824925392e+01
3.121199465419311636e+01 8.075893752088205702e+01 7.038105579685934288e+01
3.160374206481790793e+01 8.088740394253257193e+01 7.076344804543936107e+01
3.173237554293351081e+01 8.102806548613430948e+01 7.090010023387904425e+01
3.169913130638155607e+01 8.080504510524556849e+01 7.076929502171734043e+01
3.203524891413297837e+01 8.081105913798863583e+01 7.089158035415970005e+01
3.228750417641163040e+01 8.098446374874707487e+01 7.115887069829602751e+01
3.233595055128633788e+01 8.095973939191446789e+01 7.123204143000333488e+01
3.232893417975275696e+01 8.090795188773805080e+01 7.098780487804877737e+01
3.252773137320414065e+01 8.099348479786168298e+01 7.111710658202471791e+01
3.167173404610758425e+01 8.139976612094888253e+01 7.096074173070498148e+01
3.144821249582359002e+01 8.129852990310725147e+01 7.064099565653191348e+01
3.118058803875710083e+01 8.116288005345806766e+01 7.065302372201804815e+01
3.122753090544604149e+01 8.120314066154359978e+01 7.058970932175074608e+01
3.110841964584029284e+01 8.139408620113597692e+01 7.067975275643166810e+01
3.112646174406949484e+01 8.146625459405278491e+01 7.071984630805212646e+01
3.109672569328433056e+01 8.139241563648512567e+01 7.092799866354827998e+01
3.121383227530905558e+01 8.146942866688941365e+01 7.114132976946207521e+01
3.144837955228867443e+01 8.131339792849983894e+01 7.145172068159037337e+01
3.139208152355496040e+01 8.141346475108586844e+01 7.134998329435349262e+01
3.148062145005011558e+01 8.125676578683595608e+01 7.118192449047778325e+01
3.163564984964918025e+01 8.141179418643501720e+01 7.133695289007684437e+01
3.172569328433010227e+01 8.149849649181423672e+01 7.149782826595389906e+01
3.169328433010357671e+01 8.145005011693952213e+01 7.145472769796191415e+01
3.157684597393919290e+01 8.113180755095221741e+01 7.124674239893083438e+01
3.157300367524223361e+01 8.132041430003340565e+01 7.127697961911125901e+01
3.135633144002672879e+01 8.114049448713664958e+01 7.103357834948212712e+01
3.130972268626795696e+01 8.118810557968593855e+01 7.053725359171400555e+01
3.132759772803207454e+01 8.124941530237219922e+01 7.043818910791847543e+01
3.146491814233210960e+01 8.135933845639826245e+01 7.056481790845305113e+01
3.142248580020046944e+01 8.128683595055129274e+01 7.041814233210824625e+01
3.140878717006347998e+01 8.125709989976611780e+01 7.031891079184764237e+01
3.138272636151019057e+01 8.123070497828265957e+01 7.044253257601069151e+01
3.137136652188439712e+01 8.129552288673571070e+01 7.037704644169728851e+01
3.134463748747076650e+01 8.134697627798195185e+01 7.043919144670898902e+01
3.138690277313731869e+01 8.134580688272636451e+01 7.073905780153691580e+01
3.126294687604410427e+01 8.111526896090879291e+01 7.066588706982960844e+01
3.135415970598062074e+01 8.115436017373872346e+01 7.074373538255930782e+01
3.134914801202806700e+01 8.116538590043434453e+01 7.094052789842966433e+01
3.141680588038757094e+01 8.123304376879384847e+01 7.085783494821249917e+01
3.136652188439692779e+01 8.113397928499833256e+01 7.063180755095221741e+01
3.174958235883728719e+01 8.113047109923154210e+01 7.059321750751753655e+01
3.192114934847978702e+01 8.116404944871366922e+01 7.051553625125292513e+01
3.200651520213832413e+01 8.116922819913131093e+01 7.056414968259271348e+01
3.206782492482459190e+01 8.124122953558303095e+01 7.065152021383227066e+01
3.218977614433678269e+01 8.133912462412295952e+01 7.052689609087872213e+01
3.220046775810224204e+01 8.118042098229201997e+01 7.057968593384563860e+01
3.240060140327430815e+01 8.147143334447042662e+01 7.034814567323755341e+01
3.243518209154694176e+01 8.146725693284329850e+01 7.052439024390244526e+01
3.247878382893417637e+01 8.153357834948212712e+01 7.057400601403274720e+01
3.241496825927163172e+01 8.137754761109255242e+01 7.084497160040093888e+01
3.216321416638823649e+01 8.154677581022384913e+01 7.100016705646508797e+01
3.201653859004343161e+01 8.152305379218175574e+01 7.138406281323086944e+01
3.208586702305379390e+01 8.146876044102906178e+01 7.121884396926161287e+01
3.200000000000000000e+01 8.145038422986969806e+01 7.122318743735382895e+01
3.207300367524223361e+01 8.155412629468760599e+01 7.133762111593718203e+01
3.205963915803541653e+01 8.150735048446374265e+01 7.140912128299365236e+01
3.228065486134313744e+01 8.142733043768794232e+01 7.129368526561978570e+01
3.243384563982625934e+01 8.137170063481457305e+01 7.109004343468092202e+01
3.279001002338790727e+01 8.155011693952556584e+01 7.128449716004008962e+01
3.250250584697627687e+01 8.127865018376211026e+01 7.109021049114600999e+01
3.219194787838289074e+01 8.121099231540260632e+01 7.093735382559304981e+01
3.217808219178082396e+01 8.126729034413631325e+01 7.065085198797193300e+01
3.215185432676244659e+01 8.133862345472769562e+01 7.063397928499833256e+01
3.209806214500500943e+01 8.123270965586368675e+01 7.037504176411627554e+01
3.203875709989976883e+01 8.127564316739058370e+01 7.036785833611760665e+01
3.218944203140661386e+01 8.125659873037086811e+01 7.079919812896758913e+01
3.234012696291346600e+01 8.139391914467090317e+01 7.092382225192115186e+01
3.220631473438022141e+01 8.118092215168726966e+01 7.084680922151687810e+01
3.232743067156698658e+01 8.121750751754092335e+01 7.081022385566321020e+01
3.240227196792515940e+01 8.117006348145673655e+01 7.108219178082191547e+01
3.245639826261276539e+01 8.123020380888740988e+01 7.113364517206815663e+01
3.218843969261610738e+01 8.108653524891413156e+01 7.100200467758102718e+01
3.203691947878382962e+01 8.121132642833278226e+01 7.101620447711326278e+01
3.194620781824256639e+01 8.139158035415970005e+01 7.097059806214500099e+01
3.194503842298696838e+01 8.146391580354159601e+01 7.085716672235216151e+01
3.191246241229535485e+01 8.138322753090544381e+01 7.075643167390578014e+01
3.194219846308052269e+01 8.149849649181423672e+01 7.080554627464083239e+01
3.170297360507851536e+01 8.149248245907116939e+01 7.043935850317407699e+01
3.174824590711660477e+01 8.149498830604744626e+01 7.060758436351487433e+01
3.175075175409288164e+01 8.141931172736384781e+01 7.074774473772134797e+01
3.199131306381557138e+01 8.165786835950551392e+01 7.098696959572335174e+01
3.196007350484463672e+01 8.156314734380219988e+01 7.101921149348480355e+01
3.191964584029402019e+01 8.146592048112262319e+01 7.113715335783494709e+01
3.182141663882392280e+01 8.138573337788172068e+01 7.109973270965586778e+01
3.224406949548947665e+01 8.169111259605746511e+01 7.139308386234547754e+01
3.240728366187771314e+01 8.186769127965251869e+01 7.162312061476778524e+01
3.256899432008018636e+01 8.140360841964583472e+01 7.099198128967590549e+01
3.263999331774139989e+01 8.120464416972936306e+01 7.049432008018710860e+01
3.286384898095556650e+01 8.164868025392583206e+01 7.101386568660207388e+01
3.269127965252255308e+01 8.160374206481790793e+01 7.105980621450049739e+01
3.255429335115268685e+01 8.110424323421315762e+01 7.051620447711326278e+01
3.258737053123955718e+01 8.107584363514868642e+01 7.056932843301035518e+01
3.290210491146007143e+01 8.159472101570331404e+01 7.116972936852656062e+01
3.244370197126628597e+01 8.114032743067156161e+01 7.057901770798530094e+01
3.265335783494820987e+01 8.061861009021049540e+01 7.039943200801870660e+01
3.288055462746408608e+01 8.097444036084196739e+01 7.095038422986969806e+01
3.327246909455396207e+01 8.129218175743400820e+01 7.160958904109588730e+01
3.314751085867023050e+01 8.080938857333778458e+01 7.130053458068827865e+01
3.324607417307049673e+01 8.065770130304042596e+01 7.110741730704978636e+01
3.327046441697293488e+01 8.091897761443367187e+01 7.120163715335783650e+01
3.306582024724357183e+01 8.124590711660540876e+01 7.149515536251253423e+01
3.276110925492816506e+01 8.087604410290678913e+01 7.106715669896425425e+01
3.285766789174741120e+01 8.083260942198462828e+01 7.103708653524891758e+01
3.275643167390578014e+01 8.106749081189441597e+01 7.122853324423655863e+01
3.288072168392916694e+01 8.111593718676913056e+01 7.127363848980955652e+01
3.223772134981624049e+01 8.090728366187771314e+01 7.104961577013030194e+01
3.217774807885064803e+01 8.107049782826595674e+01 7.113531573671900787e+01
3.197794854660875430e+01 8.112596057467423805e+01 7.129234881389909617e+01
3.200484463748747288e+01 8.118960908787170183e+01 7.116221182759773001e+01
3.195623120614767743e+01 8.112429001002338680e+01 7.117841630471099279e+01
3.220414300033411337e+01 8.125459405278984093e+01 7.153524891413297837e+01
3.226528566655529318e+01 8.124089542265285502e+01 7.153357834948212712e+01
3.226010691613765147e+01 8.120030070163714697e+01 7.161125960574673854e+01
3.210708319411961043e+01 8.103859004343468087e+01 7.143484797861677293e+01
3.228165720013364393e+01 8.118042098229201997e+01 7.158202472435682751e+01
3.218643501503508020e+01 8.119545606414968120e+01 7.154894754426996428e+01
3.191229535583027044e+01 8.099214834614099345e+01 7.117457400601402639e+01
3.167256932843300987e+01 8.076645506181088763e+01 7.095556298028733977e+01
3.187704644169729207e+01 8.098496491814233877e+01 7.127697961911125901e+01
3.169762779819578924e+01 8.102338790511193167e+01 7.125459405278984093e+01
3.176344804543935751e+01 8.079518877380554898e+01 7.110658202472436074e+01
3.158202472435683106e+01 8.061109254928165058e+01 7.102806548613430948e+01
3.178449716004009318e+01 8.094253257601069151e+01 7.130003341129301475e+01
3.170998997661209629e+01 8.071232876712328164e+01 7.106782492482459190e+01
3.172719679251586911e+01 8.047026394921483927e+01 7.098045439358503472e+01
3.184647510858670216e+01 8.066572001336452047e+01 7.111577013030404260e+01
3.194336785833611714e+01 8.087153357834948508e+01 7.138272636151019412e+01
3.159405278984296572e+01 8.057500835282326079e+01 7.095021717340461009e+01
3.155546274640828486e+01 8.053107250250585025e+01 7.090427664550618658e+01
3.167089876378215862e+01 8.095121951219512368e+01 7.134847978616772934e+01
3.189508853992649406e+01 8.097360507851654177e+01 7.122118275977280177e+01
3.168159037754761087e+01 8.045105245573003572e+01 7.068793852322085058e+01
3.182091546942866600e+01 8.071132642833278226e+01 7.081924490477781831e+01
3.184847978616772579e+01 8.104126294687604570e+01 7.115185432676244659e+01
3.191530237220180410e+01 8.105061810892081553e+01 7.078900768459739368e+01
3.177330437687938414e+01 8.071115937186769429e+01 7.039809555629803128e+01
3.188556632141663982e+01 8.095105245573003572e+01 7.072953558302705801e+01
3.164500501169395363e+01 8.096140995656531913e+01 7.048730370865352768e+01
3.174440360841964548e+01 8.088573337788172068e+01 7.042833277647845591e+01
3.204811226194453866e+01 8.079719345138656195e+01 7.056966254594053112e+01
3.254443701971266023e+01 8.088823922485799756e+01 7.079836284664216350e+01
3.264684263280989285e+01 8.097728032074840598e+01 7.089274974941530161e+01
3.283678583361176351e+01 8.087520882058136351e+01 7.071182759772803195e+01
3.287905111927831570e+01 8.066488473103909485e+01 7.062579351820915008e+01
3.255195456064149795e+01 8.090845305713331470e+01 7.080053458068827865e+01
3.202355496157701253e+01 8.075425993985967921e+01 7.059154694286668530e+01
3.194470431005679956e+01 8.071450050116939678e+01 7.078900768459739368e+01
3.160524557300367476e+01 8.054811226194453866e+01 7.058252589375209141e+01
3.156531907784831148e+01 8.072201804209822740e+01 7.067557634480453999e+01
3.148145673237554121e+01 8.072302038088874099e+01 7.067256932843301342e+01
3.163431339792850139e+01 8.067006348145673655e+01 7.050334112930170249e+01
3.165085198797193300e+01 8.038924156364851115e+01 7.048312729702639956e+01
3.166855997327096617e+01 8.062612763113932601e+01 7.069127965252255308e+01
3.165586368192449029e+01 8.060942198463079933e+01 7.067657868359505358e+01
3.156298028733711902e+01 8.028466421650517759e+01 7.030638155696625802e+01
3.151286334781156029e+01 8.024189776144336861e+01 7.026695623120615153e+01
3.149064483795523017e+01 8.048696959572335174e+01 7.047594386902773067e+01
3.132058135649849717e+01 8.031757434012696706e+01 7.030721683929168364e+01
3.127196792515870527e+01 8.024490477781489517e+01 7.023722018042097659e+01
3.140711660541262873e+01 8.043685265619780012e+01 7.033160708319411469e+01
3.167457400601403350e+01 8.045305713331106290e+01 7.040795188773805080e+01
3.169311727363848874e+01 8.002789842966922151e+01 7.010374206481790793e+01
3.180053458068827155e+01 8.013531573671900787e+01 7.022185098563313943e+01
3.152589375208820499e+01 8.044871366521884681e+01 7.049649181423320954e+01
3.161877714667557626e+01 8.042799866354827998e+01 7.037153357834948508e+01
3.175960574674239822e+01 8.009605746742398935e+01 7.016889408620113500e+01
3.198696959572335530e+01 8.021683929168058569e+01 7.033879051119278358e+01
3.206281323087203816e+01 8.039826261276311925e+01 7.044804543935850916e+01
3.199148012028065580e+01 8.022903441363180832e+01 7.041112596057467954e+01
3.187888406281323128e+01 8.010541262946875918e+01 7.032926829268292579e+01
3.188723688606749107e+01 8.034497160040093888e+01 7.050334112930170249e+01
3.173939191446708818e+01 8.029067824924824492e+01 7.057233544938189596e+01
3.162662880053457926e+01 8.022101570330771381e+01 7.060157033077180699e+01
3.152455730036752257e+01 8.011760775141998181e+01 7.072068159037755208e+01
3.180053458068827155e+01 8.029001002338790727e+01 7.055228867357166678e+01
3.206598730370865269e+01 8.015920481122618924e+01 7.043752088205813777e+01
3.200735048446374975e+01 8.005312395589709240e+01 7.030604744403608208e+01
3.215135315736718979e+01 8.001804209822920200e+01 7.005980621450049739e+01
3.201536919478783716e+01 8.003374540594721509e+01 7.002071500167056683e+01
3.168777146675576262e+01 8.002555963915803261e+01 6.969211493484797870e+01
3.154944871366521753e+01 8.002088205813565480e+01 6.972886735716672035e+01
3.147828265953892313e+01 7.996374874707650804e+01 6.981373204143000066e+01
3.144570664884730959e+01 8.007784831272969939e+01 6.958703641830939546e+01
3.146775810223855530e+01 8.012328767123287321e+01 6.980420982292014287e+01
3.144687604410290760e+01 8.010040093551620544e+01 6.983678583361175640e+01
3.159939859672569185e+01 7.989141329769462629e+01 6.993852322084865136e+01
3.176578683595054997e+01 7.994153023722017792e+01 7.015168727029735862e+01
3.181523554961577105e+01 7.998763782158368940e+01 7.032743067156698658e+01
3.181807550952221675e+01 7.985349148012028309e+01 7.021667223521549772e+01
3.182308720347477404e+01 7.959054460407617171e+01 7.014884731039090582e+01
3.189692616104243328e+01 7.981105913798863583e+01 7.039007684597393677e+01
3.201503508185766833e+01 7.992716338122285435e+01 7.059772803207484060e+01
3.199298362846642263e+01 7.959137988640159733e+01 7.028733711994654243e+01
3.196057467423989351e+01 7.966120948880721642e+01 7.032375542933512236e+01
3.183461409956565191e+01 8.007016371533578081e+01 7.054794520547945069e+01
3.170163715335783650e+01 8.002806548613430948e+01 7.038489809555629506e+01
3.158102238556632102e+01 7.974607417307049673e+01 6.983528232542599312e+01
3.151620447711326278e+01 7.977981957901771182e+01 6.975342465753425358e+01
3.154543935850317382e+01 8.024941530237219922e+01 6.993969261610423871e+01
3.149348479786167587e+01 8.012596057467423805e+01 6.976946207818242840e+01
3.157751419979953056e+01 7.988456398262613334e+01 6.964700968927498081e+01
3.176010691613765502e+01 8.015068493150684503e+01 6.994854660875375885e+01
3.162028065486134309e+01 8.020731707317072789e+01 6.998045439358503472e+01
3.106097560975609895e+01 7.990461075843634831e+01 6.998112261944537238e+01
3.096525225526227842e+01 7.983762111593718203e+01 6.982525893752088564e+01
3.117457400601403350e+01 8.007033077180086877e+01 6.990160374206482174e+01
3.129819579017707909e+01 8.020531239558971492e+01 6.986952890076845790e+01
3.125275643167390527e+01 8.001286334781156029e+01 6.971850985633143694e+01
3.120364183093885657e+01 7.978199131306381275e+01 6.943217507517540810e+01
3.141446708987637848e+01 8.009505512863347576e+01 6.985415970598062074e+01
3.149097895088539900e+01 8.020230537921817415e+01 7.023204143000333488e+01
3.143685265619779656e+01 7.982876712328767610e+01 6.990060140327430815e+01
3.130638155696625446e+01 7.969896424991647166e+01 6.973137320414299722e+01
3.136936184430337349e+01 8.012078182425659634e+01 7.006298028733712613e+01
3.144487136652188397e+01 8.013615101904443350e+01 6.988857333778817349e+01
3.151570330771800954e+01 8.000718342799866889e+01 6.916688940862010782e+01
3.153792181757433966e+01 7.996191112596056882e+01 6.926394921483461076e+01
3.159923154026060743e+01 8.031790845305712878e+01 6.949097895088540611e+01
3.153792181757433966e+01 8.030070163715335241e+01 6.931607083194118957e+01
3.156698964249916628e+01 7.995222185098563727e+01 6.938990978950884880e+01
3.177631139325091780e+01 8.005863681924491004e+01 6.945021717340461009e+01
3.191246241229535485e+01 8.017941864350150638e+01 6.997193451386569052e+01
3.190277313732041264e+01 7.999465419311727032e+01 6.999097895088540611e+01
3.200400935516204726e+01 7.982659538924156095e+01 6.993985967256932668e+01
3.208853992649515874e+01 8.004076177748078180e+01 7.006648847310390238e+01
3.188172402271968053e+01 8.032976946207817548e+01 7.007885065152021298e+01
3.174039425325760178e+01 8.024523889074507110e+01 6.951085867023053311e+01
3.163297694620781897e+01 8.007834948212496329e+01 6.934664216505179013e+01
3.162996992983628530e+01 8.006866020715001753e+01 6.943117273638489451e+01
3.156298028733711902e+01 8.012128299365186024e+01 6.981323087203475097e+01
3.136785833611760665e+01 7.991680588038757094e+01 6.971901102572670084e+01
3.124290010023387865e+01 7.977915135315737416e+01 6.958336117607751703e+01
3.115703307718008830e+01 7.980821917808219723e+01 6.958503174072836828e+01
3.117808219178082041e+01 7.995489475442700211e+01 6.972702973605078114e+01
3.108787170063481398e+01 7.992749749415303029e+01 6.976645506181088763e+01
3.110307383895756672e+01 7.991463414634147000e+01 6.976996324757767809e+01
3.110374206481790793e+01 7.993133979284998247e+01 6.979134647510858258e+01
3.124290010023387865e+01 8.004911460073505225e+01 7.015836952890076361e+01
3.106030738389575774e+01 7.988990978950884880e+01 7.005329101236218037e+01
3.096257935182091714e+01 7.974741062479118625e+01 6.983461409956565547e+01
3.101152689609087787e+01 7.976762445706648919e+01 6.997377213498162973e+01
3.114901436685599734e+01 7.986167724690945136e+01 7.020681590377547820e+01
3.108920815235549640e+01 7.964584029401937926e+01 6.992014700968927343e+01
3.110173738723688430e+01 7.963564984964918381e+01 7.001152689609088497e+01
3.118877380554627621e+01 7.983494821249581719e+01 7.017139993317741187e+01
3.124056130972268619e+01 7.987337119946542430e+01 7.021516872702973444e+01
3.111393250918810693e+01 7.974841296358168563e+01 6.982392248580019611e+01
3.132525893752088209e+01 7.995907116605413023e+01 7.003458068827264071e+01
3.139609087871700766e+01 8.018493150684930981e+01 7.001620447711326278e+01
3.138623454727698103e+01 8.013965920481122396e+01 7.002372201804209340e+01
3.121065820247243394e+01 8.000283995990645280e+01 6.968509856331439778e+01
3.151453391246241154e+01 7.996257935182092069e+01 6.930671566989641974e+01
3.160090210491145868e+01 8.000818576678916827e+01 6.943284330103574575e+01
3.160441029067824914e+01 8.001269629134647232e+01 6.941563648513196938e+01
3.131690611426662230e+01 7.988055462746407898e+01 6.984847978616772934e+01
3.126578683595054997e+01 7.990360841964583472e+01 7.017490811894420233e+01
3.129602405613097105e+01 7.983962579351820921e+01 7.040828600066822673e+01
3.111643835616438380e+01 7.940644837955228752e+01 7.036735716672235696e+01
3.089642499164717648e+01 7.942098229201469906e+01 7.008386234547276672e+01
3.145372535917140056e+01 7.944837955228867088e+01 7.003775476110925524e+01
3.161727363848980943e+01 7.958519879719345624e+01 7.018526561977948575e+01
3.168443033745406012e+01 7.934797861677246544e+01 7.003859004343468087e+01
3.166304710992315563e+01 7.932659538924156095e+01 7.001720681590377637e+01
3.182325425993985846e+01 7.949682592716338547e+01 7.028366187771466400e+01
3.176027397260273943e+01 7.940711660541262518e+01 7.019395255596391792e+01
3.152505846976277937e+01 7.945589709321750149e+01 6.987921817574340366e+01
3.149498830604744271e+01 7.955479452054794365e+01 6.995940527898429195e+01
3.153274306715669795e+01 7.984447043100567498e+01 7.015686602071500033e+01
3.129485466087537660e+01 7.968142332108251935e+01 6.995573003675242774e+01
3.136034079518877249e+01 7.950167056465085125e+01 6.987554293351152523e+01
3.146057467423989351e+01 7.950567991981289140e+01 7.022101570330771381e+01
3.177931840962245147e+01 7.969278316070831636e+01 7.025108586702305047e+01
3.160775141997995163e+01 7.944036084196459058e+01 7.017173404610758780e+01
3.161827597728031947e+01 7.936134313397928963e+01 7.026578683595054997e+01
3.153140661543601908e+01 7.964533912462412957e+01 7.032258603407952080e+01
3.158152355496157782e+01 7.990594721015703783e+01 7.044353491480120510e+01
3.157367190110257127e+01 7.969695957233544448e+01 7.022452388907450427e+01
3.142131640494487144e+01 7.960173738723688075e+01 7.022619445372535552e+01
3.141864350150350660e+01 7.990310725025058503e+01 7.052555963915803261e+01
3.119863013698630283e+01 8.032058135649849362e+01 7.027547611092549573e+01
3.085148680253925946e+01 8.006832609421984159e+01 6.968710324089542496e+01
3.093100567991981364e+01 8.026511861009021231e+01 6.942114934847978702e+01
3.095005011693952568e+01 8.049665887069829751e+01 6.969111259605746511e+01
3.088272636151019057e+01 8.048479786167725081e+01 6.943401269629134731e+01
3.079752756431673788e+01 8.009021049114600999e+01 6.923053792181757160e+01
3.102171734046107687e+01 8.020080187103241087e+01 6.957434012696290893e+01
3.108135649849649340e+01 8.032325425993985846e+01 6.985649849649180965e+01
3.103441363180754919e+01 8.015469428666889939e+01 6.966588706982960844e+01
3.099064483795523017e+01 8.002472435683260699e+01 6.971299699298363350e+01
3.105412629468760599e+01 8.015168727029735862e+01 6.951520213832274919e+01
3.113815569662546068e+01 8.018125626461744559e+01 6.955479452054794365e+01
3.123254259939859523e+01 8.037587704644170117e+01 6.942398930838623983e+01
3.113514868025392701e+01 8.027447377213498214e+01 6.944687604410290760e+01
3.120046775810223849e+01 8.028265953892415041e+01 6.965152021383227066e+01
3.116505178750417571e+01 8.022786501837620676e+01 6.980922151687269661e+01
3.112044771132642751e+01 8.018793852322085058e+01 7.008937520882058436e+01
3.090294019378550061e+01 8.005796859338455818e+01 6.983845639826260765e+01
3.089842966922820011e+01 8.004276645506180898e+01 6.992883394587370560e+01
3.095355830270631614e+01 8.014934847978616972e+01 7.021583695289007210e+01
3.118994320080187066e+01 8.047260273972602818e+01 7.009405278984296217e+01
3.118092215168726966e+01 8.017557634480453999e+01 6.977163381222852934e+01
3.114416972936852801e+01 8.015085198797193300e+01 6.962863347811560288e+01
3.111326428332776572e+01 8.046742398930838647e+01 6.978750417641163040e+01
3.126695623120614798e+01 8.060641496825927277e+01 6.993317741396592169e+01
3.114634146341463250e+01 8.014567323755429129e+01 6.965552956899432502e+01
3.129051119278316051e+01 8.028917474106248164e+01 6.989458737053124082e+01
3.133411293017039867e+01 8.059004343468092202e+01 7.034246575342466201e+01
3.142281991313063827e+01 8.066605412629468219e+01 7.041313063815569251e+01
3.122753090544604149e+01 8.010056799198129340e+01 6.995456064149682618e+01
3.141563648513197293e+01 8.059271633812228686e+01 7.031974607417306800e+01
3.144453725359171514e+01 8.084480454393585092e+01 7.063531573671900787e+01
3.149281657200133822e+01 8.060975609756097526e+01 7.043000334112930716e+01
3.137971934513865691e+01 8.017190110257267577e+01 7.009705980621450294e+01
3.147627798195790305e+01 8.067808219178081686e+01 7.057250250584696971e+01
3.143969261610424226e+01 8.072168392916806567e+01 7.078817240227196805e+01
3.117875041764116162e+01 8.021149348479785601e+01 7.036251252923487698e+01
3.087287003007016395e+01 8.001854326762445169e+01 7.026177748078850982e+01
3.077046441697293844e+01 8.037654527230203882e+01 7.087938523220849163e+01
3.074841296358168918e+01 8.029435349148012335e+01 7.102572669562312058e+01
3.069712662880053600e+01 8.009939859672569185e+01 7.032425659873037205e+01
3.063531573671901143e+01 8.004159705980620743e+01 7.019829602405613400e+01
3.081172736384898059e+01 8.049231540260608142e+01 7.069579017707985713e+01
3.082492482459071326e+01 8.044938189107918447e+01 7.066688940862010782e+01
3.073371199465419323e+01 8.008887403942532046e+01 7.009989976612095575e+01
3.066939525559639179e+01 7.998312729702639956e+01 7.013047109923154210e+01
3.077681256264617460e+01 8.034747744737721575e+01 7.060407617774808386e+01
3.059639158035415818e+01 8.018843969261610027e+01 7.046775810223856240e+01
3.069762779819578924e+01 8.001069161376545935e+01 7.032175075175409518e+01
3.083611760775141875e+01 8.010106916137654309e+01 7.044954894754427244e+01
3.101536919478783716e+01 8.032976946207817548e+01 7.056665552956899035e+01
3.118008686936184404e+01 8.009488807216838779e+01 7.047410624791179146e+01
3.149599064483795630e+01 8.002021383227530293e+01 7.006264617440695019e+01
3.159789508853992501e+01 8.012512529234881242e+01 7.007701303040427376e+01
3.182910123621784138e+01 8.039575676578684238e+01 7.022001336451720022e+01
3.176077514199799623e+01 8.005746742398930849e+01 7.006414968259271348e+01
3.163865686602071392e+01 8.002422318743735730e+01 6.999348479786168298e+01
3.136267958569996495e+01 8.035566321416638402e+01 7.021132642833278226e+01
3.151369863013698591e+01 8.043818910791847543e+01 7.044687604410290760e+01
3.154259939859672457e+01 8.015603073838957471e+01 7.019478783828934354e+01
3.157617774807885169e+01 8.018827263615101231e+01 7.022702973605078114e+01
3.152205145339124570e+01 8.033628466421650671e+01 7.043117273638489451e+01
3.145790177079852867e+01 8.036568660207150572e+01 7.039776144336785535e+01
3.136952890076846145e+01 8.013865686602071037e+01 7.020681590377547820e+01
3.161510190444370139e+01 8.040494487136652424e+01 7.046308052121617038e+01
3.146157701303040355e+01 8.046458402940193366e+01 7.046926161042432568e+01
3.113147343802205214e+01 8.025676578683595608e+01 7.027881724022719823e+01
3.058920815235549640e+01 8.029318409622452180e+01 7.028182425659872479e+01
3.068944203140661386e+01 8.059856331440026622e+01 7.068977614433678980e+01
3.056181089208152457e+01 8.049899766120948641e+01 7.059421984630805014e+01
3.047577681256264626e+01 8.046241229535583273e+01 7.045873705312395430e+01
3.049816237888406434e+01 8.042599398596725280e+01 7.044837955228867088e+01
3.064016037420648075e+01 8.073170731707317316e+01 7.047811560307384582e+01
3.060457734714333355e+01 8.031323087203475097e+01 7.023705312395590283e+01
3.059989976612094864e+01 8.029652522552622429e+01 7.022569328433010583e+01
3.076979619111259723e+01 8.046040761777480554e+01 7.043568326094219856e+01
3.071583695289007565e+01 8.038706982960241021e+01 7.035900434346808652e+01
3.063615101904443705e+01 8.019378549949882995e+01 7.031941196124290627e+01
3.067073170731707421e+01 8.031122619445372379e+01 7.041279652522553079e+01
3.082058135649849717e+01 8.033544938189108109e+01 7.055462746408285568e+01
3.080187103240895397e+01 8.035950551286335042e+01 7.040160374206482174e+01
3.079535583027062984e+01 8.032726361510189861e+01 7.021032408954226867e+01
3.094286668894086034e+01 8.047611092549281864e+01 7.037387236886067399e+01
3.104811226194453866e+01 8.055529568994320755e+01 7.054326762445707288e+01
3.108737053123956073e+01 8.052038088874039090e+01 7.041413297694620610e+01
3.095873705312395430e+01 8.030755095222184536e+01 7.037504176411627554e+01
3.098897427330437537e+01 8.046408286000668397e+01 7.049615770130303360e+01
3.097945205479452113e+01 8.045322418977615087e+01 7.053808887403943118e+01
3.090043434680922019e+01 8.042064817908453733e+01 7.050484463748746577e+01
3.100534580688272612e+01 8.047243568326094021e+01 7.053324423655195119e+01
3.108336117607751348e+01 8.067808219178081686e+01 7.072485800200468020e+01
3.094153023722018148e+01 8.055496157701303162e+01 7.058035415970597626e+01
3.080872034747744692e+01 8.056314734380219988e+01 7.071349816237888319e+01
3.086752422318743783e+01 8.052706314734379589e+01 7.083043768793852735e+01
3.101770798529902962e+01 8.070397594386902540e+01 7.100534580688272968e+01
3.089074507183428153e+01 8.059705980621450294e+01 7.082225192114934487e+01
3.095673237554293422e+01 8.071984630805212646e+01 7.077363848980955652e+01
3.101754092883394520e+01 8.078199131306381275e+01 7.084647510858670216e+01
3.071333110591379878e+01 8.084330103575008764e+01 7.098429669228198691e+01
3.077748078850651581e+01 8.080053458068827865e+01 7.098429669228198691e+01
3.079335115268960976e+01 8.090795188773805080e+01 7.078700300701636650e+01
3.047778149014366988e+01 8.097059806214500099e+01 7.059839625793517826e+01
3.027948546608753588e+01 8.101286334781156029e+01 7.052839959906448541e+01
3.014249916471767321e+01 8.112512529234881242e+01 7.055479452054794365e+01
3.003040427664550549e+01 8.123488138990978769e+01 7.034781156030737748e+01
3.026328098897427310e+01 8.074607417307049673e+01 7.040227196792515940e+01
3.035031740728366145e+01 8.077163381222852934e+01 7.064834614099565613e+01
3.062261944537253555e+01 8.071049114600735663e+01 7.093601737387237449e+01
3.058436351486802707e+01 8.056932843301035518e+01 7.103073838957567432e+01
3.048897427330437537e+01 8.065101904443702097e+01 7.100618108920815530e+01
3.054961577013030549e+01 8.082191780821918314e+01 7.102138322753090449e+01
3.054844637487470749e+01 8.082542599398597361e+01 7.090728366187771314e+01
3.037871700634814687e+01 8.069178082191780277e+01 7.100283995990645280e+01
3.039742733043768652e+01 8.082275309054460877e+01 7.083979284998329717e+01
3.050768459739391858e+01 8.093768793852322574e+01 7.106164383561643660e+01
3.036752422318743783e+01 8.083728700300702030e+01 7.078215836952890072e+01
3.071667223521550127e+01 8.081089208152354786e+01 7.050116939525560156e+01
3.089458737053124082e+01 8.088790511192783583e+01 7.062963581690611647e+01
3.106014032743067332e+01 8.096525225526228553e+01 7.082124958235883128e+01
3.104644169729368386e+01 8.086067490811893776e+01 7.064517206815904160e+01
3.095272302038088696e+01 8.078833945873705602e+01 7.055746742398930849e+01
3.110658202472435718e+01 8.088138990978950460e+01 7.077079852990310371e+01
3.103341129301703916e+01 8.083027063147343938e+01 7.085265619779485746e+01
3.095188773805546134e+01 8.080688272636150771e+01 7.080454393585031880e+01
3.081857667891747354e+01 8.085800200467758714e+01 7.087504176411627554e+01
3.081740728366187909e+01 8.104894754426996428e+01 7.079702639492148819e+01
3.067223521550284104e+01 8.107684597393918580e+01 7.075008352823253688e+01
3.056214500501169340e+01 8.091463414634147000e+01 7.057918476445038891e+01
3.059522218509856373e+01 8.127146675576344137e+01 7.035399264951553278e+01
3.065920481122619279e+01 8.150050116939524969e+01 7.060708319411961043e+01
3.070664884731039024e+01 8.142131640494487499e+01 7.082759772803207454e+01
3.076411627129969872e+01 8.118543267624457371e+01 7.105145339124624115e+01
3.096441697293685280e+01 8.138907450718342318e+01 7.125041764116271281e+01
3.099565653190778391e+01 8.142031406615436140e+01 7.129969929836285303e+01
3.098379552288673722e+01 8.105329101236218037e+01 7.122569328433010583e+01
3.093401269629134731e+01 8.086785833611760665e+01 7.162829936518542695e+01
3.110975609756097526e+01 8.091764116271299656e+01 7.180972268626796051e+01
3.117123287671232745e+01 8.094336785833611714e+01 7.188523220848647100e+01
3.121633812228533245e+01 8.076595389241563794e+01 7.180805212161710926e+01
3.118275977280320888e+01 8.069896424991647166e+01 7.163949214834613599e+01
3.104694286668894065e+01 8.074690945539592235e+01 7.145890410958904226e+01
3.100200467758102363e+01 8.088105579685934288e+01 7.141931172736384781e+01
3.084914801202806700e+01 8.076428332776478669e+01 7.112880053458069085e+01
3.059622452388907377e+01 8.072251921149349130e+01 7.084246575342466201e+01
3.049849649181423317e+01 8.087103240895422118e+01 7.100567991981289140e+01
3.065853658536585513e+01 8.103975943869028242e+01 7.112429001002338680e+01
3.077430671566989773e+01 8.087754761109255242e+01 7.123538255930505159e+01
3.097126628800534576e+01 8.073237554293351081e+01 7.127798195790177260e+01
3.110106916137654665e+01 8.079301703975943383e+01 7.170414300033411337e+01
3.120614767791513700e+01 8.076979619111259012e+01 7.164149682592716317e+01
3.107450718342799689e+01 8.078249248245907665e+01 7.123788840628132846e+01
3.101987971934513766e+01 8.071450050116939678e+01 7.109371867691280045e+01
3.108002004677581098e+01 8.078533244236551525e+01 7.112044771132643461e+01
3.123822251921149373e+01 8.084998329435349262e+01 7.119244904777815464e+01
3.089525559639158203e+01 8.060190444370196872e+01 7.093501503508186090e+01
3.083595055128633433e+01 8.067591045773471592e+01 7.084597393919145247e+01
3.098095556298028797e+01 8.088573337788172068e+01 7.097360507851654177e+01
3.079151353157367055e+01 8.102973605078516073e+01 7.099665887069829751e+01
3.069027731373204304e+01 8.081022385566321020e+01 7.074306715669897017e+01
3.070197126628800532e+01 8.080588038757099412e+01 7.071734046107584959e+01
3.079151353157367055e+01 8.094620781824256994e+01 7.083361176077514187e+01
3.096174406949548796e+01 8.112712996992983960e+01 7.110541262946875918e+01
3.088590043434680865e+01 8.075659873037086811e+01 7.096341463414634632e+01
3.091346475108586844e+01 8.079819579017707554e+01 7.100033411293017593e+01
3.085165385900434387e+01 8.087738055462746445e+01 7.104878048780487632e+01
3.087637821583695441e+01 8.095155362512528541e+01 7.101336451720680998e+01
3.073722018042098370e+01 8.089592382225191614e+01 7.091563648513196938e+01
3.071216171065820078e+01 8.097243568326094021e+01 7.091396592048111813e+01
3.060708319411961398e+01 8.094487136652188042e+01 7.084563982626127654e+01
3.059973270965586423e+01 8.088539926495155896e+01 7.071132642833278226e+01
3.093919144670898902e+01 8.080053458068827865e+01 7.067657868359505358e+01
3.111911125960574509e+01 8.090561309722686190e+01 7.080437687938523084e+01
3.134112930170397604e+01 8.089709321750751769e+01 7.077647844971600932e+01
3.154610758436351503e+01 8.090160374206482174e+01 7.070080187103241087e+01
3.154026060808553211e+01 8.089174741062478802e+01 7.069295021717340433e+01
3.118927497494152945e+01 8.076595389241563794e+01 7.071550283995991038e+01
3.083561643835616550e+01 8.069896424991647166e+01 7.069061142666221542e+01
3.077898429669228264e+01 8.086618777146675541e+01 7.077297026394921886e+01
3.055713331105913966e+01 8.075459405278984093e+01 7.080972268626796051e+01
3.044654193117273522e+01 8.072552622786501786e+01 7.084346809221517560e+01
3.063464751085867022e+01 8.068443033745406012e+01 7.104827931840962663e+01
3.080203808887403838e+01 8.090527898429668596e+01 7.128516538590042728e+01
3.071383227530905558e+01 8.065536251252923705e+01 7.095172068159037337e+01
3.075409288339458769e+01 8.065085198797193300e+01 7.107617774807884814e+01
3.079602405613097105e+01 8.098680253925826378e+01 7.136735716672235696e+01
3.083494821249582429e+01 8.091413297694620610e+01 7.126328098897427310e+01
3.079401937854995097e+01 8.044553959238223229e+01 7.107233544938189596e+01
3.100150350818576683e+01 8.081540260608085191e+01 7.145289007684597493e+01
3.106582024724356828e+01 8.108085532910124016e+01 7.180387570998998115e+01
3.113080521216171093e+01 8.050100233879051359e+01 7.182342131640494642e+01
3.121399933177413999e+01 8.046057467423989351e+01 7.077196792515870527e+01
3.141797527564316894e+01 8.101403274306716185e+01 7.100501169395255374e+01
3.148880721683929096e+01 8.120648179084530227e+01 7.080855329101235895e+01
3.129351820915469418e+01 8.084881389909789107e+01 7.022034747744737615e+01
3.116622118275977371e+01 8.086986301369863384e+01 7.017323755429335108e+01
3.123471433344470327e+01 8.100050116939524969e+01 7.090527898429668596e+01
3.111359839625793455e+01 8.080053458068827865e+01 7.089909789508854487e+01
3.107467423989308486e+01 8.044286668894086745e+01 7.063899097895088630e+01
3.109839625793518181e+01 8.049866354827932469e+01 7.081907784831273034e+01
3.118326094219846212e+01 8.084213164049448608e+01 7.118058803875709373e+01
3.130387570998997759e+01 8.061526896090879291e+01 7.122836618777147066e+01
3.155345806882726478e+01 8.019863013698629572e+01 7.121934513865686256e+01
3.155746742398930849e+01 8.026478449716003638e+01 7.153608419645840399e+01
3.178516538590043439e+01 8.041062479117941564e+01 7.213464751085867022e+01
3.174473772134981786e+01 7.996090878717006944e+01 7.176745740060140122e+01
3.191062479117941919e+01 7.993501503508186090e+01 7.091430003341129407e+01
3.186301369863013733e+01 8.027564316739058370e+01 7.130370865352489318e+01
3.205529568994320044e+01 8.052405613097226933e+01 7.138239224858001819e+01
3.184163047109923284e+01 8.031840962245239268e+01 7.081189442031406145e+01
3.182024724356832479e+01 8.029502171734046101e+01 7.078950885399264337e+01
3.189442031406615286e+01 8.031373204143000066e+01 7.109288339458737482e+01
3.182843301035750017e+01 8.042215168727030061e+01 7.114049448713664958e+01
3.137053123955897149e+01 8.041463414634147000e+01 7.096725693284329850e+01
3.143852322084864781e+01 8.045923822251921820e+01 7.105796859338455818e+01
3.151987971934513766e+01 8.056732375542934221e+01 7.116137654527230438e+01
3.147828265953892313e+01 8.052372201804209340e+01 7.107701303040427376e+01
3.147410624791179501e+01 8.052288673571666777e+01 7.115903775476111548e+01
3.152823254259939745e+01 8.049949883060475031e+01 7.144303374540594120e+01
3.155663214166388286e+01 8.009956565319077981e+01 7.190778483127297704e+01
3.132642833277648009e+01 7.953357834948212712e+01 7.132976946207817548e+01
3.136267958569996495e+01 7.935131974607416794e+01 7.130988974273304848e+01
3.135800200467758003e+01 7.946224523889074476e+01 7.105462746408285568e+01
3.167641162712996916e+01 7.953407951887737681e+01 7.087788172402271414e+01
3.161376545272301897e+01 7.955429335115269396e+01 7.054727697961911304e+01
3.191997995322418902e+01 7.958920815235549640e+01 7.055679919812897083e+01
3.202405613097226933e+01 7.942565987303709107e+01 7.094219846308051558e+01
3.220514533912462696e+01 7.971099231540260632e+01 7.094754426996324526e+01
3.208085532910123305e+01 7.956164383561643660e+01 7.069896424991647166e+01
3.227798195790177260e+01 7.967791513531574310e+01 7.073838957567657815e+01
3.211543601737387377e+01 7.944553959238223229e+01 7.094102906782492823e+01
3.206481790845305824e+01 7.956465085198797738e+01 7.088907450718342318e+01
3.186167724690945491e+01 7.934580688272636451e+01 7.109488807216838779e+01
3.198613431339792967e+01 7.935733377881723527e+01 7.109505512863347576e+01
3.192699632475776639e+01 7.920664884731039024e+01 7.118225860340794497e+01
3.206982960240561198e+01 7.942365519545606389e+01 7.125893752088205702e+01
3.196909455395923771e+01 7.920263949214835009e+01 7.099148012028065580e+01
3.193184096224523927e+01 7.925359171399932734e+01 7.066622118275977016e+01
3.199014366855997338e+01 7.903224189776143760e+01 7.092933511526895529e+01
3.216872702973605413e+01 7.929368526561978570e+01 7.086735716672235696e+01
3.201386568660207388e+01 7.924674239893083438e+01 7.077764784497159667e+01
3.202589375208820854e+01 7.914884731039090582e+01 7.073922485800200377e+01
3.179184764450384293e+01 7.892014700968927343e+01 7.093217507517540810e+01
3.195272302038088696e+01 7.910574674239893511e+01 7.102956899432008697e+01
3.190745071834280111e+01 7.905913798864015973e+01 7.114801202806548019e+01
3.198830604744403772e+01 7.918342799866354653e+01 7.084797861677246544e+01
3.206164383561643660e+01 7.916455061810891891e+01 7.053641830938857993e+01
3.248379552288673722e+01 7.905813564984964614e+01 7.065452723020381143e+01
3.239241563648513278e+01 7.904961577013030194e+01 7.033260942198462828e+01
3.259538924156365169e+01 7.913899097895088630e+01 7.026795856999666512e+01
3.259472101570330693e+01 7.909622452388907732e+01 7.041764116271299656e+01
3.255579685933845724e+01 7.905061810892081553e+01 7.048162378884062207e+01
3.244119612429000910e+01 7.905562980287336927e+01 7.042515870364182717e+01
3.241680588038757094e+01 7.897444036084196739e+01 7.043417975275643528e+01
3.227063147343802285e+01 7.890511192783161221e+01 7.033144002672904094e+01
3.191246241229535485e+01 7.918944203140661386e+01 7.029502171734046101e+01
3.118142332108252646e+01 7.936685599732709306e+01 6.998095556298028441e+01
3.108503174072836472e+01 7.932525893752088564e+01 6.982576010691613533e+01
3.092966922819913123e+01 7.926478449716003638e+01 6.993367858336117138e+01
3.096391580354159601e+01 7.958503174072836828e+01 6.974874707651186156e+01
3.117707985299031037e+01 7.943000334112930716e+01 6.992315402606081420e+01
3.128316070831941076e+01 7.938773805546274787e+01 6.984814567323755341e+01
3.110140327430671547e+01 7.910106916137654309e+01 6.978533244236551525e+01
3.139909789508854132e+01 7.914483795522886567e+01 6.991262946876044282e+01
3.146107584363515031e+01 7.917006348145673655e+01 6.995790177079852867e+01
3.160524557300367476e+01 7.923538255930505159e+01 6.996308052121617038e+01
3.171282993651854198e+01 7.907701303040427376e+01 6.998980955562980455e+01
3.187570998997661320e+01 7.907885065152021298e+01 6.995957233544937992e+01
3.197544269963247743e+01 7.890360841964583472e+01 7.010273972602739434e+01
3.211226194453725213e+01 7.898930838623454065e+01 7.018543267624457371e+01
3.176077514199799623e+01 7.904276645506180898e+01 6.987938523220849163e+01
3.165987303708653400e+01 7.891947878382893578e+01 6.975309054460407765e+01
3.159839625793518181e+01 7.904577347143334975e+01 6.985399264951553278e+01
3.170547945205479579e+01 7.918493150684930981e+01 6.988222519211493022e+01
3.158219178082191902e+01 7.895539592382225180e+01 6.955479452054794365e+01
3.164751085867023050e+01 7.902071500167056683e+01 6.962011359839625868e+01
3.175008352823254398e+01 7.907851653859003704e+01 6.984563982626127654e+01
3.192515870364183073e+01 7.921817574340127521e+01 7.011693952555964415e+01
3.184380220514534088e+01 7.882642833277647298e+01 6.985048446374874231e+01
3.191029067824924681e+01 7.874223187437354454e+01 7.036802539258269462e+01
3.204727697961911304e+01 7.884179752756431014e+01 7.057383895756765924e+01
3.217290344136318225e+01 7.896675576344804881e+01 7.061326428332776572e+01
3.173003675242231836e+01 7.873972602739725346e+01 7.017574340126962795e+01
3.188322753090544737e+01 7.897310390912127787e+01 7.016655529568994609e+01
3.187788172402272124e+01 7.928115603073838713e+01 6.970481122619445102e+01
3.187119946541931270e+01 7.920631473438021430e+01 6.976628800534581387e+01
3.183812228533244237e+01 7.872385566321416661e+01 6.937838289341797804e+01
3.203775476110925524e+01 7.892348813899097593e+01 6.957801536919478735e+01
3.175860340795188819e+01 7.890862011359840267e+01 6.968910791847645214e+01
3.177029736050785047e+01 7.869846308052122197e+01 6.947293685265620411e+01
3.163748747076511947e+01 7.833544938189108109e+01 6.913631807550952146e+01
3.186084196458402928e+01 7.846725693284329850e+01 6.932225192114934487e+01
3.200367524223187132e+01 7.844570664884730604e+01 6.995957233544937992e+01
3.193685265619779656e+01 7.839425325760106489e+01 6.979318409622452180e+01
3.182459071166054088e+01 7.829067824924824492e+01 6.958937520882058436e+01
3.161259605746742452e+01 7.853374540594721509e+01 6.967941864350150638e+01
3.139475442699632524e+01 7.861293017039758979e+01 6.984413631807551326e+01
3.112278650183761997e+01 7.851603742064817482e+01 6.956648847310390238e+01
3.091296358169061165e+01 7.847794854660875785e+01 6.948897427330437893e+01
3.094036084196458347e+01 7.878065486134313744e+01 6.967607751419980389e+01
3.095890410958904226e+01 7.874507183427998314e+01 6.957300367524223361e+01
3.103842298696959645e+01 7.853357834948212712e+01 6.929769462078182585e+01
3.115436017373872346e+01 7.867023053792182452e+01 6.931272970263948707e+01
3.138990978950885236e+01 7.898930838623454065e+01 6.970096892749749884e+01
3.131690611426662230e+01 7.886752422318743072e+01 6.973220848646842285e+01
3.130354159705980521e+01 7.858319411961242906e+01 6.947427330437687942e+01
3.107500835282325369e+01 7.847694620781824426e+01 6.963464751085867022e+01
3.110608085532910039e+01 7.892298696959572624e+01 7.002689609087872213e+01
3.113247577681256217e+01 7.897878382893418348e+01 6.990227196792515940e+01
3.091881055796859457e+01 7.849047778149014221e+01 6.971032408954226867e+01
3.085950551286334687e+01 7.836435015035081619e+01 6.971383227530905913e+01
3.096241229535582917e+01 7.904293351152689695e+01 7.005863681924491004e+01
3.085532910123621875e+01 7.882225192114934487e+01 6.985198797193451981e+01
3.065569662545940588e+01 7.829886401603742740e+01 6.937236886067491071e+01
3.069963247577681287e+01 7.841764116271299656e+01 6.943434680922152324e+01
3.099448713665218946e+01 7.896742398930838647e+01 7.008336117607751703e+01
3.101637153357835075e+01 7.848780487804877737e+01 6.958870698296024671e+01
3.106531907784831148e+01 7.818660207150016106e+01 6.911977948546608275e+01
3.124457066488472989e+01 7.861643835616438025e+01 6.946742398930838647e+01
3.133311059137988508e+01 7.897594386902773067e+01 6.981623788840627753e+01
3.114333444704309883e+01 7.842900100233879357e+01 6.932876712328767610e+01
3.108436351486802707e+01 7.838706982960241021e+01 6.914617440694955519e+01
3.130621450050117005e+01 7.885950551286335042e+01 6.974724356832609828e+01
3.140143668559973378e+01 7.896876044102906178e+01 6.985850317407283683e+01
3.108787170063481398e+01 7.835248914132976950e+01 6.932008018710324393e+01
3.105195456064149795e+01 7.838539926495155896e+01 6.932024724356833190e+01
3.091112596057467599e+01 7.880855329101235895e+01 6.971099231540260632e+01
3.098479786167724725e+01 7.886952890076845790e+01 6.988088874039425491e+01
3.082676244570664892e+01 7.849699298362847344e+01 6.948930838623454065e+01
3.074106247911794298e+01 7.845806882726361664e+01 6.960942198463079933e+01
3.064400267290344004e+01 7.898980955562980455e+01 6.987621115937186289e+01
3.079401937854995097e+01 7.912579351820915008e+01 6.998680253925826378e+01
3.068108920815235408e+01 7.870882058135650539e+01 6.936969595723354587e+01
3.041864350150350660e+01 7.880454393585031880e+01 6.928900768459739368e+01
3.051252923488139146e+01 7.928733711994654243e+01 6.968860674908118824e+01
3.067774807885065158e+01 7.933361176077514187e+01 6.951503508185766123e+01
3.063180755095222096e+01 7.888306047444035585e+01 6.914233210825258880e+01
3.070998997661209629e+01 7.891279652522553079e+01 6.931540260608085191e+01
3.075893752088205702e+01 7.915152021383227066e+01 6.956414968259271348e+01
3.111727363848980943e+01 7.885633144002673589e+01 6.917006348145673655e+01
3.104226528566655574e+01 7.850000000000000000e+01 6.882041430003340565e+01
3.066722352155028375e+01 7.869562312061476916e+01 6.884898095556297903e+01
3.076528566655529673e+01 7.908269295021717937e+01 6.923003675242232191e+01
3.075576344804543893e+01 7.895422652856665025e+01 6.914233210825258880e+01
3.045055128633478247e+01 7.837370531239558602e+01 6.861493484797861697e+01
3.050968927497494221e+01 7.857584363514868642e+01 6.878767123287671836e+01
3.059104577347143206e+01 7.869796191112595807e+01 6.898897427330437893e+01
3.057584363514867931e+01 7.847961911125960910e+01 6.875526227865017859e+01
3.055128633478115674e+01 7.821182759772803195e+01 6.869228199131306667e+01
3.061493484797861697e+01 7.853341129301703916e+01 6.893100567991980654e+01
3.065385900434346667e+01 7.871266288005345757e+01 6.897627798195790660e+01
3.058235883728700344e+01 7.852288673571666777e+01 6.875442699632475296e+01
3.046374874707651159e+01 7.841029067824925392e+01 6.861643835616438025e+01
3.064767791513531492e+01 7.863564984964918381e+01 6.882442365519546001e+01
3.071115937186769074e+01 7.867774807885065513e+01 6.896140995656531913e+01
3.074690945539592235e+01 7.843484797861677293e+01 6.873287671232876050e+01
3.082759772803207454e+01 7.845272302038088696e+01 6.885766789174741120e+01
3.095556298028733622e+01 7.876378215836952279e+01 6.920314066154359978e+01
3.091613765452722973e+01 7.864617440694955519e+01 6.911359839625794166e+01
3.089842966922820011e+01 7.838322753090544381e+01 6.888172402271968053e+01
3.082843301035750017e+01 7.851637153357835075e+01 6.904493818910792413e+01
3.050902104911460100e+01 7.889258269295021364e+01 6.960257266956230637e+01
3.010691613765452601e+01 7.875709989976611780e+01 6.958002004677581454e+01
3.007868359505512856e+01 7.848563314400267643e+01 6.943919144670898902e+01
2.996842632809889651e+01 7.872819913130638270e+01 6.965302372201804815e+01
3.010641496825927277e+01 7.901453391246241154e+01 6.985415970598062074e+01
3.053240895422652912e+01 7.871884396926161287e+01 6.974290010023388220e+01
3.049732709655863516e+01 7.837871700634813976e+01 6.925208820581356406e+01
3.057784831272970294e+01 7.864467089876377770e+01 6.952539258269294464e+01
3.073521550283996007e+01 7.873053792181757160e+01 6.973955897093217970e+01
3.072970263949214953e+01 7.837153357834948508e+01 6.931774139659205503e+01
3.064416972936852801e+01 7.839959906448379456e+01 6.927965252255262385e+01
3.095005011693952568e+01 7.875025058469762484e+01 6.954477113264283616e+01
3.099615770130304071e+01 7.888990978950884880e+01 6.964500501169395363e+01
3.108202472435683106e+01 7.853909121282993056e+01 6.945422652856665025e+01
3.084530571333110416e+01 7.850952221850985779e+01 6.934914801202806700e+01
3.092332108252589506e+01 7.885115268960909418e+01 6.967641162712996561e+01
3.092398930838623627e+01 7.884046107584363483e+01 6.966104243234212845e+01
3.093284330103574931e+01 7.858336117607751703e+01 6.942799866354827998e+01
3.101570330771800954e+01 7.868025392582693200e+01 6.948212495823588597e+01
3.108954226528566522e+01 7.889375208820581520e+01 6.974106247911794298e+01
3.107584363514867931e+01 7.881423321082526456e+01 6.971867691279652490e+01
3.100567991981289850e+01 7.869796191112595807e+01 6.962178416304710993e+01
3.108068827263615219e+01 7.881506849315069019e+01 6.978499832943535353e+01
3.119812896759104603e+01 7.903675242231874165e+01 7.000133645172067531e+01
3.104627464082859944e+01 7.877731373204143495e+01 6.976929502171734043e+01
3.097477447377213622e+01 7.865235549615769628e+01 6.966839291680588531e+01
3.110858670230538081e+01 7.890110257266955784e+01 6.995055128633478603e+01
3.121767457400601486e+01 7.903892415636485680e+01 7.003424657534246478e+01
3.108837287003007077e+01 7.897644503842298036e+01 6.995706648847310305e+01
3.106314734380220344e+01 7.900935516204476983e+01 6.995856999665886633e+01
3.103725359171399845e+01 7.901353157367189795e+01 6.997377213498162973e+01
3.097961911125960555e+01 7.908753758770464515e+01 7.007183427998663205e+01
3.081824256598730472e+01 7.886802539258269462e+01 6.986769127965251869e+01
3.069345138656866112e+01 7.870781824256599180e+01 6.960858670230537371e+01
3.081974607417307155e+01 7.893100567991980654e+01 6.980704978282659567e+01
3.085432676244570516e+01 7.906314734380219988e+01 6.992215168727030061e+01
3.081306381556966301e+01 7.875593050451053045e+01 6.962896759104577882e+01
3.064634146341463250e+01 7.871082525893751836e+01 6.943952555963916495e+01
3.023387905111927765e+01 7.878950885399264337e+01 6.931473438022051425e+01
3.059388573337788131e+01 7.894704310056799557e+01 6.961259605746742807e+01
3.055278984296692357e+01 7.866404944871366922e+01 6.936435015035081619e+01
3.068326094219846212e+01 7.869027731373203949e+01 6.939859672569328097e+01
3.087136652188439712e+01 7.894420314066154276e+01 6.972803207484129473e+01
3.105028399599064315e+01 7.911409956565319135e+01 6.990093551620448409e+01
3.104928165720013311e+01 7.867039759438689828e+01 6.963665218843969740e+01
3.103591713999331603e+01 7.861159371867691448e+01 6.946825927163381209e+01
3.124774473772135153e+01 7.896876044102906178e+01 6.982776478449716251e+01
3.139425325760106844e+01 7.895422652856665025e+01 7.000233879051118890e+01
3.125626461744069573e+01 7.865352489141329784e+01 6.967791513531574310e+01
3.109739391914467177e+01 7.878533244236551525e+01 6.970547945205478868e+01
3.104410290678249140e+01 7.912495823588372446e+01 6.995756765786835274e+01
3.102706314734380300e+01 7.919712662880053244e+01 7.014634146341462895e+01
3.042515870364183073e+01 7.891997995322418546e+01 6.967875041764116872e+01
3.059605746742398935e+01 7.910424323421315762e+01 6.981790845305712878e+01
3.065085198797193300e+01 7.944236551954560355e+01 7.011393250918810338e+01
3.096257935182091714e+01 7.962946876044102851e+01 7.026561977948546200e+01
3.074707651186101032e+01 7.911226194453725213e+01 6.971399933177413288e+01
3.089692616104243328e+01 7.931757434012696706e+01 6.977831607083193433e+01
3.094036084196458347e+01 7.969345138656865402e+01 7.018693618443033699e+01
3.098580020046775729e+01 7.959121282993652358e+01 7.021834279986634897e+01
3.088940862011359911e+01 7.910624791179418480e+01 6.979953224189776506e+01
3.106598730370865269e+01 7.927447377213498214e+01 7.013247577681256928e+01
3.120731707317073145e+01 7.965402606080854753e+01 7.061293017039758979e+01
3.120932175075175508e+01 7.936501837621115385e+01 7.040811894420313877e+01
3.075425993985967210e+01 7.905162044771132912e+01 6.994938189107918447e+01
3.092198463080521265e+01 7.945088539926494775e+01 7.045322418977615087e+01
3.081172736384898059e+01 7.964166388239225114e+01 7.049766120948881110e+01
3.059305045105245568e+01 7.927497494153023183e+01 6.995723354493819102e+01
3.018860674908118824e+01 7.916655529568994609e+01 6.965302372201804815e+01
3.026211159371867865e+01 7.956515202138322707e+01 6.989391914467090317e+01
3.001536919478783716e+01 7.968793852322085058e+01 7.002338790511193167e+01
2.984263280988974287e+01 7.913464751085867022e+01 6.972268626795856505e+01
2.973605078516538569e+01 7.907350484463748330e+01 6.973438022051453800e+01
2.986201135983962729e+01 7.936618777146675541e+01 7.028900768459739368e+01
3.007250250584697682e+01 7.954159705980620743e+01 7.023655195456063893e+01
3.011075843635148530e+01 7.919562312061476916e+01 7.008970932175074608e+01
3.017006348145673300e+01 7.921550283995991038e+01 7.010758436351487433e+01
3.029034413631807610e+01 7.952923488138991104e+01 7.043601737387237449e+01
3.026595389241563794e+01 7.932041430003340565e+01 7.047978616772469707e+01
3.019027731373204304e+01 7.897377213498162973e+01 7.023738723688606456e+01
3.027848312729702585e+01 7.911610424323421853e+01 7.021667223521549772e+01
3.029134647510858613e+01 7.948880721683929096e+01 7.049548947544269595e+01
3.022218509856331536e+01 7.936551954560641775e+01 7.040060140327430815e+01
3.028048780487804947e+01 7.918626795856999934e+01 6.996909455395923771e+01
3.045456064149682618e+01 7.939041095890411270e+01 7.022235215502840333e+01
3.060140327430671547e+01 7.959672569328432701e+01 7.042465753424657748e+01
3.053491480120280599e+01 7.941296358169060454e+01 7.040761777480788908e+01
3.055913798864015973e+01 7.932626127631139923e+01 7.022636151019044348e+01
3.055462746408285923e+01 7.932175075175409518e+01 7.048847310390911503e+01
3.074523889074507110e+01 7.959756097560975263e+01 7.037905111927831570e+01
3.070230537921817415e+01 7.949582358837287188e+01 7.033879051119278358e+01
3.110407617774808031e+01 7.952271967925159402e+01 7.029017707985299523e+01
3.134246575342465846e+01 7.963214166388239335e+01 7.053257601069161353e+01
3.146391580354159601e+01 7.980036752422319069e+01 7.056715669896425425e+01
3.126528566655529673e+01 7.956097560975609895e+01 7.046909455395923771e+01
3.130420982292014642e+01 7.957651186100902407e+01 7.059421984630805014e+01
3.133194119612429063e+01 7.971850985633143694e+01 7.070681590377547820e+01
3.129485466087537660e+01 7.980638155696625802e+01 7.063164049448714366e+01
3.136902773137320466e+01 7.917891747410624248e+01 7.031323087203475097e+01
3.140745071834280111e+01 7.972018042098228818e+01 7.048362846642164925e+01
3.124106247911794298e+01 7.988523220848647100e+01 7.046424991647177194e+01
3.130504510524557205e+01 7.967524223187437826e+01 7.025559639158035452e+01
3.141981289675910460e+01 7.978199131306381275e+01 7.036902773137320821e+01
3.150801871032409096e+01 7.982743067156698658e+01 7.049532241897760798e+01
3.127246909455395851e+01 7.954243234213164726e+01 7.041713999331774687e+01
3.088623454727698103e+01 7.950300701637152656e+01 7.033628466421650671e+01
3.069679251587036362e+01 7.945188773805546134e+01 7.028249248245907665e+01
3.075593050451052335e+01 7.951770798529902606e+01 7.031156030738389973e+01
3.057083194119612557e+01 7.949097895088540611e+01 7.020063481456732291e+01
3.071984630805212291e+01 7.941413297694620610e+01 7.052138322753090449e+01
3.068108920815235408e+01 7.938205813564985647e+01 7.083812228533244593e+01
3.106364851319746023e+01 7.923003675242232191e+01 7.096541931172735929e+01
3.108503174072836472e+01 7.920397594386902540e+01 7.085182091546943184e+01
3.110541262946875918e+01 7.921099231540260632e+01 7.087420648179084992e+01
3.098813899097894975e+01 7.913514868025391991e+01 7.082776478449716251e+01
3.107534246575342607e+01 7.928115603073838713e+01 7.071717340461076162e+01
3.082609421984630771e+01 7.924640828600067266e+01 7.060557968593384714e+01
3.083578349482124992e+01 7.922402271967925458e+01 7.058653524891413156e+01
3.076912796525225602e+01 7.921683929168058569e+01 7.054126294687604570e+01
3.102806548613431303e+01 7.944837955228867088e+01 7.071734046107584959e+01
3.106481790845305824e+01 7.936151019044436339e+01 7.071934513865686256e+01
3.117390578015369229e+01 7.933361176077514187e+01 7.065268960908787221e+01
3.113615101904443705e+01 7.944153023722017792e+01 7.080070163715335241e+01
3.128466421650517759e+01 7.945539592382225180e+01 7.087069829602405946e+01
3.107567657868359490e+01 7.939475442699632879e+01 7.064099565653191348e+01
3.135015035081857704e+01 7.948145673237554831e+01 7.078249248245907665e+01
3.142816572001336439e+01 7.962963581690611647e+01 7.095272302038088696e+01
3.163364517206816018e+01 7.955111927831606522e+01 7.092833277647845591e+01
3.168008686936184404e+01 7.933762111593718203e+01 7.079502171734046101e+01
3.179268292682926855e+01 7.953508185766789040e+01 7.073788840628132846e+01
3.169161376545272191e+01 7.963882392248579833e+01 7.099699298362847344e+01
3.177297026394921531e+01 7.954644169729368741e+01 7.083110591379886500e+01
3.167490811894420233e+01 7.919311727363849229e+01 7.081590377547611581e+01
3.178215836952890072e+01 7.939993317741397050e+01 7.099398596725693267e+01
3.167457400601403350e+01 7.946140995656531913e+01 7.092649515536251670e+01
3.153959238222519090e+01 7.935583027063147199e+01 7.063915803541597427e+01
3.146809221516872768e+01 7.917808219178081686e+01 7.050283995990645280e+01
3.154727697961911304e+01 7.937621115937186289e+01 7.065018376211159534e+01
3.145522886735716739e+01 7.941513531573671969e+01 7.064099565653191348e+01
3.124757768125626356e+01 7.924223187437354454e+01 7.019211493484797870e+01
3.072034747744737615e+01 7.914500501169395363e+01 6.999365185432675673e+01
3.076361510190444193e+01 7.937838289341797804e+01 7.034530571333110061e+01
3.065636485131974709e+01 7.941947878382893578e+01 7.035766789174741120e+01
3.071383227530905558e+01 7.915653190778482440e+01 7.023939191446709174e+01
3.066054126294687521e+01 7.916739057801537172e+01 7.022552622786501786e+01
3.072769796191112590e+01 7.950985633144003373e+01 7.054827931840962663e+01
3.069395255596391436e+01 7.948245907116604769e+01 7.041997995322418546e+01
3.076528566655529673e+01 7.919261610424322839e+01 7.028583361176077915e+01
3.087320414300033278e+01 7.930120280654861631e+01 7.038038757099899101e+01
3.126795856999665801e+01 7.954928165720014022e+01 7.076411627129969872e+01
3.140878717006347998e+01 7.927948546608753588e+01 7.101019044437019545e+01
3.186084196458402928e+01 7.899782826595389906e+01 7.090193785499498347e+01
3.201820915469428996e+01 7.912245238890744758e+01 7.108002004677581454e+01
3.225275643167390882e+01 7.933561643835616906e+01 7.124640828600067266e+01
3.201369863013698591e+01 7.917273638489810139e+01 7.085766789174741120e+01
3.196074173070497793e+01 7.904560641496826179e+01 7.075158703641831437e+01
3.209388573337788131e+01 7.914734380220514254e+01 7.099899766120948641e+01
3.218793852322085058e+01 7.922001336451720022e+01 7.115385900434347377e+01
3.160324089542265114e+01 7.908002004677581454e+01 7.077129969929836761e+01
3.159137988640160444e+01 7.915068493150684503e+01 7.082692950217173689e+01
3.148596725693284171e+01 7.930253925826929162e+01 7.099548947544269595e+01
3.161092549281657327e+01 7.944086201135984027e+01 7.105095222185099146e+01
3.134597393919144537e+01 7.913514868025391991e+01 7.105061810892081553e+01
3.140243902439024382e+01 7.917089876378216218e+01 7.109505512863347576e+01
3.127714667557634343e+01 7.915987303708654110e+01 7.128516538590042728e+01
3.118459739391914454e+01 7.908803875709989484e+01 7.124607417307049673e+01
3.078717006348145802e+01 7.889575676578684238e+01 7.105111927831606522e+01
3.095940527898429551e+01 7.902255262278650605e+01 7.113949214834613599e+01
3.086451720681590416e+01 7.914216505178750083e+01 7.136936184430336994e+01
3.093083862345472923e+01 7.925659873037086811e+01 7.125392582692950327e+01
3.088022051453391370e+01 7.903691947878382962e+01 7.069913130638155963e+01
