2.550000000000000000e+02 1.684690762416956602e+02 9.798900664346726330e+01
2.550000000000000000e+02 1.684292747548244336e+02 9.801627254033533632e+01
2.550000000000000000e+02 1.684318451439417856e+02 9.801884292945270261e+01
2.550000000000000000e+02 1.682476866497943604e+02 9.782408652325213438e+01
2.550000000000000000e+02 1.681794922492881881e+02 9.750850205631130052e+01
2.550000000000000000e+02 1.686040612148054549e+02 9.677109696298639108e+01
2.550000000000000000e+02 1.692984814931983522e+02 9.567787092692185524e+01
2.550000000000000000e+02 1.696090240430243625e+02 9.530144732679531216e+01
2.550000000000000000e+02 1.697120966466308118e+02 9.507353290098070886e+01
2.550000000000000000e+02 1.697650862068965409e+02 9.488886032900980183e+01
2.550000000000000000e+02 1.702517597279341999e+02 9.471569519139512749e+01
2.550000000000000000e+02 1.707350126542233397e+02 9.458213381841189005e+01
2.550000000000000000e+02 1.709413555836760565e+02 9.464105504587155338e+01
2.550000000000000000e+02 1.710441513761468002e+02 9.471506248022777186e+01
2.550000000000000000e+02 1.711596607086364941e+02 9.470466229041443285e+01
2.550000000000000000e+02 1.715260597912053129e+02 9.482636032900980183e+01
2.550000000000000000e+02 1.715306667193925989e+02 9.476255536222714682e+01
2.550000000000000000e+02 1.712350917431192556e+02 9.470907149636191491e+01
2.550000000000000000e+02 1.710757671622904184e+02 9.470800379626700760e+01
2.550000000000000000e+02 1.709333478329642446e+02 9.468311056627649691e+01
2.550000000000000000e+02 1.708814259727934086e+02 9.472340635874722636e+01
2.550000000000000000e+02 1.709206738373932239e+02 9.471583359696298032e+01
2.550000000000000000e+02 1.709168973426130833e+02 9.471118712432775055e+01
2.550000000000000000e+02 1.708990034799114142e+02 9.473133502056310817e+01
2.550000000000000000e+02 1.709480385953812061e+02 9.474414742170199588e+01
2.550000000000000000e+02 1.710884213856374458e+02 9.474082568807340010e+01
2.550000000000000000e+02 1.711332647896235244e+02 9.474786459981018538e+01
2.550000000000000000e+02 1.712570191395128063e+02 9.470545317937362029e+01
2.550000000000000000e+02 1.715287092692186093e+02 9.476747864599809645e+01
2.550000000000000000e+02 1.720712590952230414e+02 9.487638405567858513e+01
2.550000000000000000e+02 1.722596488453021095e+02 9.479468522619424675e+01
2.550000000000000000e+02 1.723391925023726685e+02 9.476864520721291285e+01
2.550000000000000000e+02 1.725777048402404432e+02 9.478570863650743661e+01
2.550000000000000000e+02 1.729390620056944101e+02 9.465363018032267917e+01
2.550000000000000000e+02 1.732035945903195113e+02 9.455277206580196037e+01
2.550000000000000000e+02 1.731975640620056822e+02 9.453313824739007032e+01
2.550000000000000000e+02 1.731478962353685631e+02 9.455338500474533703e+01
2.550000000000000000e+02 1.732207766529579374e+02 9.455476906042392216e+01
2.550000000000000000e+02 1.733117091110408126e+02 9.458377491300221607e+01
2.550000000000000000e+02 1.732337076874406705e+02 9.471195824106295902e+01
2.550000000000000000e+02 1.732572959506485404e+02 9.469125672255614745e+01
2.550000000000000000e+02 1.734409205947484907e+02 9.460605820942740252e+01
2.550000000000000000e+02 1.737405093324897223e+02 9.457837709585574260e+01
2.550000000000000000e+02 1.740590200885795582e+02 9.462498022777602102e+01
2.550000000000000000e+02 1.743480900031635485e+02 9.477390461879151928e+01
2.550000000000000000e+02 1.743521235368554301e+02 9.480032031002846793e+01
2.550000000000000000e+02 1.742865192976906030e+02 9.481855030053780808e+01
2.550000000000000000e+02 1.744052712749129910e+02 9.468888405567858513e+01
2.550000000000000000e+02 1.745442106928187229e+02 9.475727617842454720e+01
2.550000000000000000e+02 1.745103606453653811e+02 9.478906991458399034e+01
2.550000000000000000e+02 1.745253875355899993e+02 9.483059158494147312e+01
2.550000000000000000e+02 1.745517043657070531e+02 9.477259965200886427e+01
2.550000000000000000e+02 1.745762021512179558e+02 9.475810661183169259e+01
2.550000000000000000e+02 1.743732007276178422e+02 9.482131841189496413e+01
2.550000000000000000e+02 1.740922176526415797e+02 9.470278392913634491e+01
2.550000000000000000e+02 1.739092059474849634e+02 9.463927554571338874e+01
2.550000000000000000e+02 1.737075688073394417e+02 9.457691395128124157e+01
2.550000000000000000e+02 1.734278709269218552e+02 9.450980702309395554e+01
2.550000000000000000e+02 1.731471251186333404e+02 9.442417352103764472e+01
2.550000000000000000e+02 1.730109735843087719e+02 9.444635795634293629e+01
2.550000000000000000e+02 1.730278195191395127e+02 9.456404223347041693e+01
2.550000000000000000e+02 1.730531872825055473e+02 9.456394337235052205e+01
2.550000000000000000e+02 1.730806311293894453e+02 9.458347832964251722e+01
2.550000000000000000e+02 1.731740746599177498e+02 9.450925340082253001e+01
2.550000000000000000e+02 1.732469353052831309e+02 9.445082647896235528e+01
2.550000000000000000e+02 1.733162962670041054e+02 9.451852657386902479e+01
2.550000000000000000e+02 1.733925181904460544e+02 9.455900031635557923e+01
2.550000000000000000e+02 1.736365865232521344e+02 9.450284720025308616e+01
2.550000000000000000e+02 1.741215596330275162e+02 9.464338816830117196e+01
2.550000000000000000e+02 1.745814813350205554e+02 9.474827981651375808e+01
2.550000000000000000e+02 1.746633778867447120e+02 9.480660787725403793e+01
2.550000000000000000e+02 1.746709901929769160e+02 9.478891173679215854e+01
2.550000000000000000e+02 1.748218324897184459e+02 9.479391410945903829e+01
2.550000000000000000e+02 1.749543657070547340e+02 9.480243593799430357e+01
2.550000000000000000e+02 1.750679175893704382e+02 9.478050854160075289e+01
2.550000000000000000e+02 1.756059198038595355e+02 9.477588184118950210e+01
2.550000000000000000e+02 1.762245729199620428e+02 9.473145365390699624e+01
2.550000000000000000e+02 1.765439931983549400e+02 9.480221844353053484e+01
2.550000000000000000e+02 1.769030172413793025e+02 9.487897421701993039e+01
2.550000000000000000e+02 1.774284245491932950e+02 9.485091743119265573e+01
2.550000000000000000e+02 1.780455354318253853e+02 9.496707924707371262e+01
2.550000000000000000e+02 1.782705828851629235e+02 9.495161736792154272e+01
2.550000000000000000e+02 1.785951043973426238e+02 9.497417747548244904e+01
2.550000000000000000e+02 1.788499485922176575e+02 9.497617447010439662e+01
2.550000000000000000e+02 1.790660194558683997e+02 9.498803780449225087e+01
2.550000000000000000e+02 1.791389789623536899e+02 9.495486001265422260e+01
2.550000000000000000e+02 1.791912764947801406e+02 9.499822049984182115e+01
2.550000000000000000e+02 1.792254824422651041e+02 9.488089212274596207e+01
2.550000000000000000e+02 1.793096330275229491e+02 9.495531477380575325e+01
2.550000000000000000e+02 1.794244898766213225e+02 9.479628677633660061e+01
2.550000000000000000e+02 1.795491339765897010e+02 9.481455631129389872e+01
2.550000000000000000e+02 1.799248457766529441e+02 9.476413714014552170e+01
2.550000000000000000e+02 1.805731967731730379e+02 9.483023568490983735e+01
2.550000000000000000e+02 1.811714449541284466e+02 9.487462432774438525e+01
2.550000000000000000e+02 1.815954405251502806e+02 9.490262179689970878e+01
2.550000000000000000e+02 1.816647026257513460e+02 9.497172571970895660e+01
2.550000000000000000e+02 1.817688824739006748e+02 9.500219471686175154e+01
2.550000000000000000e+02 1.818351391964568222e+02 9.490307655805125364e+01
2.550000000000000000e+02 1.818071812717494424e+02 9.484095223030686839e+01
2.550000000000000000e+02 1.815965082252451737e+02 9.489752056311293416e+01
2.550000000000000000e+02 1.813616932932616237e+02 9.483084862385321401e+01
2.550000000000000000e+02 1.812672216070863556e+02 9.481760123378677463e+01
2.550000000000000000e+02 1.811773963935463598e+02 9.487931034482758719e+01
2.550000000000000000e+02 1.811153313824738973e+02 9.486382869345143831e+01
2.550000000000000000e+02 1.811241300221448967e+02 9.484961246441000071e+01
2.550000000000000000e+02 1.810850601075609063e+02 9.477938152483390866e+01
2.550000000000000000e+02 1.810364402087946871e+02 9.478114125276810853e+01
2.550000000000000000e+02 1.809978250553622274e+02 9.481244068332806307e+01
2.550000000000000000e+02 1.810169447959506499e+02 9.483915295792471056e+01
2.550000000000000000e+02 1.810323275862068897e+02 9.484457054729516301e+01
2.550000000000000000e+02 1.810773093957608353e+02 9.481679057260360821e+01
2.550000000000000000e+02 1.810386546978804176e+02 9.483990430243594005e+01
2.550000000000000000e+02 1.809804452704840116e+02 9.487715517241379359e+01
2.550000000000000000e+02 1.809946021828535265e+02 9.481246045555204205e+01
2.550000000000000000e+02 1.809589330907940621e+02 9.476730069598228567e+01
2.550000000000000000e+02 1.809087907307813907e+02 9.480945507750712409e+01
2.550000000000000000e+02 1.808262812401139001e+02 9.482272223979752823e+01
2.550000000000000000e+02 1.808370571021828539e+02 9.478984103131919881e+01
2.550000000000000000e+02 1.808229397342612970e+02 9.486177238215753960e+01
2.550000000000000000e+02 1.808305322682695362e+02 9.485932062638406137e+01
2.550000000000000000e+02 1.808976985131287449e+02 9.481639512812401449e+01
2.550000000000000000e+02 1.809441632394811847e+02 9.474928819993672846e+01
2.550000000000000000e+02 1.810121006010756162e+02 9.474478013286935152e+01
2.550000000000000000e+02 1.810257632078456140e+02 9.474760756089844449e+01
2.550000000000000000e+02 1.810879270800379572e+02 9.474705393862701897e+01
2.550000000000000000e+02 1.811653748813666596e+02 9.478131920278393352e+01
2.550000000000000000e+02 1.812015580512496058e+02 9.477969788041758648e+01
2.550000000000000000e+02 1.812253835811451950e+02 9.482614283454603310e+01
2.550000000000000000e+02 1.813048283770958449e+02 9.476995017399556787e+01
2.550000000000000000e+02 1.813505813033850131e+02 9.471715833596962852e+01
2.550000000000000000e+02 1.813591426763682364e+02 9.476850680164504581e+01
2.550000000000000000e+02 1.812795990192976774e+02 9.477975719708952340e+01
2.550000000000000000e+02 1.811976036064536402e+02 9.477874881366656723e+01
2.550000000000000000e+02 1.811819440050616947e+02 9.477479436887061581e+01
2.550000000000000000e+02 1.811312480227776121e+02 9.475391490034799347e+01
2.550000000000000000e+02 1.809498971844353150e+02 9.473722714330908445e+01
2.550000000000000000e+02 1.807051961404618794e+02 9.475391490034799347e+01
2.550000000000000000e+02 1.806890620056944101e+02 9.462919171148371333e+01
2.550000000000000000e+02 1.806685186649794446e+02 9.462620610566276014e+01
2.550000000000000000e+02 1.805542352103764756e+02 9.465546899715279494e+01
2.550000000000000000e+02 1.804240944321417146e+02 9.466270563112938419e+01
2.550000000000000000e+02 1.802624169566592798e+02 9.465129705789307479e+01
2.550000000000000000e+02 1.801323157228725051e+02 9.468198354950965268e+01
2.550000000000000000e+02 1.799666047136981888e+02 9.469849335653273670e+01
2.550000000000000000e+02 1.799387456501107181e+02 9.476142834546030258e+01
2.550000000000000000e+02 1.799863769376779601e+02 9.478525387535590596e+01
2.550000000000000000e+02 1.800170634292945238e+02 9.475195745017398963e+01
2.550000000000000000e+02 1.800667510281556360e+02 9.461499525466624050e+01
2.550000000000000000e+02 1.800516648212590951e+02 9.466697643150901342e+01
2.550000000000000000e+02 1.799965991774754741e+02 9.468380259411578947e+01
2.550000000000000000e+02 1.800602261942423183e+02 9.465117842454918673e+01
2.550000000000000000e+02 1.800873536855425527e+02 9.461155488769377087e+01
2.550000000000000000e+02 1.800244384688389800e+02 9.466925023726668087e+01
2.550000000000000000e+02 1.800259807023093970e+02 9.471247231888642659e+01
2.550000000000000000e+02 1.799824818095539456e+02 9.463717968997153207e+01
2.550000000000000000e+02 1.799099177475482350e+02 9.460756089844986150e+01
2.550000000000000000e+02 1.798484063587472406e+02 9.462316118316988423e+01
2.550000000000000000e+02 1.797958913318570069e+02 9.466436649794368918e+01
2.550000000000000000e+02 1.797747943688706016e+02 9.467585416007592869e+01
2.550000000000000000e+02 1.797780370136032957e+02 9.472125118633343277e+01
2.550000000000000000e+02 1.797630694400506286e+02 9.469869107877254066e+01
2.550000000000000000e+02 1.798004587155963350e+02 9.467921543815248242e+01
2.550000000000000000e+02 1.799334466940841537e+02 9.468028313824738973e+01
2.550000000000000000e+02 1.800071970895286313e+02 9.471164188547928120e+01
2.550000000000000000e+02 1.800712590952230414e+02 9.456192660550458129e+01
2.550000000000000000e+02 1.801283612780765679e+02 9.465849414742170609e+01
2.550000000000000000e+02 1.801069875039544570e+02 9.470402957924707721e+01
2.550000000000000000e+02 1.800858312242961006e+02 9.474820072761784218e+01
2.550000000000000000e+02 1.799912606770009518e+02 9.470835969629864337e+01
2.550000000000000000e+02 1.798320547295159884e+02 9.476245650110723773e+01
2.550000000000000000e+02 1.795923362859854535e+02 9.468233944954128845e+01
2.550000000000000000e+02 1.793475956975640599e+02 9.454958873774121741e+01
2.550000000000000000e+02 1.795310028472002557e+02 9.457497627333123091e+01
2.550000000000000000e+02 1.798456975640619930e+02 9.458620689655172953e+01
2.550000000000000000e+02 1.799874248655488884e+02 9.452072129073077633e+01
2.550000000000000000e+02 1.801421820626383976e+02 9.447490904776969955e+01
2.550000000000000000e+02 1.802623378677633639e+02 9.456184751660866539e+01
2.550000000000000000e+02 1.803653511546978905e+02 9.466114362543498828e+01
2.550000000000000000e+02 1.804049549193293274e+02 9.473317383739322395e+01
2.550000000000000000e+02 1.804610091743119256e+02 9.468751977222397898e+01
2.550000000000000000e+02 1.808260835178740820e+02 9.474572919962037076e+01
2.550000000000000000e+02 1.807793222081619717e+02 9.472870531477380496e+01
2.550000000000000000e+02 1.807051170515659635e+02 9.471998576399873571e+01
2.550000000000000000e+02 1.807569993672888415e+02 9.472101391964568506e+01
2.550000000000000000e+02 1.808127174944637829e+02 9.477546662448591519e+01
2.550000000000000000e+02 1.809177277760202571e+02 9.476208082885162298e+01
2.550000000000000000e+02 1.809776771591268698e+02 9.477963856374564955e+01
2.550000000000000000e+02 1.812085574185384473e+02 9.480836760518823780e+01
2.550000000000000000e+02 1.815252491300221322e+02 9.476433486238532566e+01
2.550000000000000000e+02 1.816628638089212302e+02 9.478893150901613751e+01
2.550000000000000000e+02 1.817876265422334825e+02 9.474491853843720435e+01
2.550000000000000000e+02 1.819001304966782584e+02 9.468144969946219192e+01
2.550000000000000000e+02 1.819941474217019959e+02 9.466853843720342354e+01
2.550000000000000000e+02 1.820970420752926202e+02 9.468087630496678742e+01
2.550000000000000000e+02 1.821703772540335251e+02 9.475721686175261027e+01
2.550000000000000000e+02 1.822543103448275872e+02 9.467617051565960651e+01
2.550000000000000000e+02 1.825263563745650117e+02 9.462861831698829462e+01
2.550000000000000000e+02 1.827039307181271681e+02 9.459589528630179700e+01
2.550000000000000000e+02 1.827473307497627388e+02 9.457673600126541658e+01
2.550000000000000000e+02 1.826839409996836423e+02 9.475899636191078912e+01
2.550000000000000000e+02 1.826303780449224803e+02 9.475288674470104411e+01
2.550000000000000000e+02 1.825968443530528305e+02 9.477716703574817814e+01
2.550000000000000000e+02 1.825918222081619717e+02 9.475039544447959372e+01
2.550000000000000000e+02 1.825915453970262661e+02 9.469119740588421053e+01
2.550000000000000000e+02 1.826639908256880744e+02 9.448358905409681086e+01
2.550000000000000000e+02 1.825903590635874707e+02 9.445440525150269195e+01
2.550000000000000000e+02 1.825417589370452447e+02 9.438500474533375950e+01
2.550000000000000000e+02 1.826308921227459621e+02 9.432916798481493004e+01
2.550000000000000000e+02 1.827801526415691171e+02 9.427920357481809788e+01
2.550000000000000000e+02 1.829335257829800696e+02 9.435554413160392073e+01
2.550000000000000000e+02 1.829929215438152426e+02 9.435158968680796931e+01
2.550000000000000000e+02 1.830685305283138291e+02 9.434850521986713545e+01
2.550000000000000000e+02 1.831496559633027630e+02 9.434421464726352724e+01
2.550000000000000000e+02 1.831980979120531572e+02 9.431957845618475744e+01
2.550000000000000000e+02 1.830406912369503232e+02 9.427542708003795724e+01
2.550000000000000000e+02 1.827850363808921088e+02 9.430275229357798139e+01
2.550000000000000000e+02 1.826701795317937354e+02 9.434979041442581149e+01
2.550000000000000000e+02 1.825851985131287449e+02 9.448254112622588252e+01
2.550000000000000000e+02 1.824214251819044534e+02 9.455113097121164856e+01
2.550000000000000000e+02 1.823980148687124370e+02 9.457058683960771361e+01
2.550000000000000000e+02 1.823410510914267775e+02 9.451955472951597415e+01
2.550000000000000000e+02 1.823617921543815328e+02 9.446231414109459479e+01
2.550000000000000000e+02 1.823669329326162654e+02 9.444997627333123091e+01
2.550000000000000000e+02 1.823820191395128063e+02 9.452026652957924568e+01
2.550000000000000000e+02 1.824288595381208609e+02 9.450399398924390937e+01
2.550000000000000000e+02 1.825231532742803040e+02 9.456934118949699553e+01
2.550000000000000000e+02 1.826849889275545706e+02 9.457893071812716812e+01
2.550000000000000000e+02 1.827789069914583990e+02 9.449497785510914127e+01
2.550000000000000000e+02 1.827316513761468002e+02 9.452301486871243696e+01
2.550000000000000000e+02 1.827759609300854038e+02 9.453426526415691455e+01
2.550000000000000000e+02 1.828190446061373109e+02 9.451447326795317849e+01
2.550000000000000000e+02 1.828180559949383053e+02 9.448437994305599830e+01
2.550000000000000000e+02 1.827457094273964060e+02 9.455811056627649691e+01
2.550000000000000000e+02 1.825854160075925279e+02 9.453005378044922224e+01
2.550000000000000000e+02 1.825723663397658925e+02 9.450798797848781874e+01
2.550000000000000000e+02 1.826373576399873571e+02 9.456783850047453654e+01
2.550000000000000000e+02 1.827422295159759642e+02 9.458784799114204134e+01
2.550000000000000000e+02 1.829069716861752681e+02 9.455921781081936217e+01
2.550000000000000000e+02 1.829446773173046381e+02 9.448754349889276227e+01
2.550000000000000000e+02 1.829465754508067050e+02 9.447694558683960508e+01
2.550000000000000000e+02 1.832694360961720861e+02 9.465096093008541800e+01
2.550000000000000000e+02 1.834643902246124583e+02 9.453367209743751687e+01
2.550000000000000000e+02 1.837009451123062433e+02 9.435880654856057959e+01
2.550000000000000000e+02 1.838494938310661269e+02 9.429239164821258612e+01
2.550000000000000000e+02 1.838283573236317636e+02 9.431277681113571987e+01
2.550000000000000000e+02 1.838372350521986789e+02 9.433335969629864337e+01
2.550000000000000000e+02 1.837908296425181902e+02 9.442029816513760920e+01
2.550000000000000000e+02 1.837908494147421834e+02 9.439263682378994247e+01
2.550000000000000000e+02 1.837908098702941970e+02 9.442019930401771433e+01
2.550000000000000000e+02 1.838074976273331345e+02 9.437677950015817885e+01
2.550000000000000000e+02 1.838942383739322963e+02 9.427892676368237801e+01
2.550000000000000000e+02 1.839935542549825982e+02 9.437444637772856026e+01
2.550000000000000000e+02 1.840562915216703459e+02 9.431744305599494282e+01
2.550000000000000000e+02 1.840990983865865189e+02 9.432568807339450245e+01
2.550000000000000000e+02 1.841503875355899993e+02 9.432050775071179771e+01
2.550000000000000000e+02 1.842021116735210455e+02 9.432272223979752823e+01
2.550000000000000000e+02 1.845007118000632715e+02 9.429808604871875843e+01
2.550000000000000000e+02 1.848121045555203921e+02 9.428205077507118403e+01
2.550000000000000000e+02 1.850696773173046381e+02 9.432647896235368989e+01
2.550000000000000000e+02 1.850927910471369842e+02 9.433583122429611478e+01
2.550000000000000000e+02 1.849558486238531998e+02 9.441899319835495419e+01
2.550000000000000000e+02 1.845361436254349883e+02 9.423568490983865331e+01
2.550000000000000000e+02 1.840761626067699979e+02 9.421947168617525392e+01
2.550000000000000000e+02 1.835350956975640599e+02 9.411695270484024434e+01
2.550000000000000000e+02 1.834138326478962426e+02 9.405856532742802756e+01
2.550000000000000000e+02 1.834107284087314156e+02 9.407974137931034875e+01
2.550000000000000000e+02 1.834761744701044108e+02 9.408413081303385184e+01
2.550000000000000000e+02 1.835830631129389303e+02 9.405743831066118332e+01
2.550000000000000000e+02 1.835343245808288657e+02 9.419614046187915335e+01
2.550000000000000000e+02 1.834706975640619930e+02 9.420290256248023297e+01
2.550000000000000000e+02 1.831644258146156403e+02 9.415912685858904752e+01
2.550000000000000000e+02 1.812190366972477023e+02 9.416446535906358406e+01
2.550000000000000000e+02 1.807042470737108601e+02 9.412001739955709922e+01
2.550000000000000000e+02 1.802365746599177498e+02 9.397589765896867675e+01
2.550000000000000000e+02 1.797911064536538959e+02 9.392389670990192485e+01
2.550000000000000000e+02 1.795224612464409972e+02 9.386135716545396690e+01
2.550000000000000000e+02 1.796183763049667732e+02 9.385888563745649549e+01
2.550000000000000000e+02 1.796311689338816961e+02 9.374932774438468641e+01
2.550000000000000000e+02 1.794615825688073301e+02 9.388130733944953477e+01
2.550000000000000000e+02 1.793880694400506286e+02 9.400947089528629874e+01
2.550000000000000000e+02 1.794028788358114639e+02 9.394186966149952411e+01
2.550000000000000000e+02 1.796707726985131330e+02 9.396197801328693799e+01
2.550000000000000000e+02 1.799352261942423183e+02 9.404223347042075432e+01
2.550000000000000000e+02 1.799918736159443142e+02 9.404249050933249521e+01
2.550000000000000000e+02 1.797383146156279565e+02 9.405245571021828255e+01
2.550000000000000000e+02 1.797098426130971234e+02 9.403284166403037148e+01
2.550000000000000000e+02 1.800034601391964486e+02 9.412240983865865473e+01
2.550000000000000000e+02 1.801217375830433411e+02 9.416207291996204276e+01
2.550000000000000000e+02 1.800973979753242702e+02 9.412207371085099794e+01
2.550000000000000000e+02 1.800922769693135024e+02 9.406008778867446551e+01
2.550000000000000000e+02 1.799118751977222530e+02 9.402726589686807301e+01
2.550000000000000000e+02 1.785631920278392784e+02 9.383264789623537183e+01
2.550000000000000000e+02 1.773809118949699553e+02 9.391484103131919881e+01
2.550000000000000000e+02 1.769489085732363094e+02 9.395958557418538248e+01
2.550000000000000000e+02 1.760252491300221322e+02 9.381099731097754102e+01
2.550000000000000000e+02 1.762174351471053342e+02 9.380735922176526742e+01
2.550000000000000000e+02 1.769467929452704880e+02 9.407689417905726259e+01
2.550000000000000000e+02 1.787963856374564955e+02 9.394444005061689040e+01
2.550000000000000000e+02 1.801771393546346189e+02 9.411592454919329498e+01
2.550000000000000000e+02 1.803485447643150792e+02 9.411088263207845728e+01
2.550000000000000000e+02 1.806674114204365651e+02 9.427165058525783081e+01
2.550000000000000000e+02 1.806707924707370978e+02 9.427060265738690248e+01
2.550000000000000000e+02 1.804726352420120179e+02 9.422469155330591661e+01
2.550000000000000000e+02 1.802506129389433625e+02 9.418607639987345692e+01
2.550000000000000000e+02 1.800536222714330847e+02 9.413334387851945451e+01
2.550000000000000000e+02 1.797727578298006961e+02 9.400891727301487322e+01
2.550000000000000000e+02 1.798018427712749201e+02 9.401633185700727324e+01
2.550000000000000000e+02 1.799128440366972370e+02 9.409696298639670431e+01
2.550000000000000000e+02 1.800257829800696072e+02 9.406406200569439591e+01
2.550000000000000000e+02 1.803127570389117409e+02 9.408039386270168336e+01
2.550000000000000000e+02 1.809522698513128773e+02 9.433031477380575325e+01
2.550000000000000000e+02 1.819659522303068684e+02 9.418755931667193693e+01
2.550000000000000000e+02 1.829793182537171674e+02 9.419246282821892180e+01
2.550000000000000000e+02 1.842387496045555224e+02 9.424570942739639179e+01
2.550000000000000000e+02 1.853084862385321117e+02 9.435854950964883869e+01
2.550000000000000000e+02 1.855181509016134100e+02 9.433094748497310889e+01
2.550000000000000000e+02 1.856997983233154059e+02 9.426172492881998721e+01
2.550000000000000000e+02 1.859591110408098587e+02 9.405575767162289935e+01
2.550000000000000000e+02 1.861981572287250799e+02 9.399845776652958307e+01
2.550000000000000000e+02 1.862491893388168194e+02 9.413996757355266709e+01
2.550000000000000000e+02 1.861891608668142908e+02 9.422830987029421124e+01
2.550000000000000000e+02 1.860667708003796292e+02 9.429075055362227431e+01
2.550000000000000000e+02 1.858737741221132467e+02 9.420705472951597415e+01
2.550000000000000000e+02 1.857705433407149656e+02 9.418860724454286526e+01
2.550000000000000000e+02 1.856817265105979118e+02 9.418481097753875986e+01
2.550000000000000000e+02 1.854936333438785141e+02 9.417996678266371191e+01
2.550000000000000000e+02 1.853687322049984232e+02 9.419165216703574117e+01
2.550000000000000000e+02 1.853554848149319696e+02 9.418409917747548832e+01
2.550000000000000000e+02 1.853774517557734782e+02 9.412745175577349244e+01
2.550000000000000000e+02 1.854509253400822502e+02 9.417055520404935010e+01
2.550000000000000000e+02 1.856595618475166134e+02 9.409494621955077776e+01
2.550000000000000000e+02 1.858941790572603736e+02 9.402602024675735493e+01
2.550000000000000000e+02 1.861771591268585837e+02 9.400727617842454720e+01
2.550000000000000000e+02 1.865083043340714823e+02 9.388112938943372399e+01
2.550000000000000000e+02 1.866713856374564955e+02 9.396535906358747070e+01
2.550000000000000000e+02 1.869955710218285390e+02 9.400640620056944385e+01
2.550000000000000000e+02 1.874392795001581646e+02 9.410813429294526600e+01
2.550000000000000000e+02 1.876586720974375169e+02 9.413265185068016194e+01
2.550000000000000000e+02 1.878360487187598835e+02 9.416830117051566162e+01
2.550000000000000000e+02 1.878993989243910221e+02 9.413413476747864195e+01
2.550000000000000000e+02 1.879253400822524611e+02 9.413595381208477875e+01
2.550000000000000000e+02 1.879032545080670786e+02 9.420371322366339939e+01
2.550000000000000000e+02 1.879143269534957312e+02 9.417104950964883869e+01
2.550000000000000000e+02 1.879937717494463811e+02 9.413273093957607784e+01
2.550000000000000000e+02 1.880896472635241992e+02 9.412096646630813268e+01
2.550000000000000000e+02 1.882381168933881668e+02 9.411497548244226152e+01
2.550000000000000000e+02 1.883601510597912068e+02 9.407163476747864195e+01
2.550000000000000000e+02 1.885650110724454294e+02 9.410771907624169330e+01
2.550000000000000000e+02 1.887593522619424107e+02 9.416610645365391008e+01
2.550000000000000000e+02 1.890681944005061723e+02 9.419987741221132183e+01
2.550000000000000000e+02 1.895382394811768449e+02 9.421017874090478017e+01
2.550000000000000000e+02 1.897938152483391434e+02 9.428835811452071880e+01
2.550000000000000000e+02 1.898291086681429931e+02 9.437664109459032602e+01
2.550000000000000000e+02 1.897199659917747567e+02 9.428695428661815470e+01
2.550000000000000000e+02 1.896332054729516017e+02 9.447605583676052277e+01
2.550000000000000000e+02 1.895892715912685844e+02 9.443220104397342141e+01
2.550000000000000000e+02 1.896220737108509979e+02 9.431789781714647347e+01
2.550000000000000000e+02 1.896704365707054762e+02 9.434166403037013993e+01
2.550000000000000000e+02 1.896803819993672846e+02 9.442484577665295831e+01
2.550000000000000000e+02 1.897447999050933163e+02 9.434722002530844520e+01
2.550000000000000000e+02 1.902094669408415086e+02 9.440940366972476738e+01
2.550000000000000000e+02 1.902432972160708573e+02 9.426734024043024363e+01
2.550000000000000000e+02 1.902716703574818098e+02 9.422524517557734214e+01
2.550000000000000000e+02 1.903164544447959372e+02 9.419647658968681014e+01
2.550000000000000000e+02 1.904659720025308332e+02 9.415357086365074224e+01
2.550000000000000000e+02 1.907466980385953832e+02 9.417662527681113716e+01
2.550000000000000000e+02 1.910650901613413453e+02 9.425363808921227360e+01
2.550000000000000000e+02 1.911664623536855458e+02 9.422214093641252930e+01
2.550000000000000000e+02 1.911947168617525961e+02 9.428978171464726188e+01
2.550000000000000000e+02 1.912180480860487251e+02 9.425680164504903757e+01
2.550000000000000000e+02 1.912667273014868670e+02 9.426237741221132183e+01
2.550000000000000000e+02 1.913193214172730166e+02 9.416747073710851623e+01
2.550000000000000000e+02 1.913887021512179558e+02 9.420909126858589389e+01
2.550000000000000000e+02 1.914756999367288870e+02 9.424942660550458129e+01
2.550000000000000000e+02 1.915033415058525748e+02 9.429375593166719227e+01
2.550000000000000000e+02 1.915028669724770509e+02 9.429525862068965125e+01
2.550000000000000000e+02 1.915525545713381916e+02 9.434201993040177570e+01
2.550000000000000000e+02 1.916601945586839690e+02 9.431157070547294552e+01
2.550000000000000000e+02 1.916950134451122949e+02 9.428359300854160097e+01
2.550000000000000000e+02 1.918103250553622274e+02 9.428849652008858584e+01
2.550000000000000000e+02 1.919631050300537822e+02 9.428610408098703033e+01
2.550000000000000000e+02 1.920053582726985155e+02 9.430241616577032460e+01
2.550000000000000000e+02 1.919778155646947084e+02 9.432707212907307337e+01
2.550000000000000000e+02 1.919939496994622061e+02 9.425866023410313232e+01
2.550000000000000000e+02 1.921111396709901840e+02 9.415764394179056751e+01
2.550000000000000000e+02 1.922785313192027843e+02 9.411110012654224022e+01
2.550000000000000000e+02 1.924625909522303004e+02 9.422247706422018609e+01
2.550000000000000000e+02 1.927100205631129484e+02 9.427779974691553377e+01
2.550000000000000000e+02 1.931979990509332481e+02 9.425620847832963989e+01
2.550000000000000000e+02 1.936209862385321117e+02 9.422245729199620712e+01
2.550000000000000000e+02 1.937392636823790042e+02 9.429707766529578805e+01
2.550000000000000000e+02 1.939526850680164500e+02 9.418117288832647205e+01
2.550000000000000000e+02 1.942400545713381916e+02 9.425674232837710065e+01
2.550000000000000000e+02 1.944606730465042688e+02 9.436616181588105690e+01
2.550000000000000000e+02 1.946847318886428297e+02 9.441488057576715676e+01
2.550000000000000000e+02 1.948109775387535478e+02 9.435487187598860714e+01
2.550000000000000000e+02 1.949512416956659422e+02 9.433347832964251722e+01
2.550000000000000000e+02 1.950856730465042688e+02 9.436509411578614959e+01
2.550000000000000000e+02 1.952415770325846154e+02 9.437555362227143974e+01
2.550000000000000000e+02 1.954239164821259180e+02 9.434158494147422402e+01
2.550000000000000000e+02 1.955346211641885361e+02 9.433610803543182044e+01
2.550000000000000000e+02 1.957028234735843171e+02 9.429251028155647418e+01
2.550000000000000000e+02 1.957763366023410185e+02 9.433462511863334043e+01
2.550000000000000000e+02 1.957907307813982811e+02 9.439433723505220541e+01
2.550000000000000000e+02 1.958486040809870303e+02 9.442365944321417714e+01
2.550000000000000000e+02 1.959753044922492791e+02 9.432638010123378081e+01
2.550000000000000000e+02 1.961799865548877051e+02 9.437992328377096385e+01
2.550000000000000000e+02 1.963227024675735493e+02 9.415867209743751687e+01
2.550000000000000000e+02 1.963732402720658001e+02 9.411920673837393281e+01
2.550000000000000000e+02 1.965616497943688614e+02 9.408031477380575325e+01
2.550000000000000000e+02 1.968442739639354500e+02 9.407829800695982669e+01
2.550000000000000000e+02 1.969847753875355920e+02 9.402898608035431494e+01
2.550000000000000000e+02 1.970590003163555934e+02 9.409071496361910647e+01
2.550000000000000000e+02 1.971568530528313943e+02 9.403157624169566020e+01
2.550000000000000000e+02 1.972082806074027133e+02 9.407414583992407131e+01
2.550000000000000000e+02 1.972655014236001136e+02 9.414291363492566234e+01
2.550000000000000000e+02 1.973017043657070531e+02 9.413878124011388593e+01
2.550000000000000000e+02 1.973702942106928049e+02 9.406619740588421053e+01
2.550000000000000000e+02 1.974688192027839193e+02 9.411038832647896868e+01
2.550000000000000000e+02 1.976108628598544783e+02 9.410453574818095035e+01
2.550000000000000000e+02 1.981262851945586760e+02 9.404593087630496484e+01
2.550000000000000000e+02 1.982100007908889552e+02 9.407270246757354926e+01
2.550000000000000000e+02 1.983419803859538035e+02 9.407576716229041836e+01
2.550000000000000000e+02 1.985159759569756375e+02 9.417249288199936075e+01
2.550000000000000000e+02 1.986750632711167270e+02 9.422979278709269124e+01
2.550000000000000000e+02 1.988949304017716031e+02 9.404282663714015200e+01
2.550000000000000000e+02 1.991039425814615527e+02 9.409239560265739044e+01
2.550000000000000000e+02 1.992077665295792599e+02 9.422627333122429150e+01
2.550000000000000000e+02 1.993922611515343135e+02 9.424602578298006961e+01
2.550000000000000000e+02 1.996635162923125506e+02 9.416090635874722636e+01
2.550000000000000000e+02 1.999518941790572626e+02 9.400614916165770296e+01
2.550000000000000000e+02 2.000141964568174728e+02 9.408466466308129839e+01
2.550000000000000000e+02 2.000433604871876128e+02 9.409041838025940763e+01
2.550000000000000000e+02 2.001182378993989346e+02 9.413832647896235528e+01
2.550000000000000000e+02 2.002144297690604162e+02 9.415218680797215711e+01
2.550000000000000000e+02 2.004908256880733859e+02 9.404009807023093970e+01
2.550000000000000000e+02 2.006789188547927836e+02 9.404328139829168265e+01
2.550000000000000000e+02 2.009208320151850558e+02 9.404341980385953548e+01
2.550000000000000000e+02 2.011432497627333191e+02 9.398325292628915406e+01
2.550000000000000000e+02 2.012782742802910434e+02 9.396326320784561403e+01
2.550000000000000000e+02 2.012994898766213225e+02 9.402813587472319057e+01
2.550000000000000000e+02 2.013313824739006748e+02 9.403353369186966404e+01
2.550000000000000000e+02 2.013277839291363591e+02 9.406916323948117054e+01
2.550000000000000000e+02 2.012480030053780524e+02 9.412414979436887563e+01
2.550000000000000000e+02 2.011937282505536189e+02 9.412278551091426948e+01
2.550000000000000000e+02 2.011517715912685844e+02 9.418309079405251794e+01
2.550000000000000000e+02 2.012172967415374956e+02 9.405263366023410754e+01
2.550000000000000000e+02 2.013349810186649904e+02 9.369546820626383976e+01
2.550000000000000000e+02 2.014271788990825769e+02 9.365693214172729597e+01
2.550000000000000000e+02 2.015768150901613467e+02 9.357997864599809645e+01
2.550000000000000000e+02 2.017342019930401875e+02 9.358709664663081185e+01
2.550000000000000000e+02 2.018724889275545706e+02 9.356862938943372399e+01
2.550000000000000000e+02 2.020144534957292137e+02 9.360311214805440727e+01
2.550000000000000000e+02 2.021013919645681653e+02 9.369345143941789900e+01
2.550000000000000000e+02 2.021182378993989346e+02 9.370839924074660132e+01
2.550000000000000000e+02 2.021684988927554514e+02 9.375921385637457206e+01
2.550000000000000000e+02 2.022107521354001847e+02 9.371747469155330634e+01
2.550000000000000000e+02 2.021707529262891399e+02 9.371868079721606648e+01
2.550000000000000000e+02 2.021450885795634349e+02 9.373350996520088074e+01
2.550000000000000000e+02 2.021779500158177711e+02 9.364251819044605440e+01
2.550000000000000000e+02 2.021431509016134100e+02 9.368672888326479153e+01
2.550000000000000000e+02 2.020526534324580723e+02 9.375520009490666951e+01
2.550000000000000000e+02 2.020511902878835713e+02 9.374195270484024434e+01
2.550000000000000000e+02 2.020904776969313446e+02 9.380069598228408267e+01
2.550000000000000000e+02 2.020409087314141061e+02 9.398610012654224022e+01
2.550000000000000000e+02 2.019605544131603949e+02 9.401631208478329427e+01
2.550000000000000000e+02 2.018222674786460118e+02 9.395228962353685631e+01
2.550000000000000000e+02 2.017458676051882378e+02 9.377750316355583493e+01
2.550000000000000000e+02 2.016583557418538533e+02 9.383290493514709851e+01
2.550000000000000000e+02 2.015618672888326444e+02 9.388004191711483770e+01
2.550000000000000000e+02 2.015489560265738760e+02 9.386989876621322537e+01
2.550000000000000000e+02 2.015846448908573336e+02 9.390637851945587045e+01
2.550000000000000000e+02 2.015932458082885148e+02 9.387409047769692449e+01
2.550000000000000000e+02 2.016505852578297890e+02 9.379254982600443213e+01
2.550000000000000000e+02 2.017272619424232971e+02 9.374402878835810782e+01
2.550000000000000000e+02 2.019398726668775623e+02 9.369287804492249450e+01
2.550000000000000000e+02 2.019999209111040841e+02 9.363619107877254066e+01
2.550000000000000000e+02 2.019767083201518574e+02 9.366217178108193764e+01
2.550000000000000000e+02 2.020155607402720648e+02 9.360477301486871227e+01
2.550000000000000000e+02 2.020590398608035514e+02 9.356418063903828397e+01
2.550000000000000000e+02 2.022403313824738973e+02 9.353707291996204276e+01
2.550000000000000000e+02 2.021652957924707437e+02 9.347144890857323674e+01
2.550000000000000000e+02 2.021361317621006037e+02 9.345304096804808580e+01
2.550000000000000000e+02 2.020784957291996307e+02 9.353080512496045174e+01
2.550000000000000000e+02 2.021322959506485404e+02 9.352868949699461609e+01
2.550000000000000000e+02 2.021867881999367285e+02 9.347356453653907238e+01
2.550000000000000000e+02 2.022154974691553377e+02 9.351563982916798068e+01
2.550000000000000000e+02 2.022488334387851978e+02 9.344173125593167128e+01
2.550000000000000000e+02 2.023076953495729242e+02 9.345266529579247106e+01
2.550000000000000000e+02 2.023463698196773066e+02 9.348319360961720292e+01
2.550000000000000000e+02 2.023704128440367072e+02 9.350945112306231977e+01
2.550000000000000000e+02 2.025032426447326657e+02 9.346069281872824774e+01
2.550000000000000000e+02 2.027988571654539669e+02 9.341535510914268059e+01
2.550000000000000000e+02 2.029348109775387456e+02 9.344453891173678528e+01
2.550000000000000000e+02 2.029831540651692592e+02 9.345468206263841182e+01
2.550000000000000000e+02 2.030289267636823922e+02 9.337201439417906101e+01
2.550000000000000000e+02 2.031646433090793948e+02 9.334227696931350238e+01
2.550000000000000000e+02 2.034211088263207898e+02 9.335475324264473329e+01
2.550000000000000000e+02 2.034834308763049648e+02 9.340196931350838838e+01
2.550000000000000000e+02 2.034649636191078912e+02 9.345444479595064990e+01
2.550000000000000000e+02 2.034766292312559415e+02 9.353744859221765751e+01
2.550000000000000000e+02 2.036182774438468925e+02 9.331813508383423539e+01
2.550000000000000000e+02 2.037081422018348746e+02 9.331957845618475744e+01
2.550000000000000000e+02 2.037987583043340578e+02 9.338654697880417643e+01
2.550000000000000000e+02 2.038607442265106044e+02 9.342575529895601960e+01
2.550000000000000000e+02 2.040137219234419490e+02 9.325146314457450103e+01
2.550000000000000000e+02 2.040265540968048015e+02 9.324309949383106755e+01
2.550000000000000000e+02 2.040300537804492365e+02 9.323655488769377087e+01
2.550000000000000000e+02 2.041184751660866823e+02 9.318364441632394346e+01
2.550000000000000000e+02 2.042439694716861709e+02 9.323131524833912920e+01
2.550000000000000000e+02 2.043113729832331558e+02 9.318767795001581078e+01
2.550000000000000000e+02 2.043048481493198381e+02 9.336511388801012856e+01
2.550000000000000000e+02 2.042243949699462178e+02 9.344473663397658925e+01
2.550000000000000000e+02 2.041839607719076355e+02 9.347160708636506854e+01
2.550000000000000000e+02 2.041864125276811137e+02 9.347706422018349315e+01
2.550000000000000000e+02 2.041741735210376589e+02 9.347724217019930393e+01
2.550000000000000000e+02 2.041714844985764046e+02 9.344813745650110093e+01
2.550000000000000000e+02 2.041781279658335961e+02 9.326038041758937425e+01
2.550000000000000000e+02 2.041978013286934583e+02 9.324628282189181050e+01
2.550000000000000000e+02 2.042463025941157753e+02 9.323269930401771433e+01
2.550000000000000000e+02 2.042612701676684708e+02 9.331101708320151999e+01
2.550000000000000000e+02 2.043361673521037574e+02 9.326008383422967540e+01
2.550000000000000000e+02 2.044033731414109525e+02 9.320051012337867746e+01
2.550000000000000000e+02 2.044113413476747780e+02 9.326906042391648555e+01
2.550000000000000000e+02 2.044301051882315789e+02 9.329430955393863201e+01
2.550000000000000000e+02 2.044760756089845017e+02 9.323303543182537112e+01
2.550000000000000000e+02 2.044967573552673343e+02 9.327752293577981391e+01
2.550000000000000000e+02 2.045269890857323674e+02 9.326362306232205412e+01
2.550000000000000000e+02 2.045250711800063357e+02 9.329484340398607856e+01
2.550000000000000000e+02 2.044956896551724128e+02 9.327692976906043043e+01
2.550000000000000000e+02 2.045095895286301868e+02 9.325183881683011577e+01
2.550000000000000000e+02 2.045546306548560551e+02 9.323914504903511613e+01
2.550000000000000000e+02 2.045865232521354073e+02 9.329800695982284253e+01
2.550000000000000000e+02 2.046412923125593295e+02 9.318115311610249307e+01
2.550000000000000000e+02 2.046890026890224590e+02 9.316899319835495419e+01
2.550000000000000000e+02 2.047572959506485404e+02 9.313241458399241424e+01
2.550000000000000000e+02 2.048884253400822502e+02 9.313715991774755310e+01
2.550000000000000000e+02 2.050724849731097663e+02 9.329417114837076497e+01
2.550000000000000000e+02 2.051838223663397685e+02 9.346007987978488529e+01
2.550000000000000000e+02 2.052304452704840116e+02 9.349476036064535833e+01
2.550000000000000000e+02 2.052443649161657788e+02 9.372237820310029122e+01
2.550000000000000000e+02 2.052337867763366148e+02 9.361934514394178564e+01
2.550000000000000000e+02 2.052511467889908374e+02 9.351577823473584772e+01
2.550000000000000000e+02 2.052620610566276582e+02 9.343605662764947795e+01
2.550000000000000000e+02 2.053261032900980751e+02 9.331257908889591590e+01
2.550000000000000000e+02 2.053219115786143618e+02 9.334714093641252930e+01
2.550000000000000000e+02 2.053353764631445699e+02 9.335847042075292279e+01
2.550000000000000000e+02 2.053769969946219476e+02 9.338759490667510477e+01
2.550000000000000000e+02 2.054181232204998366e+02 9.327141331857006890e+01
2.550000000000000000e+02 2.055489362543498828e+02 9.329933169882949073e+01
2.550000000000000000e+02 2.056293301170515520e+02 9.321348070230939697e+01
2.550000000000000000e+02 2.056957054729516017e+02 9.317735684909838767e+01
2.550000000000000000e+02 2.057553780449224803e+02 9.312543498892755167e+01
2.550000000000000000e+02 2.058361871243277506e+02 9.315839528630179700e+01
2.550000000000000000e+02 2.058635914267636906e+02 9.330467019930401307e+01
2.550000000000000000e+02 2.059125672255615314e+02 9.334668617526099865e+01
2.550000000000000000e+02 2.059478013286934583e+02 9.341450490351154201e+01
2.550000000000000000e+02 2.059908454602973791e+02 9.330656833280607998e+01
2.550000000000000000e+02 2.060200688073394417e+02 9.329759174311926984e+01
2.550000000000000000e+02 2.060566474217019959e+02 9.315835574185383905e+01
2.550000000000000000e+02 2.060879073078139925e+02 9.319768269534957028e+01
2.550000000000000000e+02 2.061858786776336672e+02 9.326370215121797003e+01
2.550000000000000000e+02 2.062825648528946658e+02 9.326524438468838696e+01
2.550000000000000000e+02 2.063449462195507635e+02 9.335601866497943035e+01
2.550000000000000000e+02 2.064291758937045245e+02 9.335396235368554585e+01
2.550000000000000000e+02 2.065101826953495845e+02 9.339629468522619504e+01
2.550000000000000000e+02 2.066399675735526671e+02 9.332052752293577669e+01
2.550000000000000000e+02 2.066708320151850558e+02 9.324652008857955821e+01
2.550000000000000000e+02 2.066691118316988423e+02 9.331677080037962924e+01
2.550000000000000000e+02 2.067070349572919952e+02 9.329197643150901342e+01
2.550000000000000000e+02 2.067797769693135024e+02 9.338694242328377015e+01
2.550000000000000000e+02 2.068666561214805313e+02 9.334379943055995454e+01
2.550000000000000000e+02 2.069222951597595568e+02 9.310728408731414163e+01
2.550000000000000000e+02 2.069101550142360111e+02 9.310566276494779459e+01
2.550000000000000000e+02 2.068723900664346615e+02 9.322575925340082392e+01
2.550000000000000000e+02 2.068145958557418567e+02 9.309441236950331700e+01
2.550000000000000000e+02 2.068161974058842247e+02 9.297390066434672917e+01
2.550000000000000000e+02 2.068253914900348036e+02 9.291531556469472264e+01
2.550000000000000000e+02 2.068293261626067761e+02 9.295800379626700760e+01
2.550000000000000000e+02 2.068572643150901627e+02 9.299029183802593934e+01
2.550000000000000000e+02 2.068816236950332268e+02 9.301022223979752823e+01
2.550000000000000000e+02 2.069522698513128773e+02 9.283695824106295902e+01
2.550000000000000000e+02 2.069677119582410683e+02 9.291622508699778393e+01
2.550000000000000000e+02 2.069809593483074934e+02 9.293097516608668229e+01
2.550000000000000000e+02 2.069772817146472619e+02 9.300061293894337666e+01
2.550000000000000000e+02 2.069351471053464024e+02 9.297761784245491867e+01
2.550000000000000000e+02 2.068822564062005824e+02 9.301030132869345834e+01
2.550000000000000000e+02 2.068093166719392570e+02 9.298078139829168265e+01
2.550000000000000000e+02 2.067596686175261027e+02 9.302216466308129839e+01
2.550000000000000000e+02 2.067670634292945238e+02 9.295363413476748349e+01
2.550000000000000000e+02 2.067756248022777470e+02 9.290090161341348107e+01
2.550000000000000000e+02 2.068165137614678883e+02 9.288199936728882733e+01
2.550000000000000000e+02 2.068859933565327367e+02 9.289303226826953619e+01
2.550000000000000000e+02 2.069472081619740607e+02 9.286630022144890972e+01
2.550000000000000000e+02 2.069637575134451026e+02 9.283911341347675261e+01
2.550000000000000000e+02 2.070137812401139001e+02 9.293026336602341075e+01
2.550000000000000000e+02 2.070748180955393991e+02 9.287978487820309681e+01
2.550000000000000000e+02 2.071297848782031110e+02 9.286776336602341075e+01
2.550000000000000000e+02 2.071404223347041977e+02 9.328586681429926841e+01
2.550000000000000000e+02 2.071174272382157540e+02 9.335698750395444279e+01
2.550000000000000000e+02 2.071554096804808580e+02 9.333130338500474465e+01
2.550000000000000000e+02 2.071366458399240855e+02 9.340111910787724980e+01
2.550000000000000000e+02 2.070970223030686554e+02 9.340894890857323674e+01
2.550000000000000000e+02 2.070511507434356133e+02 9.334599414742170609e+01
2.550000000000000000e+02 2.070558169882948505e+02 9.336774359379943178e+01
2.550000000000000000e+02 2.070218878519455927e+02 9.347380180322682008e+01
2.550000000000000000e+02 2.069947405884213936e+02 9.348263998734577740e+01
2.550000000000000000e+02 2.070052198671306485e+02 9.312195507750712409e+01
2.550000000000000000e+02 2.070651890224612544e+02 9.290163318570073159e+01
2.550000000000000000e+02 2.071103883264789545e+02 9.291622508699778393e+01
2.550000000000000000e+02 2.071320982284087222e+02 9.291563192027838625e+01
2.550000000000000000e+02 2.072013207845618581e+02 9.284992881999367853e+01
2.550000000000000000e+02 2.072542114837076781e+02 9.283432853527364159e+01
2.550000000000000000e+02 2.072871124644100007e+02 9.286794131603922153e+01
2.550000000000000000e+02 2.072742407465991903e+02 9.291177633660234392e+01
2.550000000000000000e+02 2.072540928503638042e+02 9.289740192976906030e+01
2.550000000000000000e+02 2.072595302119582357e+02 9.283086839607719298e+01
2.550000000000000000e+02 2.072633067067383763e+02 9.293912132236633283e+01
2.550000000000000000e+02 2.072409640936412529e+02 9.298566513761467434e+01
2.550000000000000000e+02 2.072369107877254066e+02 9.294111831698829462e+01
2.550000000000000000e+02 2.072690208794685134e+02 9.293890382790256410e+01
2.550000000000000000e+02 2.072916403037013708e+02 9.301981176842771504e+01
2.550000000000000000e+02 2.073006959822840827e+02 9.296093008541600966e+01
2.550000000000000000e+02 2.073084071496361958e+02 9.310965675419171816e+01
2.550000000000000000e+02 2.073368791521670289e+02 9.315600284720025570e+01
2.550000000000000000e+02 2.073623655488769373e+02 9.314787646314456993e+01
2.550000000000000000e+02 2.073774913002214362e+02 9.325972793419803963e+01
2.550000000000000000e+02 2.073459150585257760e+02 9.326429531793736771e+01
2.550000000000000000e+02 2.073147935779816464e+02 9.338969076241696143e+01
2.550000000000000000e+02 2.072734498576399744e+02 9.341161815881049790e+01
2.550000000000000000e+02 2.072699106295476099e+02 9.331222318886428013e+01
2.550000000000000000e+02 2.072704444795950565e+02 9.331892597279342283e+01
2.550000000000000000e+02 2.072177910471369842e+02 9.339241932932615953e+01
2.550000000000000000e+02 2.071844946219550820e+02 9.336924628282189076e+01
2.550000000000000000e+02 2.071839805441316003e+02 9.337925102815565026e+01
2.550000000000000000e+02 2.071925023726668655e+02 9.340208794685226223e+01
2.550000000000000000e+02 2.072354080987029477e+02 9.332889117367921017e+01
2.550000000000000000e+02 2.072806469471686057e+02 9.301656912369503516e+01
2.550000000000000000e+02 2.073815248339133177e+02 9.291181588105030187e+01
2.550000000000000000e+02 2.075104595064852901e+02 9.290614125276810853e+01
2.550000000000000000e+02 2.075856928187282620e+02 9.289469313508384118e+01
2.550000000000000000e+02 2.076845539386270048e+02 9.284281081936096314e+01
2.550000000000000000e+02 2.077149043024359401e+02 9.290677396393546417e+01
2.550000000000000000e+02 2.076830710218285390e+02 9.287794606137298103e+01
2.550000000000000000e+02 2.076231809553938490e+02 9.287784720025308616e+01
2.550000000000000000e+02 2.076142834546029690e+02 9.285329009807023226e+01
2.550000000000000000e+02 2.076185542549825982e+02 9.291592850363808509e+01
2.550000000000000000e+02 2.076044566592850344e+02 9.308840161341348107e+01
2.550000000000000000e+02 2.076281833280607430e+02 9.321083122429611478e+01
2.550000000000000000e+02 2.076942818728250586e+02 9.322275387535590596e+01
2.550000000000000000e+02 2.077690406516925066e+02 9.323890778234735421e+01
2.550000000000000000e+02 2.078627016766845941e+02 9.326075608984498899e+01
2.550000000000000000e+02 2.079034522303068684e+02 9.321466703574817814e+01
2.550000000000000000e+02 2.079558288516292350e+02 9.319135558367605654e+01
2.550000000000000000e+02 2.080095697564061936e+02 9.316853843720342354e+01
2.550000000000000000e+02 2.080496678266371475e+02 9.325071180006327154e+01
2.550000000000000000e+02 2.080857323631762199e+02 9.327341031319203069e+01
2.550000000000000000e+02 2.081038041758937140e+02 9.310491142043656509e+01
2.550000000000000000e+02 2.080799391015501385e+02 9.299697484973110306e+01
2.550000000000000000e+02 2.080691039228092336e+02 9.291701597595697137e+01
2.550000000000000000e+02 2.082055322682695362e+02 9.299452309395761063e+01
2.550000000000000000e+02 2.082787488136665672e+02 9.283023568490983735e+01
2.550000000000000000e+02 2.084293142992723915e+02 9.286485684909838767e+01
2.550000000000000000e+02 2.086827151217968890e+02 9.272684672571971021e+01
2.550000000000000000e+02 2.089276732046820655e+02 9.270068807339450245e+01
2.550000000000000000e+02 2.089464963619107891e+02 9.271737583043341147e+01
2.550000000000000000e+02 2.089192502372666809e+02 9.280860487187598551e+01
2.550000000000000000e+02 2.087972951597595568e+02 9.287314141094590525e+01
2.550000000000000000e+02 2.086391371401455217e+02 9.292377807655805100e+01
2.550000000000000000e+02 2.086072445428661695e+02 9.302348940208794659e+01
2.550000000000000000e+02 2.086562401138880034e+02 9.290703100284720506e+01
2.550000000000000000e+02 2.087362187598860999e+02 9.291100521986713545e+01
2.550000000000000000e+02 2.088012693767794872e+02 9.285473347042075432e+01
2.550000000000000000e+02 2.088955037962670076e+02 9.275029658335969884e+01
2.550000000000000000e+02 2.090554017715912778e+02 9.278238690287884083e+01
2.550000000000000000e+02 2.093422571970895376e+02 9.273137456501106612e+01
2.550000000000000000e+02 2.095211760518823212e+02 9.264352657386902479e+01
2.550000000000000000e+02 2.095461088263207898e+02 9.268419803859538320e+01
2.550000000000000000e+02 2.096835060107560764e+02 9.260560344827585766e+01
2.550000000000000000e+02 2.097771868079721571e+02 9.264637377412211094e+01
2.550000000000000000e+02 2.099170555204049435e+02 9.266753005378045316e+01
2.550000000000000000e+02 2.101209071496361958e+02 9.258278630180322466e+01
2.550000000000000000e+02 2.102447801328693515e+02 9.266236950332172739e+01
2.550000000000000000e+02 2.102302475482442219e+02 9.266246836444163648e+01
2.550000000000000000e+02 2.101189299272382129e+02 9.269825608984498899e+01
2.550000000000000000e+02 2.099235408098703033e+02 9.271055441316039492e+01
2.550000000000000000e+02 2.097231690920594644e+02 9.282234656754191349e+01
2.550000000000000000e+02 2.095925340082252433e+02 9.272975324264473329e+01
2.550000000000000000e+02 2.094934158494147312e+02 9.278288120847832943e+01
2.550000000000000000e+02 2.095611357165454081e+02 9.272113255298955892e+01
2.550000000000000000e+02 2.096313073394495348e+02 9.278924786459981533e+01
2.550000000000000000e+02 2.097330354318253853e+02 9.271144416323947723e+01
2.550000000000000000e+02 2.098413872192344058e+02 9.261068490983865331e+01
2.550000000000000000e+02 2.098914900347991193e+02 9.263041758937045245e+01
2.550000000000000000e+02 2.099465161341347539e+02 9.269192897817146104e+01
2.550000000000000000e+02 2.101145207212907167e+02 9.268815248339133461e+01
2.550000000000000000e+02 2.102346369819677250e+02 9.269248260044290078e+01
2.550000000000000000e+02 2.102759609300854038e+02 9.272360408098703033e+01
2.550000000000000000e+02 2.102672809237583067e+02 9.270495887377411748e+01
2.550000000000000000e+02 2.102971172097437602e+02 9.280217889908256268e+01
2.550000000000000000e+02 2.103167708003796292e+02 9.276939655172414234e+01
2.550000000000000000e+02 2.103606058209427374e+02 9.274481967731730947e+01
2.550000000000000000e+02 2.103247785510914127e+02 9.277265896868080119e+01
2.550000000000000000e+02 2.102452942106928049e+02 9.276079563429294694e+01
2.550000000000000000e+02 2.102057299905093259e+02 9.282523331224295760e+01
2.550000000000000000e+02 2.101943609617209745e+02 9.283213381841189005e+01
2.550000000000000000e+02 2.101818451439417856e+02 9.285022540335336316e+01
2.550000000000000000e+02 2.102231690920594644e+02 9.275425102815565026e+01
2.550000000000000000e+02 2.102886942423283756e+02 9.270992170199303928e+01
2.550000000000000000e+02 2.104557695349572839e+02 9.258341901297058030e+01
2.550000000000000000e+02 2.106399478013287023e+02 9.264833122429611478e+01
2.550000000000000000e+02 2.108610408098703033e+02 9.285329009807023226e+01
2.550000000000000000e+02 2.109087116418854748e+02 9.283389354634608992e+01
2.550000000000000000e+02 2.109442818728250586e+02 9.287270642201835358e+01
2.550000000000000000e+02 2.109977657386902763e+02 9.290673441948750622e+01
2.550000000000000000e+02 2.110957964251819021e+02 9.288186096172097450e+01
2.550000000000000000e+02 2.112136784245491867e+02 9.292864204365706371e+01
2.550000000000000000e+02 2.112607560898449890e+02 9.293918063903828397e+01
2.550000000000000000e+02 2.113140026890224590e+02 9.294900743435621848e+01
2.550000000000000000e+02 2.113396670357481923e+02 9.293156833280607998e+01
2.550000000000000000e+02 2.116703970262575183e+02 9.288235526732046310e+01
2.550000000000000000e+02 2.116704563429294410e+02 9.288565722872507990e+01
2.550000000000000000e+02 2.115880061689338731e+02 9.296423204682062646e+01
2.550000000000000000e+02 2.115617684277127353e+02 9.299565011072445486e+01
2.550000000000000000e+02 2.115725640620056822e+02 9.303997943688706584e+01
2.550000000000000000e+02 2.116365667510281696e+02 9.302188785194559273e+01
2.550000000000000000e+02 2.117072919962037361e+02 9.298236317621005753e+01
2.550000000000000000e+02 2.117563666561214859e+02 9.297473109775387456e+01
2.550000000000000000e+02 2.118169882948434122e+02 9.303147738057576532e+01
2.550000000000000000e+02 2.118783415058525748e+02 9.302647500790888557e+01
2.550000000000000000e+02 2.119923876937677960e+02 9.305708241062954755e+01
2.550000000000000000e+02 2.120189813350205554e+02 9.306793736159443142e+01
2.550000000000000000e+02 2.119934949383106471e+02 9.317927475482441935e+01
2.550000000000000000e+02 2.120122390066434548e+02 9.308666165770326018e+01
2.550000000000000000e+02 2.120476708320151715e+02 9.307250474533375950e+01
2.550000000000000000e+02 2.120277206580196037e+02 9.311416482125909511e+01
2.550000000000000000e+02 2.120226589686807870e+02 9.309233628598545351e+01
2.550000000000000000e+02 2.120277008857956389e+02 9.311398687124328433e+01
2.550000000000000000e+02 2.120713184118949641e+02 9.304964805441315434e+01
2.550000000000000000e+02 2.121208280607402799e+02 9.302868949699461609e+01
2.550000000000000000e+02 2.122249288199936643e+02 9.293601708320151999e+01
2.550000000000000000e+02 2.122493475166086796e+02 9.296051486871243696e+01
2.550000000000000000e+02 2.122673797848782158e+02 9.301010360645365438e+01
2.550000000000000000e+02 2.124583003796267064e+02 9.301801249604555721e+01
2.550000000000000000e+02 2.125570824106295618e+02 9.302789860803542865e+01
2.550000000000000000e+02 2.126194440050616947e+02 9.304818490983865331e+01
2.550000000000000000e+02 2.127268071812717380e+02 9.305415612148054549e+01
2.550000000000000000e+02 2.128463302752293487e+02 9.308106611831698274e+01
2.550000000000000000e+02 2.128318174628282122e+02 9.309360170832015058e+01
2.550000000000000000e+02 2.128054808604871937e+02 9.310332964251819021e+01
2.550000000000000000e+02 2.128024161657703246e+02 9.304577269851313304e+01
2.550000000000000000e+02 2.128293261626067761e+02 9.313729832331540592e+01
2.550000000000000000e+02 2.128727459664663115e+02 9.317383739322998792e+01
2.550000000000000000e+02 2.129460416007592585e+02 9.303303938627016123e+01
2.550000000000000000e+02 2.130123180955393991e+02 9.304593087630496484e+01
2.550000000000000000e+02 2.130522975324264507e+02 9.299068728250553306e+01
2.550000000000000000e+02 2.131009372034166347e+02 9.309207924707371262e+01
2.550000000000000000e+02 2.132508106611831806e+02 9.309358193609617160e+01
2.550000000000000000e+02 2.134548797848782158e+02 9.312033375514077704e+01
2.550000000000000000e+02 2.137260756089845017e+02 9.314445586839607927e+01
2.550000000000000000e+02 2.139955117051565878e+02 9.310758067067384047e+01
2.550000000000000000e+02 2.142663911736792102e+02 9.316903274280291214e+01
2.550000000000000000e+02 2.143714607719076355e+02 9.311450094906675190e+01
2.550000000000000000e+02 2.143802594115786064e+02 9.313943372350522054e+01
2.550000000000000000e+02 2.143471409364125293e+02 9.314997231888642659e+01
2.550000000000000000e+02 2.143455591584941544e+02 9.318097516608668229e+01
2.550000000000000000e+02 2.143253717178108104e+02 9.319099968364442077e+01
2.550000000000000000e+02 2.143224256564378436e+02 9.321130575767162441e+01
2.550000000000000000e+02 2.143197564062005824e+02 9.316711483707688046e+01
2.550000000000000000e+02 2.143885439734261240e+02 9.309631050300538391e+01
2.550000000000000000e+02 2.145001384055678670e+02 9.306546583359696001e+01
2.550000000000000000e+02 2.145586839607719014e+02 9.304745333755140280e+01
2.550000000000000000e+02 2.145429057260360537e+02 9.314532584625118261e+01
2.550000000000000000e+02 2.145362029421069394e+02 9.313806944005061439e+01
2.550000000000000000e+02 2.146063350205631082e+02 9.305532268269534768e+01
2.550000000000000000e+02 2.147426051882315789e+02 9.305548086048719370e+01
2.550000000000000000e+02 2.149115786143625542e+02 9.320824106295475531e+01
2.550000000000000000e+02 2.149206738373932239e+02 9.316102499209111443e+01
2.550000000000000000e+02 2.148240272065801832e+02 9.325585257829800412e+01
2.550000000000000000e+02 2.147868356532742666e+02 9.328390936412527878e+01
2.550000000000000000e+02 2.149348900664346615e+02 9.320442502372667093e+01
2.550000000000000000e+02 2.149636784245491867e+02 9.319129626700411961e+01
2.550000000000000000e+02 2.149837076874406705e+02 9.313998734577664607e+01
2.550000000000000000e+02 2.149768467257196960e+02 9.309120926921859507e+01
2.550000000000000000e+02 2.149215438152483273e+02 9.311665612148054549e+01
2.550000000000000000e+02 2.148801803226826905e+02 9.318910155014235386e+01
2.550000000000000000e+02 2.148513326478962426e+02 9.319552752293577669e+01
2.550000000000000000e+02 2.148991616577032460e+02 9.312757038911736629e+01
2.550000000000000000e+02 2.149409601391964486e+02 9.318645207212907167e+01
2.550000000000000000e+02 2.150332568807339442e+02 9.316731255931667022e+01
2.550000000000000000e+02 2.150499248655488884e+02 9.311873220499842319e+01
2.550000000000000000e+02 2.151124446377728532e+02 9.311885083834229704e+01
2.550000000000000000e+02 2.151368633343878400e+02 9.312460455552040628e+01
2.550000000000000000e+02 2.151484498576399744e+02 9.317502372666876909e+01
2.550000000000000000e+02 2.151767439101550110e+02 9.320782584625118261e+01
2.550000000000000000e+02 2.151719985763998864e+02 9.329585178740904894e+01
2.550000000000000000e+02 2.150289465359063570e+02 9.319400506168933873e+01
2.550000000000000000e+02 2.149552159126858726e+02 9.318939813350205270e+01
2.550000000000000000e+02 2.149628479911420413e+02 9.317100996520088074e+01
2.550000000000000000e+02 2.149652206580196037e+02 9.319402483391331771e+01
2.550000000000000000e+02 2.149984182220816251e+02 9.317810819360961716e+01
2.550000000000000000e+02 2.149583003796267064e+02 9.324278313824738973e+01
2.550000000000000000e+02 2.149767676368237801e+02 9.319410392280923361e+01
2.550000000000000000e+02 2.150268309079405356e+02 9.315709031951914199e+01
2.550000000000000000e+02 2.150286499525466581e+02 9.322131050300538391e+01
2.550000000000000000e+02 2.150525743435621564e+02 9.323289702625751829e+01
2.550000000000000000e+02 2.151213619107877264e+02 9.323556627649477946e+01
2.550000000000000000e+02 2.151360329009806946e+02 9.320705472951597415e+01
2.550000000000000000e+02 2.151822208161974004e+02 9.322184435305283046e+01
2.550000000000000000e+02 2.152118396077190710e+02 9.328895128124011649e+01
2.550000000000000000e+02 2.152657386902878898e+02 9.329009807023093970e+01
2.550000000000000000e+02 2.152998655488769373e+02 9.326878361278076568e+01
2.550000000000000000e+02 2.153003400822524611e+02 9.327012812401139286e+01
2.550000000000000000e+02 2.153097912053147809e+02 9.325798797848781874e+01
2.550000000000000000e+02 2.153395879468522480e+02 9.326595618475165850e+01
2.550000000000000000e+02 2.153948710850996520e+02 9.324404856058210100e+01
2.550000000000000000e+02 2.153971251186333404e+02 9.330229753242645074e+01
2.550000000000000000e+02 2.154012772856690958e+02 9.331206501107244833e+01
2.550000000000000000e+02 2.154283454602973791e+02 9.325371717810818950e+01
2.550000000000000000e+02 2.154915177159126927e+02 9.320260597912053413e+01
2.550000000000000000e+02 2.156810740272065914e+02 9.323042549826004688e+01
2.550000000000000000e+02 2.158284561847516727e+02 9.329365707054729739e+01
2.550000000000000000e+02 2.159795159759569856e+02 9.315999683644416507e+01
2.550000000000000000e+02 2.160758660234102990e+02 9.323198750395444279e+01
2.550000000000000000e+02 2.160891134134767526e+02 9.330154618791522125e+01
2.550000000000000000e+02 2.160735922176526458e+02 9.318740113888010512e+01
2.550000000000000000e+02 2.160670278392913701e+02 9.327605979120531288e+01
2.550000000000000000e+02 2.160918024359380070e+02 9.322664900347990624e+01
2.550000000000000000e+02 2.161565366972477023e+02 9.323594194875039420e+01
2.550000000000000000e+02 2.163484261309712053e+02 9.314058051249604375e+01
2.550000000000000000e+02 2.164662290414425740e+02 9.319044606137298103e+01
2.550000000000000000e+02 2.166003440366972370e+02 9.318805362227143974e+01
2.550000000000000000e+02 2.167303266371401378e+02 9.309706184751661340e+01
2.550000000000000000e+02 2.168174232837709496e+02 9.317585416007592869e+01
2.550000000000000000e+02 2.169219985763998864e+02 9.305747785510914127e+01
2.550000000000000000e+02 2.169874248655488884e+02 9.299074659917746999e+01
2.550000000000000000e+02 2.170748180955393991e+02 9.307647896235368989e+01
2.550000000000000000e+02 2.171895958557418567e+02 9.305024122113255203e+01
2.550000000000000000e+02 2.173338935463461041e+02 9.302457687440683287e+01
2.550000000000000000e+02 2.174212076874406705e+02 9.313656675102815541e+01
2.550000000000000000e+02 2.176526415691236878e+02 9.320183486238532566e+01
2.550000000000000000e+02 2.175866814299272392e+02 9.321947168617525392e+01
2.550000000000000000e+02 2.176044764315090276e+02 9.316007592534008097e+01
2.550000000000000000e+02 2.177034561847516727e+02 9.311946377728567370e+01
2.550000000000000000e+02 2.177641371401455217e+02 9.310635479278708715e+01
2.550000000000000000e+02 2.177651652957924568e+02 9.310129310344827047e+01
2.550000000000000000e+02 2.177548244226510690e+02 9.328108193609617160e+01
2.550000000000000000e+02 2.178193016450490234e+02 9.318247785510914127e+01
2.550000000000000000e+02 2.178507592534008097e+02 9.318301170515660203e+01
2.550000000000000000e+02 2.178573631762100717e+02 9.326736001265422260e+01
2.550000000000000000e+02 2.179803859538120889e+02 9.319859221765264579e+01
2.550000000000000000e+02 2.180463658652325307e+02 9.319529025624802898e+01
2.550000000000000000e+02 2.181430915849414873e+02 9.317053543182537112e+01
2.550000000000000000e+02 2.181905053780449180e+02 9.311568728250553306e+01
2.550000000000000000e+02 2.181996203732995809e+02 9.319527048402405001e+01
2.550000000000000000e+02 2.182362385321100930e+02 9.320136032900980183e+01
2.550000000000000000e+02 2.183191632394811847e+02 9.312389275545713474e+01
2.550000000000000000e+02 2.183217336285985368e+02 9.315390699145839903e+01
2.550000000000000000e+02 2.183013880101233894e+02 9.320758857956343491e+01
2.550000000000000000e+02 2.182911262258778891e+02 9.326399873457766887e+01
2.550000000000000000e+02 2.183925577348940124e+02 9.311535115469787627e+01
2.550000000000000000e+02 2.184185186649794446e+02 9.315428266371401378e+01
2.550000000000000000e+02 2.184789821259095106e+02 9.315709031951914199e+01
2.550000000000000000e+02 2.185295594748497194e+02 9.318330828851628667e+01
2.550000000000000000e+02 2.185704286618158676e+02 9.314050142360012785e+01
2.550000000000000000e+02 2.186286974058842247e+02 9.313470816197406066e+01
2.550000000000000000e+02 2.187305639038279139e+02 9.314198434039860786e+01
2.550000000000000000e+02 2.188184316671939200e+02 9.311620136032901485e+01
2.550000000000000000e+02 2.188661618158810427e+02 9.317547848782031394e+01
2.550000000000000000e+02 2.189003084466940834e+02 9.318510756089844449e+01
2.550000000000000000e+02 2.189216229041442716e+02 9.318854792787092833e+01
2.550000000000000000e+02 2.189196259095222956e+02 9.321976826953495276e+01
2.550000000000000000e+02 2.189555520404935010e+02 9.316758937045239009e+01
2.550000000000000000e+02 2.189578456184751758e+02 9.319210692818728603e+01
2.550000000000000000e+02 2.189647658968680730e+02 9.318684751660866539e+01
2.550000000000000000e+02 2.189526257513444989e+02 9.320737108509965196e+01
2.550000000000000000e+02 2.189815525150268911e+02 9.316147975324264507e+01
2.550000000000000000e+02 2.189797334704207401e+02 9.323613967099019817e+01
2.550000000000000000e+02 2.190077507118000710e+02 9.319321417273015129e+01
2.550000000000000000e+02 2.190612345776652887e+02 9.316618554254982598e+01
2.550000000000000000e+02 2.190487583043340578e+02 9.315125751344511684e+01
2.550000000000000000e+02 2.190994740588421337e+02 9.313799035115469849e+01
2.550000000000000000e+02 2.191166956659285177e+02 9.321342138563746005e+01
2.550000000000000000e+02 2.192231097753875417e+02 9.316695665928503445e+01
2.550000000000000000e+02 2.193272303068649194e+02 9.311139670990192485e+01
2.550000000000000000e+02 2.193464093641252646e+02 9.319590319519139143e+01
2.550000000000000000e+02 2.193754152167035727e+02 9.318014473267953690e+01
2.550000000000000000e+02 2.194028392913635059e+02 9.326656912369503516e+01
2.550000000000000000e+02 2.194110843087630371e+02 9.321771195824106826e+01
2.550000000000000000e+02 2.194282070547295120e+02 9.328046899715279494e+01
2.550000000000000000e+02 2.194022263524201151e+02 9.324824027206580013e+01
2.550000000000000000e+02 2.194229278709269124e+02 9.326965359063586902e+01
2.550000000000000000e+02 2.194414346725719724e+02 9.328112148054412955e+01
2.550000000000000000e+02 2.194491260677000923e+02 9.327054334071496555e+01
2.550000000000000000e+02 2.194920317937361460e+02 9.320509727934198452e+01
2.550000000000000000e+02 2.195189615627965907e+02 9.328604476431509340e+01
2.550000000000000000e+02 2.195626186333438739e+02 9.323352973742485972e+01
2.550000000000000000e+02 2.195846844353052916e+02 9.325053385004744655e+01
2.550000000000000000e+02 2.195750553622271468e+02 9.327902562480227289e+01
2.550000000000000000e+02 2.196237148054413240e+02 9.318682774438468641e+01
2.550000000000000000e+02 2.195881841189496981e+02 9.324335653274280844e+01
2.550000000000000000e+02 2.195727024675735493e+02 9.316001660866814404e+01
2.550000000000000000e+02 2.196025387535590028e+02 9.317522144890857305e+01
2.550000000000000000e+02 2.196163595381208609e+02 9.323649557102183394e+01
2.550000000000000000e+02 2.196501700411262163e+02 9.318378282189181050e+01
2.550000000000000000e+02 2.196660075925340152e+02 9.318040177159126358e+01
2.550000000000000000e+02 2.196813310661183039e+02 9.316843957608351445e+01
2.550000000000000000e+02 2.196890817779183749e+02 9.327315327428028979e+01
2.550000000000000000e+02 2.197430599493831096e+02 9.321316434672571916e+01
2.550000000000000000e+02 2.196673125593166844e+02 9.328143783612780737e+01
2.550000000000000000e+02 2.197475877886744797e+02 9.323090003163555650e+01
2.550000000000000000e+02 2.197991142043657078e+02 9.319487503954444207e+01
2.550000000000000000e+02 2.199333873774122026e+02 9.297601629231256481e+01
2.550000000000000000e+02 2.199239560265738760e+02 9.307659759569756375e+01
2.550000000000000000e+02 2.199794368870610697e+02 9.297548244226510405e+01
2.550000000000000000e+02 2.199744345143941757e+02 9.305724058842137936e+01
2.550000000000000000e+02 2.199782505536222743e+02 9.303258462511863058e+01
2.550000000000000000e+02 2.199612266687757085e+02 9.315467810819360750e+01
2.550000000000000000e+02 2.198735763998734569e+02 9.311875197722240216e+01
2.550000000000000000e+02 2.197538753559000213e+02 9.314275545713381632e+01
2.550000000000000000e+02 2.197330354318253853e+02 9.308948908573236736e+01
2.550000000000000000e+02 2.197723623853210881e+02 9.294635795634293629e+01
2.550000000000000000e+02 2.197760597912053129e+02 9.293858747231888628e+01
2.550000000000000000e+02 2.197301289149003480e+02 9.301231809553938490e+01
2.550000000000000000e+02 2.197708992407465871e+02 9.304628677633660061e+01
2.550000000000000000e+02 2.197653432458082818e+02 9.307987978487820158e+01
2.550000000000000000e+02 2.197435147105346402e+02 9.312029421069281909e+01
2.550000000000000000e+02 2.197834150585257760e+02 9.308988453021196108e+01
2.550000000000000000e+02 2.198150308446694225e+02 9.302477459664663684e+01
2.550000000000000000e+02 2.198296820626383976e+02 9.303760677000948931e+01
2.550000000000000000e+02 2.198284957291996307e+02 9.307232679531793451e+01
2.550000000000000000e+02 2.197919962037329924e+02 9.296741537488136942e+01
2.550000000000000000e+02 2.197533612780765679e+02 9.298643625434988280e+01
2.550000000000000000e+02 2.197564457450174018e+02 9.298540809870294765e+01
2.550000000000000000e+02 2.198004587155963350e+02 9.294851312875671567e+01
2.550000000000000000e+02 2.198082291996203708e+02 9.289459427396393210e+01
2.550000000000000000e+02 2.198098702942106968e+02 9.293633343878519781e+01
2.550000000000000000e+02 2.197573354950964983e+02 9.295663951281240145e+01
2.550000000000000000e+02 2.197190169250237375e+02 9.292923521037646140e+01
2.550000000000000000e+02 2.196776336602341075e+02 9.297880417589369983e+01
2.550000000000000000e+02 2.196917708003796292e+02 9.296098940208794659e+01
2.550000000000000000e+02 2.196895167668459408e+02 9.299717257197089282e+01
2.550000000000000000e+02 2.197214489085732225e+02 9.295642201834861851e+01
2.550000000000000000e+02 2.197622587788674480e+02 9.295752926289148377e+01
2.550000000000000000e+02 2.197446614995254777e+02 9.295614520721291285e+01
2.550000000000000000e+02 2.197302080037962639e+02 9.291954682062637971e+01
2.550000000000000000e+02 2.197194321417273102e+02 9.292996678266371191e+01
2.550000000000000000e+02 2.197244147421702110e+02 9.292000158177792457e+01
2.550000000000000000e+02 2.197498813666561261e+02 9.295788516292311954e+01
2.550000000000000000e+02 2.197279539702625755e+02 9.297921939259727253e+01
2.550000000000000000e+02 2.197964449541284466e+02 9.293398054413160025e+01
2.550000000000000000e+02 2.198671899715280063e+02 9.289566197405883941e+01
2.550000000000000000e+02 2.199472872508699766e+02 9.285862859854476881e+01
2.550000000000000000e+02 2.199899557102182825e+02 9.285447643150901342e+01
2.550000000000000000e+02 2.200952230306864976e+02 9.282110091743119540e+01
2.550000000000000000e+02 2.201482521354001847e+02 9.281157070547294552e+01
2.550000000000000000e+02 2.202169408415058456e+02 9.284538120847832943e+01
2.550000000000000000e+02 2.203860526732046878e+02 9.276670752926288799e+01
2.550000000000000000e+02 2.207018941790572626e+02 9.284322603606453583e+01
2.550000000000000000e+02 2.208314615627965907e+02 9.274082568807340010e+01
2.550000000000000000e+02 2.210398805757671710e+02 9.279755219867131188e+01
2.550000000000000000e+02 2.210533652325213438e+02 9.276049905093324810e+01
2.550000000000000000e+02 2.210698750395444563e+02 9.274062796583359614e+01
2.550000000000000000e+02 2.210909126858589104e+02 9.266636349256563676e+01
2.550000000000000000e+02 2.211118712432774487e+02 9.272291205314773777e+01
2.550000000000000000e+02 2.211133146156279565e+02 9.278098307497627673e+01
2.550000000000000000e+02 2.211038239481176788e+02 9.282195112306231977e+01
2.550000000000000000e+02 2.210957766529579374e+02 9.275545713381841040e+01
2.550000000000000000e+02 2.211154895602657291e+02 9.268421781081936217e+01
2.550000000000000000e+02 2.210164702625751261e+02 9.280308842138563818e+01
2.550000000000000000e+02 2.209623536855425527e+02 9.276795317937362029e+01
2.550000000000000000e+02 2.209271195824106258e+02 9.277946061372983877e+01
2.550000000000000000e+02 2.208792905726035940e+02 9.286015105979120676e+01
2.550000000000000000e+02 2.208711444163239435e+02 9.289241932932615953e+01
2.550000000000000000e+02 2.209121717810819234e+02 9.286163397658968677e+01
2.550000000000000000e+02 2.209150980702309255e+02 9.278665770325845585e+01
2.550000000000000000e+02 2.209360368554254990e+02 9.276196219550774913e+01
2.550000000000000000e+02 2.209302831382474039e+02 9.281054254982601037e+01
2.550000000000000000e+02 2.209248655488769373e+02 9.280196140461879395e+01
2.550000000000000000e+02 2.209106493198354997e+02 9.277501186333438454e+01
2.550000000000000000e+02 2.209487306232205128e+02 9.278248576399873571e+01
2.550000000000000000e+02 2.209825806706738263e+02 9.270980306864916543e+01
2.550000000000000000e+02 2.210371717810819234e+02 9.271994621955077776e+01
2.550000000000000000e+02 2.210748180955393991e+02 9.272682695349573123e+01
2.550000000000000000e+02 2.211265026890224590e+02 9.270440525150269195e+01
2.550000000000000000e+02 2.211432893071812771e+02 9.265720895286301584e+01
2.550000000000000000e+02 2.211499327744384686e+02 9.272411815881049790e+01
2.550000000000000000e+02 2.211683011705156616e+02 9.268609617209743590e+01
2.550000000000000000e+02 2.211474217019930393e+02 9.269202783929137013e+01
2.550000000000000000e+02 2.211685779816513673e+02 9.262555362227143974e+01
2.550000000000000000e+02 2.211687163872192343e+02 9.267535985447642588e+01
2.550000000000000000e+02 2.211877570389117409e+02 9.273418222081619433e+01
2.550000000000000000e+02 2.212088342296741530e+02 9.272623378677633355e+01
2.550000000000000000e+02 2.212220025308446623e+02 9.272674786459981533e+01
2.550000000000000000e+02 2.212798362859854535e+02 9.272431588105030187e+01
2.550000000000000000e+02 2.213446891806390511e+02 9.267219629863967612e+01
2.550000000000000000e+02 2.213909166403037148e+02 9.269730702309395554e+01
2.550000000000000000e+02 2.214273963935463598e+02 9.271899715279974430e+01
2.550000000000000000e+02 2.214586562796583280e+02 9.272289228092375879e+01
2.550000000000000000e+02 2.214921504270800483e+02 9.277916403037013993e+01
2.550000000000000000e+02 2.214982204998418354e+02 9.274086523252135805e+01
2.550000000000000000e+02 2.215228369186966120e+02 9.272372271433090418e+01
2.550000000000000000e+02 2.215273449857639889e+02 9.277473505219866468e+01
2.550000000000000000e+02 2.215736119898766106e+02 9.270608589054096171e+01
2.550000000000000000e+02 2.215288476747864479e+02 9.277932220816197173e+01
2.550000000000000000e+02 2.215315366972477023e+02 9.275836365074343348e+01
2.550000000000000000e+02 2.215819163239481213e+02 9.279126463144574188e+01
2.550000000000000000e+02 2.216848702942106968e+02 9.269507276178424604e+01
2.550000000000000000e+02 2.217350324264473329e+02 9.274539307181271397e+01
2.550000000000000000e+02 2.218082687440683287e+02 9.272071733628598622e+01
2.550000000000000000e+02 2.218979950964884438e+02 9.277406279658336530e+01
2.550000000000000000e+02 2.219525862068965409e+02 9.272971369819677534e+01
2.550000000000000000e+02 2.220256643467257334e+02 9.280358272698512678e+01
2.550000000000000000e+02 2.220528313824738973e+02 9.276217968997153207e+01
2.550000000000000000e+02 2.220729001898133390e+02 9.277607956342929185e+01
2.550000000000000000e+02 2.221322366339765892e+02 9.272121164188547482e+01
2.550000000000000000e+02 2.222184633027522977e+02 9.270952625751344556e+01
2.550000000000000000e+02 2.222386309712116486e+02 9.275658415058525463e+01
2.550000000000000000e+02 2.222607165453970310e+02 9.276815090161341004e+01
2.550000000000000000e+02 2.222507315722872647e+02 9.276963381841189005e+01
2.550000000000000000e+02 2.224237385321100930e+02 9.282392834546030258e+01
2.550000000000000000e+02 2.223923995571021806e+02 9.281758146156279565e+01
2.550000000000000000e+02 2.224027997469155196e+02 9.280370136032901485e+01
2.550000000000000000e+02 2.224125276811135734e+02 9.282798165137614887e+01
2.550000000000000000e+02 2.224411183169883088e+02 9.283205472951597415e+01
2.550000000000000000e+02 2.224396156279658214e+02 9.284154539702625186e+01
2.550000000000000000e+02 2.224247469155330634e+02 9.280492723821575396e+01
2.550000000000000000e+02 2.224159482758620641e+02 9.278916877570388522e+01
2.550000000000000000e+02 2.224109656754191633e+02 9.281344906675103346e+01
2.550000000000000000e+02 2.224170159759569856e+02 9.280115074343562753e+01
2.550000000000000000e+02 2.224371045555203921e+02 9.280581698829485049e+01
2.550000000000000000e+02 2.224560265738690248e+02 9.277633660234103274e+01
2.550000000000000000e+02 2.224865351154697919e+02 9.277085969629864337e+01
2.550000000000000000e+02 2.225498260044289793e+02 9.277072129073077633e+01
2.550000000000000000e+02 2.225827665295792599e+02 9.271634767478646211e+01
2.550000000000000000e+02 2.226666007592534129e+02 9.266256722556153136e+01
2.550000000000000000e+02 2.227621994621954968e+02 9.261430322682694793e+01
2.550000000000000000e+02 2.228202704840240358e+02 9.257952388484656581e+01
2.550000000000000000e+02 2.228455196140461965e+02 9.268235922176526742e+01
2.550000000000000000e+02 2.228513524201202074e+02 9.259613255298955892e+01
2.550000000000000000e+02 2.228470816197405782e+02 9.263227617842454720e+01
2.550000000000000000e+02 2.228408138247390013e+02 9.271996599177475673e+01
2.550000000000000000e+02 2.228354160075925279e+02 9.263967099019298246e+01
2.550000000000000000e+02 2.228342494463777257e+02 9.272486950332172739e+01
2.550000000000000000e+02 2.228466861752609987e+02 9.279369661499525535e+01
2.550000000000000000e+02 2.228398252135400242e+02 9.270861673521037005e+01
2.550000000000000000e+02 2.228360289465359187e+02 9.266859775387536047e+01
2.550000000000000000e+02 2.228481888642834576e+02 9.272789465359063854e+01
2.550000000000000000e+02 2.228418617526099297e+02 9.268281398291679807e+01
2.550000000000000000e+02 2.228084071496361958e+02 9.275652483391331771e+01
2.550000000000000000e+02 2.227510083834229704e+02 9.270323869028788977e+01
2.550000000000000000e+02 2.227562282505536189e+02 9.270434593483075503e+01
2.550000000000000000e+02 2.227295752926289083e+02 9.271249209111040557e+01
2.550000000000000000e+02 2.227191948750395341e+02 9.265299746915532353e+01
2.550000000000000000e+02 2.227080433407149656e+02 9.267166244859221536e+01
2.550000000000000000e+02 2.226951518506801619e+02 9.268621480544130975e+01
2.550000000000000000e+02 2.227027246124644080e+02 9.265851391964568506e+01
2.550000000000000000e+02 2.227109894020879608e+02 9.262818332806074295e+01
2.550000000000000000e+02 2.227273014868712551e+02 9.259965200885795866e+01
2.550000000000000000e+02 2.227481018664979331e+02 9.253337551407781802e+01
2.550000000000000000e+02 2.227733312242961006e+02 9.252957924707371262e+01
2.550000000000000000e+02 2.227745571021828539e+02 9.254551565960139214e+01
2.550000000000000000e+02 2.227824462195507635e+02 9.259018111357165992e+01
2.550000000000000000e+02 2.227905132869345266e+02 9.248720737108510548e+01
2.550000000000000000e+02 2.228046108826320904e+02 9.251609459031952554e+01
2.550000000000000000e+02 2.228823552673204631e+02 9.244190920594748206e+01
2.550000000000000000e+02 2.229529025624802330e+02 9.247813192027838625e+01
2.550000000000000000e+02 2.230128914900348036e+02 9.254144258146156687e+01
2.550000000000000000e+02 2.230234300854160097e+02 9.248048481493198381e+01
2.550000000000000000e+02 2.230323078139829249e+02 9.250367763366023155e+01
2.550000000000000000e+02 2.230563508383422970e+02 9.254164030370135663e+01
2.550000000000000000e+02 2.230752135400189786e+02 9.259577665295792315e+01
2.550000000000000000e+02 2.230900822524517650e+02 9.261096172097437318e+01
2.550000000000000000e+02 2.230737701676684708e+02 9.269999604555520989e+01
2.550000000000000000e+02 2.230584664663081185e+02 9.265289860803542865e+01
2.550000000000000000e+02 2.230763207845618581e+02 9.257529262891489452e+01
2.550000000000000000e+02 2.231251581777918318e+02 9.251641094590318914e+01
2.550000000000000000e+02 2.231967929452704880e+02 9.249701439417906101e+01
2.550000000000000000e+02 2.232671029737424817e+02 9.252983628598545351e+01
2.550000000000000000e+02 2.233057576716228994e+02 9.255014236001265715e+01
2.550000000000000000e+02 2.236421622904144328e+02 9.271460771907624121e+01
2.550000000000000000e+02 2.236412725403353363e+02 9.274495808288516230e+01
2.550000000000000000e+02 2.236253756722556147e+02 9.262774833913319128e+01
2.550000000000000000e+02 2.235979318253717167e+02 9.266610645365391008e+01
2.550000000000000000e+02 2.236212235052198594e+02 9.269335257829800412e+01
2.550000000000000000e+02 2.236378914900348036e+02 9.264263682378994247e+01
2.550000000000000000e+02 2.236782268269535052e+02 9.267885953812084665e+01
2.550000000000000000e+02 2.237516410945903260e+02 9.276041996203733220e+01
2.550000000000000000e+02 2.238489599810186519e+02 9.274179452704839832e+01
2.550000000000000000e+02 2.239649043024359401e+02 9.268896314457450103e+01
2.550000000000000000e+02 2.240493514710534555e+02 9.265248339133185596e+01
2.550000000000000000e+02 2.241144020879468428e+02 9.278207054729516301e+01
2.550000000000000000e+02 2.241678068649161730e+02 9.262019534957292421e+01
2.550000000000000000e+02 2.242224968364441509e+02 9.260465438152483841e+01
2.550000000000000000e+02 2.242680520404935010e+02 9.260188627016766816e+01
2.550000000000000000e+02 2.243326083517873997e+02 9.257984024043024363e+01
2.550000000000000000e+02 2.244389236001265431e+02 9.258990430243594005e+01
2.550000000000000000e+02 2.245081461562796505e+02 9.262306232204998935e+01
2.550000000000000000e+02 2.245541561214805313e+02 9.266677870926922367e+01
2.550000000000000000e+02 2.246085099652008807e+02 9.268799430559948860e+01
2.550000000000000000e+02 2.246338579563429221e+02 9.272631287567224945e+01
2.550000000000000000e+02 2.246973861119898856e+02 9.274531398291679807e+01
2.550000000000000000e+02 2.247192739639354500e+02 9.267363967099019817e+01
2.550000000000000000e+02 2.247390066434672633e+02 9.267217652641569714e+01
2.550000000000000000e+02 2.247378400822524611e+02 9.257768506801645003e+01
2.550000000000000000e+02 2.247288239481176788e+02 9.263447089528629874e+01
2.550000000000000000e+02 2.247029816513761489e+02 9.261392755457133319e+01
2.550000000000000000e+02 2.246653155646947084e+02 9.267235447643150792e+01
2.550000000000000000e+02 2.246507236633976561e+02 9.264083755140778464e+01
2.550000000000000000e+02 2.246182972160708573e+02 9.265444084150584558e+01
2.550000000000000000e+02 2.246327704840240358e+02 9.267611119898765537e+01
2.550000000000000000e+02 2.246298639670990269e+02 9.264971527997468570e+01
2.550000000000000000e+02 2.246157070547295120e+02 9.269329326162606719e+01
2.550000000000000000e+02 2.246054452704840116e+02 9.274187361594432844e+01
2.550000000000000000e+02 2.245948473584308829e+02 9.273507197089529086e+01
2.550000000000000000e+02 2.245835574185384473e+02 9.272188389750078841e+01
2.550000000000000000e+02 2.245482046820626465e+02 9.274331698829485049e+01
2.550000000000000000e+02 2.245532663714014632e+02 9.281386428345460615e+01
2.550000000000000000e+02 2.245563310661183039e+02 9.281313271116735564e+01
2.550000000000000000e+02 2.245711997785510903e+02 9.286454049351470985e+01
2.550000000000000000e+02 2.246235368554254990e+02 9.287274596646631153e+01
2.550000000000000000e+02 2.246547769693135024e+02 9.287638405567858513e+01
2.550000000000000000e+02 2.246939457450174018e+02 9.281637535590003552e+01
2.550000000000000000e+02 2.247335495096488387e+02 9.283114520721291285e+01
2.550000000000000000e+02 2.247579484340398608e+02 9.285625593166719227e+01
2.550000000000000000e+02 2.248180757671622985e+02 9.283523805757671710e+01
2.550000000000000000e+02 2.248643823157228780e+02 9.289182616260677605e+01
2.550000000000000000e+02 2.249063192027839193e+02 9.288164346725719156e+01
2.550000000000000000e+02 2.249336246440999787e+02 9.272989164821258612e+01
2.550000000000000000e+02 2.249813745650110661e+02 9.263710060107560196e+01
2.550000000000000000e+02 2.250061491616577030e+02 9.266859775387536047e+01
2.550000000000000000e+02 2.249937519772223879e+02 9.268751977222397898e+01
2.550000000000000000e+02 2.249949383106611833e+02 9.273022777602024291e+01
2.550000000000000000e+02 2.250037171781081895e+02 9.280314773805757511e+01
2.550000000000000000e+02 2.250171227459664749e+02 9.272789465359063854e+01
2.550000000000000000e+02 2.250168063903827829e+02 9.272046029737424533e+01
2.550000000000000000e+02 2.250232323631762199e+02 9.276200173995570708e+01
2.550000000000000000e+02 2.250625593166719511e+02 9.271915533059159031e+01
2.550000000000000000e+02 2.250724058842138504e+02 9.274094432141727395e+01
2.550000000000000000e+02 2.251128400822524611e+02 9.261323552673204063e+01
2.550000000000000000e+02 2.252584031951913914e+02 9.264277522935779530e+01
2.550000000000000000e+02 2.252359617209743874e+02 9.258869819677317992e+01
2.550000000000000000e+02 2.252566632394811847e+02 9.262086760518823780e+01
2.550000000000000000e+02 2.252646116735210455e+02 9.264937915216702891e+01
2.550000000000000000e+02 2.252877254033533632e+02 9.255805124960455998e+01
2.550000000000000000e+02 2.253047888326478869e+02 9.255629152167036011e+01
2.550000000000000000e+02 2.253357719076241779e+02 9.261764473267953690e+01
2.550000000000000000e+02 2.253570270484024149e+02 9.268390145523568435e+01
2.550000000000000000e+02 2.253142795001581646e+02 9.273036618158810995e+01
2.550000000000000000e+02 2.252781754191711343e+02 9.284674549193293558e+01
2.550000000000000000e+02 2.252888128756722494e+02 9.284385874723189147e+01
2.550000000000000000e+02 2.253039979436886995e+02 9.281878756722555579e+01
2.550000000000000000e+02 2.253191039228092336e+02 9.272997073710851623e+01
2.550000000000000000e+02 2.253372745966466368e+02 9.266090635874722636e+01
2.550000000000000000e+02 2.253890185068016478e+02 9.266171701993040699e+01
2.550000000000000000e+02 2.254129824422651041e+02 9.259749683644416507e+01
2.550000000000000000e+02 2.254731888642834576e+02 9.258850047453337595e+01
2.550000000000000000e+02 2.254992684277127353e+02 9.271154302435938632e+01
2.550000000000000000e+02 2.255395444479595142e+02 9.278559000316356276e+01
2.550000000000000000e+02 2.256014117367921585e+02 9.270177554571338874e+01
2.550000000000000000e+02 2.256197405884213936e+02 9.276210060107560196e+01
2.550000000000000000e+02 2.256006208478329711e+02 9.282958320151850273e+01
2.550000000000000000e+02 2.256172690604239222e+02 9.284662685858904752e+01
2.550000000000000000e+02 2.256357363176209958e+02 9.285528709269217984e+01
2.550000000000000000e+02 2.256613215754508133e+02 9.288862306232205412e+01
2.550000000000000000e+02 2.256999367288832730e+02 9.287709585574185667e+01
2.550000000000000000e+02 2.257815169250237375e+02 9.280642992723821294e+01
2.550000000000000000e+02 2.258002016766845941e+02 9.288387772856691527e+01
2.550000000000000000e+02 2.258524992091110448e+02 9.286143625434988280e+01
2.550000000000000000e+02 2.258814259727934086e+02 9.281665216703574117e+01
2.550000000000000000e+02 2.259273766213223666e+02 9.286291917114837702e+01
2.550000000000000000e+02 2.260496678266371475e+02 9.284079405251502237e+01
2.550000000000000000e+02 2.260819756406200440e+02 9.277685068016450032e+01
2.550000000000000000e+02 2.261669368870610697e+02 9.276935700727618439e+01
2.550000000000000000e+02 2.262210732363176078e+02 9.274108272698512678e+01
2.550000000000000000e+02 2.262958320151850558e+02 9.265987820310029122e+01
2.550000000000000000e+02 2.263537646314457561e+02 9.268237899398924640e+01
2.550000000000000000e+02 2.264149003479911357e+02 9.258415058525783081e+01
2.550000000000000000e+02 2.264302238215754528e+02 9.260595934830749343e+01
2.550000000000000000e+02 2.264498378677633639e+02 9.259892043657070815e+01
2.550000000000000000e+02 2.264947999050933163e+02 9.262173758304334115e+01
2.550000000000000000e+02 2.265175379626700476e+02 9.260358668142993110e+01
2.550000000000000000e+02 2.265180322682695362e+02 9.259490667510281980e+01
2.550000000000000000e+02 2.265192581461562895e+02 9.268012496045555793e+01
2.550000000000000000e+02 2.265804729515975851e+02 9.265513286934513815e+01
2.550000000000000000e+02 2.265624011388800909e+02 9.269092059474849066e+01
2.550000000000000000e+02 2.265754903511546843e+02 9.266430718127175226e+01
2.550000000000000000e+02 2.265753717178108104e+02 9.267494463777285318e+01
2.550000000000000000e+02 2.266221132552989559e+02 9.267850363808921088e+01
2.550000000000000000e+02 2.267519376779500249e+02 9.258086839607719298e+01
2.550000000000000000e+02 2.268475561531161020e+02 9.255619266055046523e+01
2.550000000000000000e+02 2.268623655488769373e+02 9.258223267953179914e+01
2.550000000000000000e+02 2.268703139829167981e+02 9.260805520404935010e+01
2.550000000000000000e+02 2.268425933248971944e+02 9.259789228092375879e+01
2.550000000000000000e+02 2.268346053464093757e+02 9.260754112622588252e+01
2.550000000000000000e+02 2.268277641569123659e+02 9.272131050300538391e+01
2.550000000000000000e+02 2.268265975956975637e+02 9.269926447326795937e+01
2.550000000000000000e+02 2.268313033850047589e+02 9.271923441948750622e+01
