2.545863187551695717e+02 8.058674524400331052e+00 6.965331627377997847e+01
2.545814464433416049e+02 8.012032154673283557e+00 6.967284429280397262e+01
2.545898857526881613e+02 8.031340467328369925e+00 6.981530448717948900e+01
2.545628360215053760e+02 7.854399296939619468e+00 6.958321701819686211e+01
2.544464950372208421e+02 7.687370760959471028e+00 6.847485008271299023e+01
2.543537531017369702e+02 7.725302419354838968e+00 6.771162892886682982e+01
2.542479192514474846e+02 7.826393196856906265e+00 6.722429435483870463e+01
2.541779104631927169e+02 7.945176799007444224e+00 6.698275951199337896e+01
2.540746226220016410e+02 8.121355459057072679e+00 6.651733095533498386e+01
2.539740229528536020e+02 8.154311414392060087e+00 6.624536031844499462e+01
2.539722911497105144e+02 8.333100703060379644e+00 6.606783757237386112e+01
2.539420104425144871e+02 8.482785359801487957e+00 6.603269747725393302e+01
2.539327956989247355e+02 8.527683002481388996e+00 6.581797973531844548e+01
2.539060690653432459e+02 8.489958126550869011e+00 6.564006927212572862e+01
2.539137975599669232e+02 8.479179590570719682e+00 6.571770316377171639e+01
2.538767576509511912e+02 8.515521608767576467e+00 6.550178349875930905e+01
2.539102176385442533e+02 8.535385649296939548e+00 6.550009046732837703e+01
2.539038849255583159e+02 8.451289805624483620e+00 6.569195874689826553e+01
2.539690084780810650e+02 8.341863110008270965e+00 6.570503773779984158e+01
2.539710892266335804e+02 8.175480769230770051e+00 6.577234543010752077e+01
2.539409506823821232e+02 8.169484077750206907e+00 6.576320822994209436e+01
2.539988497725393017e+02 8.146867245657567480e+00 6.587417287014061174e+01
2.539831213813068587e+02 8.178543734491315220e+00 6.571121536393714280e+01
2.539440911910670025e+02 8.183777915632754585e+00 6.566503825475599854e+01
2.539258297146402015e+02 8.249353804797353362e+00 6.584722653019024108e+01
2.540044458229941995e+02 8.349798387096774022e+00 6.595555469396195747e+01
2.539700036186931413e+02 8.205490074441687653e+00 6.589370088916460588e+01
2.540263001447477222e+02 7.636592741935483986e+00 6.607507495864351199e+01
2.540798955748552430e+02 7.235460607940446209e+00 6.621064671215880537e+01
2.540886838296112558e+02 7.039198200992555776e+00 6.627601581885856774e+01
2.540409558519437496e+02 6.895781637717121271e+00 6.598403897849462396e+01
2.540738601116625262e+02 6.793010752688172005e+00 6.597565136476427483e+01
2.541427703680727745e+02 6.844706368899917237e+00 6.597536703887510612e+01
2.541514423076923208e+02 7.093026261373035268e+00 6.585708746898262689e+01
2.541473971257237281e+02 7.317087985938792727e+00 6.592028535980148263e+01
2.541382340777502122e+02 7.158227357320098960e+00 6.581341759718776530e+01
2.541322890818858582e+02 7.222989040529363081e+00 6.559810535566583667e+01
2.540528070719603022e+02 7.497453990901571608e+00 6.572296319272125231e+01
2.540284196650123931e+02 7.751460401157982183e+00 6.566192359387923716e+01
2.540684966914805614e+02 8.061724565756824390e+00 6.561323924731182444e+01
2.540489428246484636e+02 7.907012510339122890e+00 6.559203112076096431e+01
2.540571495037220870e+02 7.910398573200992267e+00 6.568530293631100392e+01
2.540864479942100900e+02 7.848312138130686400e+00 6.589786238626965087e+01
2.540862929073614680e+02 7.837029569892473013e+00 6.607804745657568901e+01
2.541228934036393809e+02 7.774426178660049480e+00 6.599970275020677946e+01
2.541040761993382944e+02 7.727628722084367574e+00 6.607442876344086358e+01
2.541649607113316733e+02 7.867077646815549663e+00 6.625781896195202592e+01
2.541411678039702338e+02 8.287272539288668582e+00 6.600307588916460588e+01
2.541449415839536812e+02 8.251408705541770416e+00 6.597027502067824400e+01
2.541157981803143002e+02 8.347136062861869377e+00 6.592284429280397262e+01
2.541601659429280460e+02 8.611520368072786979e+00 6.602876861042183521e+01
2.541431193134822308e+02 8.479722394540942787e+00 6.607145626550868656e+01
2.541189386889991795e+02 8.549614867659222739e+00 6.596421370967742348e+01
2.541118305417700469e+02 8.557937861869312712e+00 6.587523263027294718e+01
2.541208514267990211e+02 8.693134822167079889e+00 6.588572684036394378e+01
2.540392886683209213e+02 8.863665736145575735e+00 6.584992762613730122e+01
2.540501447477253976e+02 8.675674627791563509e+00 6.581938844086020879e+01
2.540729942100909966e+02 8.682924937965260881e+00 6.576937293217535796e+01
2.540693755169561712e+02 8.590687034739454830e+00 6.579387665425971932e+01
2.540889681555004245e+02 8.603856492969395475e+00 6.582532051282051100e+01
2.540650977047146455e+02 8.454003825475599143e+00 6.574771246898262689e+01
2.541255815756823893e+02 8.504109801488834108e+00 6.578537272539288949e+01
2.541178530810587404e+02 8.545983250620347249e+00 6.568521246898262689e+01
2.540983896815550054e+02 8.492607526881720048e+00 6.573769644334160489e+01
2.541155267783292118e+02 8.561491935483870108e+00 6.556922043010752077e+01
2.540949519230769340e+02 8.293592328370554156e+00 6.562370760959470317e+01
2.541310225392886650e+02 8.411238626964433251e+00 6.572464330024813250e+01
2.540838761373035481e+02 8.721386476426799206e+00 6.586150744416873692e+01
2.541241082506203384e+02 8.827905293631099326e+00 6.588104838709676869e+01
2.541070874689826269e+02 9.047611662531016563e+00 6.596069840777502691e+01
2.541797844292804029e+02 9.143907671629445844e+00 6.603136631513648069e+01
2.541965338089329975e+02 9.364544561621174878e+00 6.622262717121587627e+01
2.541804177005789995e+02 9.176320822994210147e+00 6.625149917287014034e+01
2.542138259925558259e+02 9.183041253101736245e+00 6.626987696443342202e+01
2.542100651364764303e+02 9.154970533498758556e+00 6.625215829197684059e+01
2.542276028742762719e+02 9.354282981803143215e+00 6.620822994210091395e+01
2.542176385442514572e+02 9.458307485525226710e+00 6.615988161703887727e+01
2.542576509511993379e+02 9.114880583126550917e+00 6.624559294871794179e+01
2.542464071546732782e+02 9.030164392059553791e+00 6.610782413151365233e+01
2.542416770057899100e+02 9.055055831265509170e+00 6.594787789495450170e+01
2.542790270885028860e+02 9.176682692307691624e+00 6.605902346980975892e+01
2.542750465260545809e+02 9.081627377998346518e+00 6.608790839536807482e+01
2.542476866211745232e+02 9.088037634408602017e+00 6.611597911497105429e+01
2.542567979735318318e+02 9.014862489660876221e+00 6.630814464433416333e+01
2.542366625310173731e+02 8.841462468982630440e+00 6.636133943341604891e+01
2.542113575268817272e+02 8.933428970223324939e+00 6.614199493382960782e+01
2.542043786186931413e+02 8.758581472291149694e+00 6.605912686104218778e+01
2.541415296732837135e+02 9.036329094292803177e+00 6.584978546319271686e+01
2.540325940860215042e+02 9.269631410256410575e+00 6.556766956162117310e+01
2.539794897642679814e+02 9.360266749379652751e+00 6.541011424731182444e+01
2.540041356492969271e+02 9.595623966087675427e+00 6.535870295698924792e+01
2.540238446029776753e+02 9.743796526054589791e+00 6.539088347808106505e+01
2.540928324028122347e+02 9.343452750206783008e+00 6.540459574028122347e+01
2.540951328577336596e+02 9.069155810587261612e+00 6.553099152191893495e+01
2.541093620760959482e+02 8.939735835401158681e+00 6.546546732837055060e+01
2.541318625930521193e+02 8.953771195202646638e+00 6.549857837055417065e+01
2.541159403432588988e+02 8.994636579818031663e+00 6.546272746071133497e+01
2.541619235938792372e+02 9.031133684863522859e+00 6.547130893300247578e+01
2.541008710711331560e+02 9.068936104218362715e+00 6.547774503722084205e+01
2.541146350289495501e+02 8.871937034739454830e+00 6.549181916873449438e+01
2.540996174524400431e+02 9.052315963606286431e+00 6.552591242762613888e+01
2.540866030810587404e+02 9.056761786600496578e+00 6.543435949131513496e+01
2.541199726013234113e+02 8.451070099255582946e+00 6.563341346153846700e+01
2.541128773779983590e+02 8.221916356492968703e+00 6.583798593879238581e+01
2.541997777088502914e+02 8.136928763440860024e+00 6.605465519023987042e+01
2.541696133167907306e+02 8.304332092638544438e+00 6.605332402812241810e+01
2.542025434243176107e+02 8.200010339123242176e+00 6.614713864764267726e+01
2.541655552109181144e+02 8.453086228287840953e+00 6.597893403639371002e+01
2.541364376550868371e+02 8.638944892473118031e+00 6.595437861869314133e+01
2.541450578990901477e+02 8.749250413564929829e+00 6.589691894127378191e+01
2.541320952233250523e+02 8.907619933829611369e+00 6.578537272539288949e+01
2.541256720430107521e+02 8.930663254755996761e+00 6.556640301902397994e+01
2.541017369727047139e+02 8.771944789081885574e+00 6.561862851530190710e+01
2.541250775434243110e+02 8.752726943755169131e+00 6.559137200165426407e+01
2.541508090363937242e+02 8.872544458229942421e+00 6.553258116211745232e+01
2.541452776054590572e+02 8.724591604631926955e+00 6.553196081472290757e+01
2.541986921009098523e+02 8.772552212572373165e+00 6.554531120760960050e+01
2.541441790736145663e+02 8.773831679073614609e+00 6.561467380066170563e+01
2.541167803970223247e+02 8.642356803143092847e+00 6.567955179900744156e+01
2.541207221877584743e+02 8.706071650124069805e+00 6.568479890405293986e+01
2.540983509098428499e+02 8.708126550868486859e+00 6.564535514888336820e+01
2.540825966708023032e+02 8.679254549214226344e+00 6.543372622001653838e+01
2.540309269023986758e+02 8.407930107526881969e+00 6.532369210090983813e+01
2.540197348014888235e+02 8.331394747725392236e+00 6.540343258891645917e+01
2.540065394954507951e+02 8.242142266335815037e+00 6.537319065343258728e+01
2.539962391439206044e+02 8.198485318444996395e+00 6.537107113316790219e+01
2.540006461952026484e+02 8.124560587262200428e+00 6.534160463192721124e+01
2.539986817617865995e+02 8.104502688172043889e+00 6.549925041356492272e+01
2.539658421215880821e+02 8.439787531017369560e+00 6.525412272539288949e+01
2.539701070099255560e+02 8.492245657568238570e+00 6.520065653432588704e+01
2.539362334574028068e+02 8.619507340777502691e+00 6.509929435483870463e+01
2.539316713192721124e+02 8.719486662531016563e+00 6.504245502481388996e+01
2.539178685897435912e+02 8.795298283705541564e+00 6.520546422663358044e+01
2.538960271918941203e+02 8.664934863523573227e+00 6.518460504549214818e+01
2.538185613110008205e+02 8.694750310173697372e+00 6.515769747725393302e+01
2.538648935070306152e+02 8.617568755169561001e+00 6.516324183209263765e+01
2.538728029363109897e+02 8.833475496277916506e+00 6.512795957402812519e+01
2.539539909015715580e+02 8.336409222497932703e+00 6.524156069065342933e+01
2.539150253308519325e+02 8.083527191894127384e+00 6.526494003308519609e+01
2.539714769437551638e+02 7.940162324234904645e+00 6.524779001240695209e+01
2.539214226633581575e+02 7.999250413564929829e+00 6.528861662531016918e+01
2.539204792183622885e+02 7.797598738626964732e+00 6.529598325062035258e+01
2.539464174937965311e+02 7.903548904052936308e+00 6.531632547559966895e+01
2.539365307071960274e+02 7.938598531844499817e+00 6.530563740694789487e+01
2.539278846153846132e+02 8.043295078577337165e+00 6.526879135649296870e+01
2.538670905707195971e+02 7.867051799007444224e+00 6.523056244830438288e+01
2.538803634201819648e+02 7.993447580645161032e+00 6.514118072787427138e+01
2.538379213192721124e+02 8.194272125723738753e+00 6.503121122828784451e+01
2.538801566377171355e+02 8.215583643507031297e+00 6.504524658808932713e+01
2.538964149090157036e+02 8.404970533498758556e+00 6.493433364350703130e+01
2.537986843465673985e+02 8.423697270471464549e+00 6.482455800248139610e+01
2.537417674731182728e+02 8.491780397022331783e+00 6.465526778329197555e+01
2.538464510959470601e+02 8.327104011579818277e+00 6.483943341604631883e+01
2.538795104425144871e+02 8.052897539288668582e+00 6.504824493382960782e+01
2.538777010959470601e+02 7.938004032258064946e+00 6.495768713813068018e+01
2.539099720843672401e+02 7.698730872622001620e+00 6.496730252274606698e+01
2.538157438999172939e+02 7.643907671629445844e+00 6.484309088089329975e+01
2.537015612076095863e+02 7.793308002481389885e+00 6.470019127377997847e+01
2.536095300868486220e+02 7.839653122415219499e+00 6.473674007444168410e+01
2.535906870347394602e+02 7.924446856906534720e+00 6.467527398676591588e+01
2.535641801075268802e+02 8.047702129859388265e+00 6.451689154259719317e+01
2.535564516129032313e+02 7.912867038875103454e+00 6.452275899503722201e+01
2.536024994830438288e+02 7.797598738626964732e+00 6.456069065343258728e+01
2.536338528742762719e+02 7.787608560794044621e+00 6.453174110835401223e+01
2.536510287427626054e+02 7.760300351530189822e+00 6.449638130686517457e+01
2.536550610008271178e+02 7.699002274607113172e+00 6.466938068651778337e+01
2.537050894334160489e+02 7.814916770057899420e+00 6.462503877171215549e+01
2.537120554177005829e+02 7.748177729528536339e+00 6.475389009511992811e+01
2.537247466914805614e+02 7.703344706368899786e+00 6.472537996277915795e+01
2.537079714640198631e+02 7.723880789909015832e+00 6.471557071960297947e+01
2.536687861869313565e+02 7.683777915632754585e+00 6.456832868072787335e+01
2.536379239040529399e+02 7.634886786600496578e+00 6.449401623242349046e+01
2.537630143713813027e+02 7.194259201819686034e+00 6.472469499586435404e+01
2.537460969809760059e+02 7.075217121588089242e+00 6.485547198097602006e+01
2.537312603391232528e+02 7.043850806451612989e+00 6.473287582712985966e+01
2.537375284325889027e+02 6.637471567411083129e+00 6.490521608767576822e+01
2.537836667700578914e+02 6.783511683209264120e+00 6.485156896195202592e+01
2.537177160876757682e+02 7.390288978494623962e+00 6.456525279156328168e+01
2.536384279363109897e+02 7.545492142266335911e+00 6.446509253515301907e+01
2.535534791149710543e+02 7.667558416046319714e+00 6.435919406534326015e+01
2.534865203680727745e+02 7.757986972704714823e+00 6.421862076095946748e+01
2.535091242762613604e+02 7.837417287014060818e+00 6.406502016129032029e+01
2.535145910876757682e+02 7.286186931348221485e+00 6.431914288668320978e+01
2.534864945202646709e+02 6.949609698097601651e+00 6.438524865591398338e+01
2.535158705541770132e+02 6.752675248138958253e+00 6.438604993796525378e+01
2.534147280810587404e+02 6.716746794871794712e+00 6.424386114557485428e+01
2.534656094913151492e+02 6.576070099255582946e+00 6.426177367659222739e+01
2.534985525227460812e+02 6.574428763440860024e+00 6.432874534739454475e+01
2.534122337675765095e+02 6.803608354011579706e+00 6.409178556658395109e+01
2.534178168941273839e+02 6.975367038875103454e+00 6.424790632754341857e+01
2.534265534532671609e+02 6.944078267162944407e+00 6.436768507030603814e+01
2.534375516956162073e+02 6.894980355665839333e+00 6.438740694789082397e+01
2.533840079611248939e+02 7.087068341604632060e+00 6.415185587262200784e+01
2.533847704714640088e+02 7.157955955334987408e+00 6.415675403225806406e+01
2.534030836435070171e+02 7.306761786600496578e+00 6.401213554590570709e+01
2.533672973531844548e+02 7.357113316790735880e+00 6.406295233664185673e+01
2.533346127998345878e+02 7.298244933829611369e+00 6.397806813482216626e+01
2.533098635235731990e+02 7.417842741935483986e+00 6.411893868899917948e+01
2.533629032258064626e+02 7.427083333333333037e+00 6.409726530190239657e+01
2.533412556865177692e+02 7.392731596360628821e+00 6.408462572373862542e+01
2.533291330645161281e+02 7.492930624483044255e+00 6.411782723325062250e+01
2.533394204921422670e+02 7.416291873449131877e+00 6.404368279569892763e+01
2.533507806038047931e+02 7.150072373862696118e+00 6.404311414392059021e+01
2.533614040529363081e+02 7.165283808933002874e+00 6.406341759718776530e+01
2.533923955748552430e+02 7.016762303556657976e+00 6.407313637303556675e+01
2.533897074028122347e+02 7.121588089330025184e+00 6.391238885442514572e+01
2.533207712985938826e+02 6.921836228287840953e+00 6.388810483870967971e+01
2.533309294871794748e+02 6.987489660876757824e+00 6.377119520264681540e+01
2.533553815136476430e+02 7.083397952853598412e+00 6.369821391645988484e+01
2.533240927419354875e+02 6.899180624483044255e+00 6.382433829611248655e+01
2.532727848428453399e+02 6.988756203473945661e+00 6.352317255996691614e+01
2.532997053349876069e+02 6.876408705541770416e+00 6.359942359387923716e+01
2.533776106286186973e+02 7.129885235732009718e+00 6.345393920595533643e+01
2.532708204094292910e+02 7.189697063688998746e+00 6.340414340363937384e+01
2.532556735938792372e+02 7.301062344913151314e+00 6.338791098014888092e+01
2.531934191480562504e+02 7.551967018196856785e+00 6.319425920181968337e+01
2.531852253928866787e+02 7.520949648469810178e+00 6.340219189412737677e+01
2.532696055624483051e+02 7.371756100082713203e+00 6.352296577750206552e+01
2.533570228494623677e+02 7.112735215053763049e+00 6.385003101736973008e+01
2.533476013234077868e+02 7.103068134822167146e+00 6.379229993796526088e+01
2.533183803763440949e+02 7.067152605459057213e+00 6.384519747725392591e+01
2.532388208229941995e+02 6.949984491315136736e+00 6.377282361455748827e+01
2.533829869727047139e+02 6.453318858560794347e+00 6.382820254342431809e+01
2.533310845740281252e+02 6.242775537634408956e+00 6.377163461538461320e+01
2.532549886269644333e+02 6.127029052936310727e+00 6.371308933002481467e+01
2.532627688172042895e+02 6.110124586435070171e+00 6.365142938378825477e+01
2.532769334160463188e+02 5.959974669148055959e+00 6.374815188172043179e+01
2.531889604011579706e+02 6.204559553349875856e+00 6.365933881306865061e+01
2.531687732630273047e+02 6.627546009098428392e+00 6.381708798593879095e+01
2.531215493176178768e+02 6.751783498759305502e+00 6.379553091397849585e+01
2.531719654673283628e+02 6.703344706368899786e+00 6.387425041356492983e+01
2.531581756617038934e+02 6.806063895781637285e+00 6.363377533085194671e+01
2.531661497105045555e+02 6.651287220843672188e+00 6.357732371794871540e+01
2.532444039495450738e+02 6.591139371381307122e+00 6.375268817204300831e+01
2.533862437965260597e+02 6.492064722911496943e+00 6.381713968155500538e+01
2.533724281430934582e+02 6.505660669975186217e+00 6.379173128618693056e+01
2.534171706989247355e+02 6.434307795698924970e+00 6.386897746071133497e+01
2.533444995864350631e+02 6.969357423490487591e+00 6.395194892473118387e+01
2.532610757857733574e+02 7.396996484698097341e+00 6.382697477253928753e+01
2.531941170388751061e+02 7.584393093465673807e+00 6.402825165425971932e+01
2.530391982009925584e+02 7.684281947890818643e+00 6.378703990901571785e+01
2.530898340570719540e+02 7.691545181968568734e+00 6.375372208436724719e+01
2.533320667907361496e+02 7.095326716294458436e+00 6.412900641025640880e+01
2.534547146401985174e+02 6.689361042183622708e+00 6.409805366004962934e+01
2.534840777502067795e+02 6.592987489660877110e+00 6.442778122415219855e+01
2.534535514888337389e+02 6.493757754342431632e+00 6.419229476840364157e+01
2.534649374483043971e+02 6.394851116625310361e+00 6.429002533085194671e+01
2.535276313068651746e+02 6.446869830438378912e+00 6.416785566583953937e+01
2.534873604218362289e+02 6.526778329197684414e+00 6.428607061621174523e+01
2.535120967741935374e+02 6.693716397849462041e+00 6.413219861455748116e+01
2.534927755376344010e+02 6.670608457402812164e+00 6.399763492555831590e+01
2.535113601116625262e+02 6.606079404466501437e+00 6.397572890818858582e+01
2.533976297559966895e+02 6.766167803970223105e+00 6.432497156741108313e+01
2.533368615591397770e+02 7.043372622001654371e+00 6.448632650951199707e+01
2.533398211331679022e+02 6.945474048800662104e+00 6.450557020264682251e+01
2.533038797559966895e+02 6.859762717121587805e+00 6.440679280397021955e+01
2.532373991935483843e+02 6.794199751861041747e+00 6.420789392059553791e+01
2.532852434863523570e+02 6.556865177832920111e+00 6.418658240281223470e+01
2.532206756617038934e+02 6.451470740281224359e+00 6.429715932588916871e+01
2.533054564722911550e+02 6.432899090157154554e+00 6.406013492555831590e+01
2.533395755789908890e+02 6.314464433416046241e+00 6.424723428453266649e+01
2.532812370760959482e+02 6.462817928039702231e+00 6.398406482630272762e+01
2.531690834367245770e+02 6.878243899917286797e+00 6.406222859801488312e+01
2.530595016542597193e+02 7.035837985938792727e+00 6.396603598014888092e+01
2.531382340777502122e+02 7.083333333333333037e+00 6.407482940446649877e+01
2.530146686311000792e+02 7.071120244003308741e+00 6.398878205128205110e+01
2.530320771298593741e+02 6.957493279569892053e+00 6.391823045905707090e+01
2.530962960090984382e+02 6.609051902398676681e+00 6.387098066583953937e+01
2.531500206782464772e+02 6.550661703887509901e+00 6.398929900744416699e+01
2.531719913151364665e+02 6.481997001654259627e+00 6.403386062861869732e+01
2.531286057692307736e+02 6.214769437551695752e+00 6.401288513234078437e+01
2.530763544251447570e+02 6.192760028949544804e+00 6.376956679073614254e+01
2.530919665012407052e+02 6.099863006617038508e+00 6.406367607526881613e+01
2.531070486972704714e+02 6.081601530190240190e+00 6.426077853598015110e+01
2.532052574441687227e+02 6.101400951199337896e+00 6.442294768403638727e+01
2.531076173490488088e+02 6.544884718775847432e+00 6.464361042183622885e+01
2.530448717948717956e+02 6.907891335814722922e+00 6.483952388337469586e+01
2.531105769230769340e+02 7.039805624483044255e+00 6.478587675765095355e+01
2.531052910463192802e+02 7.350405810587262501e+00 6.484081627377997847e+01
2.530648779983457359e+02 7.316338399503721668e+00 6.465774917287014034e+01
2.530843672456575746e+02 7.158149813895781755e+00 6.469467276674937750e+01
2.530787970430107521e+02 7.101698200992555776e+00 6.455619313482216626e+01
2.532082170181968479e+02 6.604024503722084383e+00 6.454746949958644109e+01
2.532430340157154660e+02 6.431800558312654736e+00 6.467957764681554522e+01
2.534420492142266426e+02 6.319117038875103454e+00 6.478011269644333936e+01
2.535592302522746024e+02 6.282335607940446209e+00 6.487634408602150415e+01
2.535507004755996832e+02 6.157141749379652751e+00 6.467066015301902837e+01
2.534369701199338181e+02 6.307989557485525367e+00 6.493452750206782298e+01
2.533807511373035481e+02 6.531211228287840953e+00 6.485337830851943863e+01
2.533500697890818856e+02 6.530901054590570354e+00 6.483369520264682251e+01
2.533431942721257144e+02 6.556141439205955379e+00 6.485273211331679022e+01
2.534769954507857790e+02 6.519734801488834108e+00 6.490401416459884842e+01
2.533683958850289457e+02 6.624547663358146821e+00 6.481663564929694132e+01
2.533154595740281252e+02 6.908796009098428392e+00 6.456641594292804598e+01
2.533626188999172939e+02 6.935251240694789487e+00 6.456009615384616041e+01
2.533383607320099316e+02 6.913900951199337896e+00 6.464043114143920832e+01
2.533371458850289457e+02 6.980937241521918857e+00 6.457924937965260881e+01
2.533963115177832890e+02 6.715596567411083129e+00 6.488488678660048947e+01
2.534289443755169486e+02 6.563029880066170385e+00 6.502614505789908605e+01
2.533853778949545017e+02 6.487838606286186582e+00 6.489098686931347970e+01
2.532362877377998416e+02 6.490668941273780135e+00 6.508540115798180636e+01
2.532995373242349046e+02 6.831485215053763049e+00 6.525242969396195747e+01
2.534198459470636919e+02 6.735215053763440984e+00 6.511626344086020879e+01
2.533893326095947032e+02 6.546332196029776895e+00 6.484877739867658875e+01
2.533428194789081829e+02 6.522422973531844193e+00 6.488169458229941711e+01
2.534056425765095071e+02 6.601181244830438111e+00 6.483151106286186405e+01
2.533912065756823893e+02 6.493925765095119651e+00 6.489930986352356967e+01
2.533367581679073623e+02 6.412466397849462041e+00 6.472148986765921563e+01
2.533590777502067795e+02 6.322477253928866503e+00 6.472319582299421370e+01
2.533590519023986758e+02 6.515612076095947280e+00 6.489372673697270955e+01
2.533857139164598777e+02 6.211331679073614609e+00 6.486351064929694132e+01
2.533388389164598777e+02 6.040904156327543184e+00 6.459435742349049292e+01
2.534038849255583159e+02 5.785165942928039762e+00 6.467280552109181713e+01
2.533944633995037350e+02 6.010326199338296149e+00 6.480380221257237849e+01
2.534774994830438288e+02 5.950023263027294895e+00 6.482015095119933790e+01
2.535151597394541056e+02 5.925829714640198809e+00 6.494670181968568556e+01
2.534861068031430875e+02 5.980278122415219499e+00 6.490400124069478238e+01
2.534243563895781506e+02 6.154957609594706724e+00 6.488555882961125576e+01
2.532658576302729614e+02 6.337546526054590679e+00 6.475323097601322786e+01
2.532071572580645125e+02 6.374883684863523747e+00 6.448975134408601662e+01
2.531983819272125800e+02 6.265702543424317206e+00 6.445101840363936674e+01
2.531157206368899892e+02 6.298645574855251894e+00 6.446943496691480391e+01
2.531065188172042895e+02 6.266658912324235331e+00 6.432873242349049292e+01
2.531703629032257936e+02 6.172288564929694132e+00 6.444826561207609927e+01
2.529850470430107521e+02 6.111714226633581326e+00 6.431197011993383228e+01
2.530306425765095071e+02 6.266671836228288051e+00 6.429090415632754230e+01
2.529681167287014034e+02 7.097562551695616229e+00 6.466861817617865427e+01
2.528143351943755306e+02 7.775498862696442970e+00 6.480974720843671832e+01
2.527909946236559051e+02 7.654350186104218245e+00 6.491736455748552714e+01
2.526298981596360704e+02 7.541899296939619468e+00 6.458317824648469241e+01
2.525290141645988342e+02 7.538035049627791473e+00 6.451384150124069095e+01
2.525167106079404391e+02 7.732436414392059199e+00 6.458169199751860390e+01
2.525636243796525946e+02 7.097148986765922096e+00 6.462245399090157605e+01
2.525460607940446778e+02 6.637432795698924970e+00 6.438695461124896724e+01
2.525752558933002376e+02 6.440291563275434505e+00 6.440902863937138534e+01
2.527001266542597193e+02 6.281754032258064946e+00 6.442482165012407336e+01
2.527522099875930621e+02 5.972704714640198809e+00 6.445903122415219855e+01
2.527068341604631883e+02 5.890185587262200428e+00 6.434420233664185673e+01
2.527311569478908098e+02 5.868266645988420294e+00 6.446929280397021955e+01
2.528136114557485428e+02 5.789340363937138356e+00 6.465689619520264841e+01
2.527977279776675061e+02 5.739906430934656356e+00 6.477539547146402299e+01
2.527443781017369702e+02 5.846076302729528607e+00 6.470325423904053252e+01
2.526792287014061174e+02 6.313275434243176498e+00 6.464750051695615696e+01
2.527622647849462396e+02 6.257082299421009353e+00 6.463633426385442249e+01
2.526812706782464772e+02 6.039624689826302628e+00 6.453736300661704206e+01
2.526253489454094279e+02 6.039715157154673442e+00 6.452681710090983813e+01
2.526434682588916587e+02 6.198330231596360207e+00 6.441673128618693056e+01
2.526940911910670025e+02 5.820112179487179738e+00 6.446090519023987042e+01
2.527057744003308528e+02 5.679668114143920477e+00 6.435330076509511343e+01
2.526483405707195971e+02 5.555146298593879095e+00 6.424249121174524646e+01
2.525447037841190934e+02 5.618512200165426407e+00 6.409690343258891687e+01
2.524170026881720332e+02 5.640069272125724176e+00 6.395604580231596259e+01
2.523786316170388773e+02 5.617529983457402842e+00 6.411612127791563864e+01
2.523842018196856998e+02 5.571223635235732274e+00 6.408357888751034181e+01
2.523546577750206836e+02 5.675984801488834108e+00 6.406690705128205821e+01
2.523511812448304283e+02 5.745748035566584200e+00 6.392289598842017995e+01
2.523958204094292910e+02 5.668243382961124510e+00 6.427442617866005037e+01
2.523929900744416841e+02 5.611662531017369560e+00 6.423699855252274915e+01
2.523739790115798201e+02 5.636592741935483986e+00 6.422531534325888458e+01
2.524451638751033897e+02 5.559514578163772036e+00 6.429538875103391149e+01
2.524820486972704714e+02 5.636928763440860024e+00 6.433761114557485428e+01
2.524859258684863619e+02 5.539844396195202414e+00 6.432641904466501614e+01
2.524829016749379775e+02 5.608237696443342024e+00 6.427804487179487580e+01
2.523151752481389565e+02 5.674589019851116412e+00 6.422041718362282836e+01
2.522969008478081037e+02 5.876072684036393490e+00 6.416944530603804253e+01
2.522597575475599569e+02 5.791860525227460421e+00 6.409402140198511688e+01
2.522132185690653330e+02 5.742077646815549663e+00 6.393169716708023032e+01
2.521538849255583159e+02 5.821223635235732274e+00 6.404796060794045331e+01
2.520894592638544225e+02 5.801979942100909504e+00 6.422712468982629730e+01
2.520588683829611227e+02 5.765961021505376038e+00 6.408802471050455551e+01
2.520681994416873408e+02 5.658214433416046241e+00 6.410065136476427483e+01
2.521370580024813819e+02 5.563960401157982183e+00 6.412833436724565672e+01
2.521208643507030729e+02 5.742232733664184963e+00 6.406013492555831590e+01
2.521440756823821232e+02 5.994882133995036888e+00 6.422451406120761419e+01
2.520595533498759266e+02 6.085763027295285177e+00 6.400841346153846700e+01
2.520396376137303491e+02 6.000180934656740739e+00 6.379563430521091760e+01
2.520672947684036274e+02 6.063430521091811798e+00 6.384524917287014034e+01
2.520695822994210005e+02 6.151726633581472647e+00 6.398075630686517457e+01
2.520239609181141418e+02 6.086396298593879095e+00 6.375825837468982371e+01
2.520741573614557467e+02 6.020665322580645018e+00 6.359820874689826553e+01
2.520281224152192010e+02 6.260054797353184597e+00 6.366956162117452322e+01
2.520258607320099316e+02 6.147190343258891687e+00 6.357141749379652396e+01
2.519877869106699677e+02 6.075540219189412561e+00 6.347332506203473912e+01
2.518206032878411804e+02 5.790904156327543184e+00 6.318731906534326015e+01
2.517055288461538396e+02 5.873474979321753331e+00 6.316599462365591222e+01
2.517280422870140626e+02 5.987037324234904645e+00 6.328816428866831956e+01
2.516255428039702338e+02 5.780720119933829615e+00 6.314121949958643398e+01
2.515308622828784166e+02 5.433209263854425153e+00 6.313159119106699535e+01
2.515331756617038934e+02 5.449570926385442604e+00 6.327533085194375673e+01
2.515479864557485428e+02 5.545608457402812164e+00 6.331021246898262689e+01
2.514727434863523570e+02 5.284868693134821882e+00 6.323122156741108313e+01
2.513120864350703130e+02 5.190007237386269345e+00 6.308699079818031663e+01
2.512784196650123931e+02 5.030836435070305868e+00 6.317527398676592298e+01
2.512382263234077868e+02 5.100276571546732640e+00 6.314960711331679022e+01
2.511364635028949408e+02 5.375025847808105439e+00 6.328921112489661027e+01
2.511164056038047931e+02 5.042610111662530592e+00 6.321159015715467433e+01
2.510797404880066210e+02 4.987308726220016197e+00 6.323446546732836993e+01
2.511390482837055345e+02 5.213244416873449083e+00 6.300926643920595183e+01
2.510797534119106729e+02 5.496303763440860024e+00 6.305451302729528607e+01
2.510813818238213457e+02 5.435664805624482732e+00 6.301397074028122347e+01
2.509767111248966103e+02 5.519463399503721668e+00 6.289239557485525012e+01
2.509645497311827853e+02 5.624379652605458801e+00 6.295900537634408778e+01
2.508514397229114934e+02 5.464304177005789853e+00 6.317279259718775819e+01
2.507425558312655198e+02 5.161290322580645018e+00 6.301845533498759266e+01
2.506549446856906513e+02 4.848092431761786614e+00 6.265226943755169486e+01
2.506621691480562504e+02 4.973105355665839333e+00 6.274470119933829437e+01
2.506454843879239149e+02 4.960672559966914363e+00 6.277754083953680464e+01
2.505247880479735443e+02 5.030086848635235697e+00 6.245793269230769340e+01
2.504895574855252391e+02 4.855459057071960238e+00 6.228092690239867579e+01
2.505315989454094279e+02 4.969047249793217880e+00 6.241742917700579341e+01
2.505747906327543433e+02 5.076251033912324573e+00 6.255534015715467433e+01
2.504251447477253976e+02 4.952246174524399969e+00 6.254425144747725085e+01
2.504841811414391941e+02 4.884783395368073045e+00 6.245833333333333570e+01
2.504139267990074416e+02 4.835814722911496943e+00 6.250938275434243252e+01
2.504001499172870240e+02 4.806438688999173259e+00 6.259042855665839511e+01
2.503036342018196763e+02 4.881061311000826741e+00 6.265874431348221663e+01
2.502518093465673985e+02 4.628386062861869377e+00 6.250593207196029510e+01
2.502757702646815687e+02 4.733263544251447463e+00 6.254047766749379633e+01
2.502045983250620225e+02 4.925467845326716443e+00 6.250681089743589780e+01
2.502170052729528607e+02 5.008827026468155807e+00 6.241636941687345086e+01
2.501049937965260597e+02 4.888583023159635665e+00 6.231795388751034181e+01
2.502385494210091110e+02 4.998126033912324573e+00 6.260792752274607409e+01
2.503237954921422670e+02 5.010080645161290036e+00 6.246425248138957897e+01
2.503468905086848508e+02 4.927716604631926955e+00 6.241763595947063692e+01
2.502665813688999208e+02 4.831446443341604891e+00 6.233850289495450880e+01
2.501649865591397770e+02 4.980820926385442604e+00 6.228948252688172005e+01
2.501666925144747609e+02 5.084199234904880349e+00 6.262626654259718606e+01
2.501393067617865995e+02 4.941480562448304248e+00 6.234601168320926234e+01
2.501199209057072039e+02 4.614169768403639793e+00 6.205240643093465991e+01
2.500988032464846924e+02 4.425454921422663723e+00 6.193707351116625404e+01
2.500347523779983590e+02 4.681335297766749726e+00 6.196532516542597335e+01
2.499309475806451530e+02 4.788047973531844193e+00 6.214507082299420659e+01
2.498363446029776753e+02 4.920143196856906265e+00 6.201134718775848143e+01
2.497408886476426915e+02 4.782154673283705471e+00 6.205108819272125942e+01
2.496894385856079452e+02 4.884899710504549297e+00 6.201779621588089242e+01
2.498314464433416049e+02 4.561983043837882335e+00 6.199373190653432886e+01
2.497649012613730406e+02 4.387213089330025184e+00 6.167245657568238215e+01
2.497456187965260597e+02 4.637807588916460055e+00 6.179758581472291468e+01
2.496043088296112558e+02 5.005596050454921730e+00 6.177583488420182078e+01
2.496513001447477222e+02 4.780629652605458801e+00 6.181808312655086723e+01
2.496081213813068587e+02 4.598583540115797952e+00 6.141900589330024474e+01
2.497303298180314357e+02 4.675790942928039762e+00 6.159601168320926234e+01
2.496942721257237281e+02 4.905965674110835728e+00 6.184968207196029510e+01
2.497641258271298454e+02 4.827233250620347249e+00 6.193221412324234620e+01
2.497068083126550846e+02 4.875529880066170385e+00 6.183470326716294352e+01
2.497297611662530983e+02 4.797068858560794347e+00 6.189938740694788777e+01
2.495930521091811443e+02 4.773004549214226344e+00 6.193474720843672543e+01
2.495070693755169486e+02 4.801152812241522128e+00 6.199092741935483986e+01
2.495639087055417633e+02 4.812939412737799572e+00 6.207229631927212665e+01
2.494761941687344802e+02 4.722084367245657610e+00 6.210669975186104352e+01
2.495145523159636127e+02 4.711486765922249909e+00 6.214897384201819364e+01
2.493572554797353291e+02 4.660114247311827995e+00 6.201050713399503422e+01
2.490688714846980929e+02 4.570047559966914363e+00 6.179730148883374596e+01
2.489656482630273047e+02 4.533783085194375673e+00 6.161614712572373520e+01
2.488521505376344010e+02 4.725599669148055959e+00 6.153348583540115868e+01
2.487350728908188557e+02 4.780823511166253148e+00 6.144017524813895648e+01
2.486947632340777545e+02 4.463813068651778515e+00 6.133356596360628288e+01
2.487933596980975892e+02 4.736042183622828361e+00 6.150126654259718606e+01
2.488312267369726953e+02 4.905810587262200428e+00 6.149308571133168044e+01
2.488507418320926377e+02 4.641943238213399603e+00 6.114256358560793814e+01
2.488516335814722993e+02 4.448136373035566749e+00 6.083157568238213742e+01
2.489391930314309320e+02 4.514293837882547678e+00 6.091532258064516014e+01
2.489340105459057213e+02 4.705528846153845812e+00 6.103305934656741272e+01
2.490416925144747609e+02 4.723958333333333037e+00 6.107150796112489388e+01
2.489146763854425046e+02 4.631914288668321333e+00 6.123929900744416699e+01
2.488039185277088450e+02 4.505505583126550917e+00 6.118278277502067652e+01
2.488720921215880821e+02 4.507948200992555776e+00 6.107683260959470317e+01
2.486464795285359912e+02 4.331045802315963478e+00 6.098124741521918679e+01
2.486729864557485428e+02 4.219409119106699357e+00 6.128455851943755306e+01
2.486555262613730406e+02 4.163086745244003239e+00 6.134762717121588338e+01
2.485643610421836343e+02 3.900666873449131433e+00 6.106222859801489022e+01
2.485263647642679814e+02 3.690834367245657610e+00 6.091709315550041026e+01
2.485303711745243902e+02 3.884201819685690449e+00 6.078081058726220220e+01
2.484395419768403599e+02 3.860977564102564319e+00 6.075248138957816479e+01
2.484592121588089242e+02 3.763608870967741993e+00 6.063840208850289315e+01
2.483389293837882406e+02 3.667274090157154554e+00 6.037209212158808924e+01
2.483506772125723785e+02 3.583927832919768353e+00 6.045974203887510612e+01
2.483431813482216626e+02 3.791899296939619468e+00 6.083042545492142494e+01
2.482151700785773301e+02 3.866379755996691259e+00 6.091368124483043545e+01
2.479573511166253184e+02 3.635364971050454752e+00 6.058931710090984524e+01
2.477262975599669232e+02 3.338580438378825566e+00 6.035364971050454841e+01
2.478491004962779130e+02 3.072205851943754951e+00 6.031821236559139976e+01
2.478761760752688303e+02 3.173658498759305058e+00 5.995277605459057213e+01
2.478048748966087658e+02 2.996756100082713203e+00 5.941680882961124865e+01
2.476922947684036274e+02 3.064050868486352552e+00 5.923164805624482909e+01
2.475665064102564088e+02 3.219124793217535085e+00 5.940632754342431809e+01
2.475082583746898308e+02 3.335310690653432442e+00 5.926707247725392591e+01
2.474217457609594817e+02 3.206911703887510345e+00 5.949373190653432886e+01
2.474514448924731198e+02 3.174278846153846256e+00 5.962511631513647359e+01
2.472872983870967687e+02 3.489557485525227598e+00 5.974311155913978411e+01
2.472319840777502122e+02 3.794509925558312791e+00 5.981956937551695574e+01
2.470724255583126592e+02 3.746613937138130623e+00 5.984334935897435770e+01
2.469600005169561712e+02 3.639539392059553347e+00 6.010867710918114426e+01
2.469564076716294494e+02 3.663836331679073410e+00 6.029043889578164084e+01
2.469788694168734366e+02 3.889810794044664899e+00 6.035534274193548043e+01
2.468352331472291041e+02 3.655823511166253148e+00 6.028083643507030587e+01
2.465912815343259012e+02 3.636217948717948900e+00 5.993043062448304426e+01
2.465839666046319394e+02 2.997802936311000810e+00 5.977661031844499462e+01
2.465747001654259805e+02 2.976982526881720492e+00 5.974224565756824035e+01
2.466813999172870240e+02 2.816648573200992711e+00 5.978768610421835916e+01
2.466851607733664196e+02 2.674550248138957809e+00 5.975164133581472470e+01
2.465734077750206836e+02 2.445228494623655990e+00 5.951315653432588704e+01
2.464511734904880029e+02 2.648611972704714823e+00 5.955570202646815403e+01
2.465137768817204176e+02 3.000697890818858404e+00 5.955102357320099316e+01
2.465155086848635335e+02 2.981415425971877475e+00 5.963513234077750269e+01
2.463666123862696509e+02 2.932472601323407702e+00 5.944193289909015476e+01
2.463817204301075208e+02 3.052949234904879905e+00 5.938073821339950342e+01
2.465054797353184313e+02 3.143623345740281128e+00 5.927173800661704206e+01
2.464887303556658367e+02 2.914301592224979309e+00 5.898865281224151857e+01
2.465951587055417633e+02 2.831782464846980929e+00 5.888713554590570709e+01
2.466551126964433536e+02 2.856105252274607320e+00 5.903065550041356602e+01
2.467113316790736235e+02 3.035747518610421913e+00 5.912140715467328533e+01
2.465471334780810650e+02 2.921448511166253148e+00 5.920770006203473912e+01
2.464771893093465565e+02 3.228494623655913998e+00 5.921210711331679022e+01
2.465883478081058797e+02 3.581291356492969591e+00 5.950948614557485428e+01
2.465452207402812235e+02 3.741793320926385391e+00 5.963323252688172005e+01
2.463832196029776753e+02 3.379536290322580516e+00 5.936777553763440807e+01
2.462305624483043971e+02 2.772901157981803255e+00 5.905502998345740195e+01
2.463702440033085281e+02 2.718388130686517634e+00 5.913867349048801003e+01
2.462744261786600362e+02 2.761721980976013402e+00 5.915256668734491541e+01
2.461657102977667364e+02 2.660114247311827995e+00 5.891286703887510612e+01
2.460986998552522778e+02 2.673490488006617039e+00 5.891691222084367041e+01
2.460597084367245770e+02 2.939451509511993521e+00 5.937613730355666064e+01
2.459965363937138250e+02 3.179151157981803255e+00 5.951238110008271320e+01
2.459164986559139834e+02 2.966578784119106693e+00 5.930692979735318460e+01
2.457251344086021447e+02 2.940382030603804875e+00 5.917908653846154010e+01
2.456750155086848508e+02 3.093918010752688019e+00 5.943500568651778337e+01
2.457598350909842964e+02 3.335065136476426773e+00 5.972914081885856064e+01
2.457979089123242318e+02 3.430353081058726161e+00 5.992981027708849950e+01
2.456532516542597193e+02 3.212094189412737943e+00 5.971986145574854987e+01
2.455402191894127384e+02 3.116987179487179294e+00 5.958245450785773301e+01
2.456724953473945448e+02 3.524826819685690449e+00 6.012573666253101834e+01
2.456210711331679022e+02 3.905810587262199984e+00 6.041375878825475354e+01
2.455994494416873408e+02 3.855316894127378102e+00 6.017704456162117310e+01
2.454790503515301907e+02 3.545233664185277078e+00 5.993198149296939903e+01
2.455470947063689096e+02 3.675015508684863708e+00 5.995360318444996039e+01
2.454223273366418425e+02 3.613135856079404462e+00 5.986011166253101834e+01
2.453314076716294494e+02 2.948007133995037332e+00 5.933001188999173081e+01
2.454796577750206836e+02 2.809488730355665709e+00 5.921347704714640514e+01
2.457063172043010866e+02 2.807046112489660850e+00 5.959780810587262323e+01
2.456100728908188557e+02 2.846166770057898976e+00 5.939078008684863619e+01
2.456096334780810650e+02 2.813159119106699801e+00 5.934443496691480391e+01
2.454532930107527022e+02 2.887238937138130623e+00 5.939461848635235697e+01
2.454099850082712919e+02 2.998914392059553347e+00 5.942788461538461320e+01
2.452213218569065418e+02 2.899891439205955379e+00 5.921467897022332494e+01
2.450932588916460020e+02 2.945344809760132243e+00 5.913970740281224181e+01
2.450865255376344010e+02 2.922275641025640969e+00 5.916052781224151857e+01
2.450798180314309320e+02 3.029014164598842207e+00 5.919182950785773301e+01
2.450704740488006621e+02 2.988962985938792283e+00 5.926921784532671467e+01
2.449632314929693848e+02 2.765844706368899786e+00 5.903183157568238215e+01
2.449392447270471393e+02 2.402657154673283557e+00 5.853604476840364157e+01
2.448674653639371286e+02 2.285321029776675061e+00 5.875045233664184963e+01
2.448232656120760851e+02 2.455851943755169575e+00 5.876490126137303349e+01
2.446584729114971140e+02 2.460439929693961858e+00 5.840942928039702053e+01
2.445408395368072831e+02 2.167041459884201604e+00 5.799302109181141418e+01
2.445567230148883482e+02 2.247389371381306677e+00 5.799541201406120905e+01
2.445986998552522778e+02 2.402553763440860024e+00 5.832488110008271320e+01
2.444881875516956029e+02 2.579094292803970401e+00 5.819243693134821882e+01
2.443764604011579706e+02 2.737489660876757824e+00 5.797191635649296870e+01
2.443533524607113350e+02 2.787388854425144835e+00 5.791019179073614254e+01
2.442393248552522778e+02 2.923736042183622708e+00 5.809555934656741272e+01
2.442829042597187765e+02 3.026442307692307487e+00 5.817734181141439365e+01
2.444308571133167902e+02 2.644876964433416244e+00 5.832258064516128826e+01
2.446134201819685643e+02 2.554177005789909138e+00 5.872483715880893129e+01
2.445975496277915511e+02 2.664353287841191076e+00 5.884217328370554156e+01
2.445235861248966103e+02 2.459212158808933069e+00 5.871434294871794890e+01
2.444436905500413673e+02 2.270316377171215816e+00 5.851570254342431809e+01
2.444334677419354875e+02 2.388001447477253958e+00 5.844693444995864695e+01
2.443446288254756098e+02 2.506694582299421103e+00 5.837500000000000000e+01
2.443605639991728822e+02 2.594060173697270599e+00 5.833368227874276357e+01
2.442442617866005037e+02 2.359568858560793903e+00 5.798697270471463838e+01
2.441949829404466641e+02 2.499224565756823946e+00 5.797654311414392225e+01
2.443441894127377907e+02 2.911212779156327368e+00 5.810336538461538680e+01
2.442618770678246563e+02 3.135610525227460865e+00 5.829956317204300831e+01
2.440877533085194386e+02 2.833630583126550917e+00 5.788714846980975892e+01
2.440554306244830514e+02 2.587675765095120095e+00 5.788822115384615330e+01
2.440713399503722201e+02 2.696520885028949710e+00 5.785165942928039584e+01
2.439911471257237281e+02 2.558739143920595538e+00 5.787594344499586185e+01
2.439241366832092694e+02 2.314697063688999190e+00 5.757100392886682982e+01
2.439839097394541056e+02 2.365488006617038952e+00 5.753511424731182444e+01
2.438549421009098523e+02 2.419768403639371179e+00 5.749583850289495501e+01
2.437845714433416049e+02 2.406624793217535085e+00 5.760973686931347970e+01
2.437950268817204176e+02 2.442501550868486415e+00 5.748578370554177042e+01
2.438926799007444117e+02 2.688572684036393934e+00 5.770166459884201515e+01
2.438507418320926377e+02 3.083863213399503866e+00 5.813199183209263765e+01
2.437243589743589780e+02 2.767615281224152124e+00 5.798774813895781932e+01
2.434231932382134005e+02 2.557175351530190266e+00 5.746529931761786258e+01
2.434111093879239149e+02 2.323627481389578087e+00 5.767666976840364157e+01
2.434273030397022239e+02 2.213632133995037332e+00 5.781455490074441883e+01
2.433227357320099316e+02 2.136282568238213386e+00 5.773542183622829072e+01
2.432046758684863619e+02 2.077969913151364700e+00 5.752353442928039584e+01
2.431873836848635335e+02 2.045272435897435681e+00 5.749830696856906798e+01
2.432001008064516157e+02 2.342832402812241366e+00 5.755051954094292910e+01
2.429534351736972724e+02 2.623242349048800826e+00 5.775314050868486504e+01
2.428466320306038142e+02 2.577362489660876665e+00 5.781034170802315941e+01
2.427399322787427707e+02 2.412285463192721302e+00 5.770431399917286797e+01
2.426820331885856206e+02 2.359142369727047051e+00 5.757605717535152934e+01
2.427665167493796616e+02 2.069905397022332671e+00 5.723627481389578264e+01
2.426578784119106729e+02 1.933493589743589647e+00 5.703473945409429291e+01
2.424385209884201799e+02 1.947076612903225756e+00 5.663824700165425696e+01
2.423748836848635335e+02 1.806658395368072823e+00 5.662814050868486504e+01
2.424549084987592948e+02 1.830929487179487225e+00 5.662648624896608851e+01
2.423841113523573085e+02 1.823860111662531036e+00 5.650089174937965453e+01
2.420904802522746024e+02 1.558997622001654371e+00 5.636157206368899608e+01
2.421076431968569125e+02 1.561530707196029821e+00 5.615644385856079168e+01
2.420690136476426915e+02 1.595042390405293720e+00 5.608224772539288949e+01
2.421825372208436704e+02 1.573743796526054561e+00 5.632237386269644475e+01
2.420217767783292118e+02 1.764358457402812164e+00 5.636079662944582225e+01
2.418198924731182728e+02 1.947890818858560857e+00 5.641284119106699535e+01
2.420118124483043971e+02 1.984375000000000000e+00 5.657177936311001076e+01
2.421503825475599569e+02 2.105446133167907519e+00 5.686238626964433251e+01
2.419945461124896724e+02 2.164896091811414180e+00 5.667581679073614254e+01
2.419777708850289457e+02 1.850599669148056181e+00 5.659157878411910758e+01
2.420155474565756890e+02 1.824777708850289448e+00 5.669405241935483986e+01
2.419911083540115726e+02 1.732203784119106693e+00 5.665074441687345086e+01
2.418488807899090034e+02 1.320008788254755983e+00 5.616476685277088166e+01
2.419098686931348254e+02 1.187706782464847066e+00 5.590133891645988484e+01
2.421652967328370494e+02 1.304823200992555776e+00 5.645554177005789853e+01
2.421987696443341633e+02 1.436311000827129813e+00 5.645068238213399781e+01
2.421133426385442533e+02 1.258245450785773434e+00 5.628623862696443325e+01
2.420412014061207628e+02 1.206019954507857816e+00 5.615604321753515649e+01
2.420012019230769340e+02 1.171642369727047051e+00 5.627356027708849950e+01
2.419118589743589780e+02 1.648482733664185185e+00 5.586491935483871174e+01
2.417754600909842964e+02 1.963567514474772624e+00 5.598195822994210147e+01
2.418048748966087658e+02 2.099475289495450703e+00 5.599470119933829437e+01
2.417546784532671609e+02 2.115979114971050290e+00 5.599643300248138900e+01
2.417905293631100108e+02 2.256436104218362271e+00 5.590712882547560270e+01
2.418162737799834474e+02 2.010132340777502247e+00 5.568894747725392591e+01
2.418605639991728822e+02 1.811595326716294529e+00 5.553697528949545159e+01
2.419031611869313565e+02 1.829029673283705471e+00 5.551546991315136381e+01
2.418192333540115726e+02 1.990022746071133275e+00 5.574603236145574670e+01
2.418933131720430083e+02 1.978559243176178706e+00 5.578979270057899242e+01
2.417545233664185389e+02 1.785101323407775054e+00 5.561776261373035624e+01
2.416193264061207628e+02 1.720417183622828805e+00 5.542743227874276357e+01
2.417339097394541056e+02 1.714071546732837126e+00 5.561115849875930195e+01
2.417263751033912342e+02 1.687732630272952949e+00 5.559530086848635477e+01
2.416322890818858582e+02 1.689348118279569988e+00 5.548699855252274915e+01
2.416413099669148039e+02 1.565330334987593108e+00 5.581947890818858582e+01
2.416292131927212665e+02 1.513673490488006701e+00 5.606058726220016553e+01
2.417298774813895648e+02 1.447645264681554966e+00 5.619182950785773301e+01
2.417552212572373946e+02 1.521143507030603859e+00 5.623082092638544083e+01
2.417220714433416049e+02 1.612205334987593108e+00 5.650448459470636919e+01
2.417631306865177692e+02 1.744765818858560857e+00 5.654998966087675427e+01
2.416611740074441741e+02 1.593375206782464915e+00 5.640771040115798485e+01
2.417028794458229868e+02 1.446430417700578897e+00 5.632270988420182078e+01
2.417649529569892479e+02 1.666123862696443414e+00 5.647768041770057579e+01
2.418917752274606983e+02 1.792545492142266328e+00 5.679195099255583301e+01
2.417965389784946240e+02 1.748423283705541786e+00 5.638113885442514572e+01
2.415624224565756890e+02 1.725909842845326780e+00 5.601773159636062616e+01
2.414672895988420294e+02 1.767486042183622930e+00 5.596674679487179560e+01
2.415390043424317525e+02 1.878760856079404462e+00 5.608379859387923716e+01
2.415396763854425046e+02 1.764074131513647670e+00 5.597472084367245770e+01
2.413610938792390357e+02 1.735021195202646860e+00 5.579099462365591222e+01
2.413490488006617056e+02 1.738032464846980929e+00 5.580893300248138900e+01
2.415391982009925584e+02 1.790632754342431854e+00 5.590150692721257286e+01
2.414013001447477222e+02 1.735938792390405272e+00 5.586369158395368117e+01
2.410990100289495501e+02 1.691493486352357412e+00 5.563232785359801369e+01
2.410781120760959482e+02 1.697102460711331640e+00 5.572074028122415257e+01
2.409749534739454191e+02 1.741832092638544216e+00 5.558922663358147531e+01
2.408245967741935374e+02 1.572257547559966939e+00 5.555412531017369560e+01
2.407844422043010866e+02 1.607591501240694720e+00 5.540600444582299389e+01
2.409030448717948616e+02 1.719900227460711362e+00 5.555608974358974450e+01
2.409501783498759266e+02 1.683829611248966129e+00 5.577632599255583301e+01
2.410143196856906513e+02 1.784119106699751933e+00 5.594277295285359486e+01
2.410668165839536812e+02 1.927742452440033061e+00 5.614249896608767898e+01
2.410076509511993379e+02 1.931257754342431854e+00 5.614373966087675427e+01
2.409994313482216626e+02 1.910954301075268758e+00 5.618217535153019071e+01
2.410284067411083413e+02 1.998811000827129813e+00 5.594279880066170563e+01
2.407896246898262973e+02 1.844460814722911568e+00 5.550354114971050734e+01
2.405881151778329183e+02 1.801191583953680730e+00 5.519292803970223105e+01
2.405635597601323354e+02 1.804383788254755983e+00 5.525535049627791295e+01
2.405308881306865203e+02 1.698188068651778293e+00 5.507943031430934866e+01
2.406353391232423462e+02 1.562487076095947058e+00 5.526716294458230294e+01
2.406469447890818856e+02 1.712417287014061262e+00 5.534884201819685501e+01
2.406147901157981721e+02 1.762238937138130623e+00 5.537564619520264841e+01
2.406209935897435912e+02 1.547198097601323319e+00 5.518494106699751711e+01
2.407366883788254768e+02 1.847446236559139754e+00 5.538164288668320978e+01
2.409566015301902269e+02 2.255376344086021501e+00 5.581697167080231736e+01
2.410662220843672401e+02 1.890780086848635300e+00 5.612406947890818998e+01
2.410840958436724577e+02 1.592457609594706280e+00 5.621413616625309828e+01
2.408854037427626054e+02 1.511786600496277888e+00 5.602237127791563154e+01
2.409275744416873408e+02 1.544393610421836316e+00 5.617455024813895648e+01
2.408770161290322562e+02 1.391245347394540977e+00 5.589728081058726161e+01
2.407592147435897516e+02 1.291989764267990060e+00 5.544844654673283912e+01
2.406341759718775961e+02 1.090984284532671600e+00 5.514154259718775819e+01
2.406198045905707090e+02 1.053698821339950298e+00 5.498552522746071247e+01
2.405900408395368117e+02 9.233095533498759666e-01 5.483091656327543717e+01
2.406380531430934582e+02 1.095249172870140564e+00 5.510090984284532567e+01
2.406631125930521193e+02 1.410902605459056991e+00 5.574884977253928753e+01
2.405973816170388773e+02 1.426230355665839555e+00 5.583812810173697017e+01
2.404881487799834474e+02 1.395368072787427582e+00 5.588966863110007921e+01
2.404566144540942787e+02 1.468233043837882557e+00 5.599613575268817556e+01
2.404362980769230660e+02 1.613381410256410353e+00 5.621266284119106871e+01
2.404100754755996832e+02 1.496226220016542596e+00 5.593127067824648435e+01
2.403194013647642748e+02 1.463929383788254768e+00 5.577023883374690172e+01
2.403093077956989134e+02 1.628140508684863486e+00 5.582060328784118752e+01
2.402513311621174523e+02 1.789572994210091084e+00 5.586454456162117310e+01
2.402587365591397770e+02 1.540697373862696340e+00 5.550785773366418852e+01
2.403238859594706298e+02 1.647901157981803033e+00 5.530170854011579706e+01
2.406111068031430875e+02 1.893222704714640159e+00 5.565256668734491541e+01
2.407718026261373154e+02 2.189180107526881525e+00 5.601833901985111908e+01
2.407581808312655198e+02 2.166033395368072600e+00 5.597163203060380710e+01
2.406499302109181144e+02 2.025395471464019881e+00 5.583055469396195036e+01
2.405796241728701546e+02 2.106803143093465724e+00 5.598176437138130979e+01
2.405677341811414465e+02 2.129975703060380532e+00 5.600929228701406259e+01
2.404157619933829722e+02 1.810277088502894927e+00 5.591079921422663546e+01
2.401604890405293702e+02 1.607643196856906487e+00 5.550162841191067287e+01
2.401627507237386396e+02 1.356738523573201016e+00 5.537723583540115868e+01
2.403017731596360704e+02 1.356415425971877475e+00 5.566446960297766822e+01
2.401633839950372078e+02 1.182459677419354760e+00 5.519954507857733716e+01
2.400822089536807198e+02 1.005764061207609528e+00 5.514065084780810366e+01
2.400491625310173731e+02 1.161018920595533466e+00 5.504267473118279241e+01
2.398412427626137173e+02 1.437125206782464915e+00 5.501822270471463838e+01
2.397083074855252391e+02 1.517511889991728591e+00 5.451548283705541564e+01
2.395258995037220870e+02 1.540245037220843605e+00 5.428515301902398704e+01
2.395283162737799785e+02 1.495489557485525145e+00 5.433854166666666430e+01
2.395582480355665780e+02 1.583165322580645240e+00 5.433580179900744156e+01
2.394423206162117594e+02 1.447490177832919667e+00 5.426839071546732640e+01
2.393492426592225115e+02 1.222821029776674839e+00 5.413015663771712127e+01
2.393962468982630298e+02 1.346296009098428392e+00 5.436192100909843106e+01
2.395174472704714503e+02 1.589950372208436713e+00 5.483764991728701688e+01
2.395666744210091110e+02 1.822671112489660850e+00 5.509735576923076650e+01
2.397339226633581575e+02 1.806050971877584788e+00 5.528360215053763227e+01
2.397849462365591364e+02 1.988200475599669170e+00 5.564335194375517091e+01
2.398653199958643540e+02 2.284907464846980929e+00 5.601159274193548043e+01
2.398337985938792372e+02 2.512678349875930639e+00 5.614715157154673619e+01
2.398813327129859374e+02 2.557924937965260437e+00 5.644799421009098239e+01
2.398417984904880029e+02 2.772875310173697372e+00 5.647809398263026992e+01
2.398464252481389565e+02 3.031017369727047051e+00 5.698204869727047139e+01
2.397622777088502914e+02 3.109465467328370369e+00 5.691165219189412738e+01
2.396036626344086073e+02 2.809941066997518444e+00 5.685071598428453399e+01
2.393789676385442533e+02 2.731596360628618658e+00 5.661971412324234620e+01
2.394402010959470601e+02 2.594874379652605256e+00 5.635591139371381075e+01
2.396488833746898308e+02 2.346993899917286797e+00 5.591312551695616406e+01
2.396252584780810650e+02 2.125852977667493704e+00 5.550705645161290391e+01
2.394961874483043971e+02 2.059462882547559825e+00 5.532404104631927311e+01
2.395531043217535228e+02 1.974346050454921508e+00 5.535764319685690538e+01
2.395919277295285497e+02 1.937577543424317650e+00 5.537948459470636919e+01
2.395213761373035481e+02 2.065808519437551727e+00 5.516666666666666430e+01
2.393564541976840303e+02 1.958087779156327590e+00 5.520935432175351565e+01
2.394170673076923208e+02 2.041524503722084383e+00 5.519095068238213742e+01
2.395022746071133213e+02 2.179719809760132243e+00 5.543853391232423178e+01
2.393209005376344010e+02 2.072916666666666519e+00 5.564299007444168410e+01
2.390569427212572293e+02 2.015224358974359031e+00 5.559175971877584743e+01
2.390715208850289457e+02 2.075462675765094911e+00 5.553362799834574304e+01
2.391491030810587404e+02 2.201083023159636110e+00 5.566838554590570709e+01
2.391252197063689096e+02 2.298063999172870187e+00 5.572845585194375673e+01
2.389588632133994963e+02 2.340557795698924526e+00 5.526288513234077726e+01
2.389718388130686435e+02 2.549485628618693323e+00 5.528123707609594817e+01
2.393018894747725369e+02 2.822864971050454752e+00 5.570441739040529683e+01
2.394690601736972724e+02 3.264242142266335911e+00 5.618933519437551638e+01
2.392842612696443325e+02 3.189735835401157793e+00 5.588082868072787335e+01
2.394277683002481467e+02 3.207532051282051100e+00 5.648235887096774377e+01
2.399733250620347462e+02 3.687112282878411751e+00 5.737319065343258728e+01
2.401538978494623677e+02 3.803595430107526987e+00 5.781234491315136381e+01
2.399216035980148831e+02 3.652140198511166336e+00 5.752654569892472836e+01
2.394630117866005037e+02 3.198265612076096165e+00 5.695748035566583667e+01
2.393958333333333428e+02 2.949221980976013402e+00 5.661874483043838069e+01
2.393141671836228284e+02 2.459922973531844637e+00 5.602198356079404817e+01
2.389290994623655990e+02 1.862903225806451513e+00 5.517845326716294352e+01
2.388991160049627922e+02 1.590906741108353950e+00 5.493783602150537604e+01
2.388404414805624469e+02 1.496510545905707090e+00 5.475524710504549120e+01
2.384707015095119971e+02 1.306632547559966939e+00 5.437754600909843106e+01
2.382189438585608059e+02 1.021673387096774244e+00 5.346713451199338607e+01
2.381039469602977761e+02 1.000245554177005891e+00 5.338077698511166602e+01
2.379868563895781506e+02 8.909480976013234299e-01 5.311020212985938826e+01
2.378106777295285497e+02 7.560742349048800159e-01 5.306256461952026626e+01
2.376452517576509536e+02 1.012523263027295339e+00 5.305773107940446920e+01
2.375639474772539188e+02 1.171047870140612179e+00 5.314451509511993521e+01
2.374535644127377907e+02 1.264358457402812164e+00 5.336658653846154010e+01
2.374948433622828645e+02 1.379587985938792283e+00 5.345844964846980929e+01
2.375467328370554299e+02 1.669135132340777483e+00 5.366997518610421736e+01
2.375042131927212665e+02 1.924873345740281128e+00 5.343755169561621443e+01
2.373790064102564088e+02 1.979631927212572418e+00 5.332397642679900684e+01
2.374642912531017487e+02 2.163552005789909138e+00 5.336950734077750269e+01
2.376264862489660743e+02 2.364350703060380532e+00 5.361849927626137458e+01
2.375600444582299531e+02 2.518145161290322509e+00 5.359840260545905721e+01
2.375219060173697301e+02 1.810109077750206685e+00 5.374207764681555233e+01
2.376673904052936450e+02 1.589963296112489655e+00 5.395879859387923716e+01
2.379117038875103276e+02 1.744223014888337531e+00 5.451780913978494425e+01
2.379419070512820440e+02 1.906004445822994109e+00 5.483078732423490464e+01
2.377809010545905721e+02 1.622634925558312569e+00 5.444991987179486870e+01
2.376941558105872616e+02 1.501861042183622930e+00 5.415592690239867579e+01
2.377954404466501330e+02 1.894566790736145645e+00 5.456410256410256210e+01
2.378073175144747609e+02 2.010132340777502247e+00 5.465786548800661393e+01
2.374461460918114142e+02 1.780061000827129813e+00 5.406044509925558117e+01
2.373232268403639296e+02 1.628554073614557396e+00 5.387843775847807848e+01
2.373557175351530191e+02 1.700656534325889258e+00 5.399431348221671101e+01
2.373538177212572293e+02 1.844499586435070393e+00 5.374060432175351565e+01
2.371379626757650954e+02 1.849320202646815625e+00 5.354940808519437212e+01
2.370775046526054552e+02 1.772914081885855975e+00 5.332905552109181002e+01
2.371554099462365457e+02 1.846024607113316840e+00 5.335981441273779780e+01
2.373907671629445701e+02 1.948614557485525145e+00 5.377657154673283912e+01
2.374804461331679022e+02 1.930068755169561667e+00 5.379914960711331418e+01
2.372857604425144871e+02 1.636334263854425153e+00 5.352738575268817556e+01
2.373960142679900684e+02 1.492245657568238126e+00 5.361432485525227776e+01
2.376087158808932998e+02 1.882276157981803033e+00 5.401767990074441883e+01
2.377427626137303491e+02 2.146363213399503866e+00 5.415932588916459878e+01
2.377288823407774885e+02 2.339213709677419484e+00 5.418871484698097873e+01
2.377974436517783374e+02 2.372492762613730211e+00 5.429664236972704572e+01
2.379158653846153868e+02 2.611765922249793093e+00 5.449542493796526088e+01
2.378122673697270386e+02 2.593181348221671012e+00 5.425364454094292910e+01
2.377317902191894063e+02 2.503670388751034093e+00 5.427904001240694498e+01
2.380173697270471393e+02 2.702078163771711949e+00 5.464567824648469951e+01
2.382360034119106729e+02 3.097329921422663279e+00 5.505568910256410220e+01
2.379624302109181144e+02 2.802639061207609750e+00 5.470276313068652030e+01
2.375120967741935374e+02 2.336874483043837714e+00 5.394515095119933790e+01
2.377188016956162073e+02 2.286432485525227598e+00 5.435626033912324573e+01
2.382178840984284420e+02 2.734413771712158603e+00 5.507902967328370636e+01
2.383108586641852753e+02 2.889099979321753331e+00 5.534063533912324573e+01
2.379860292597187765e+02 2.417868589743589869e+00 5.479640973945409144e+01
2.377583617659222455e+02 2.227383167907361461e+00 5.438661858974359120e+01
2.379303143093465565e+02 2.376305314309346439e+00 5.469132547559966895e+01
2.380154440653432459e+02 2.461939102564102644e+00 5.501596102150537604e+01
2.377694892473118387e+02 2.258607320099255578e+00 5.470642059553350123e+01
2.375156637717121555e+02 1.961538461538461453e+00 5.438652812241522128e+01
2.377086435070306152e+02 2.121781947890818643e+00 5.446422663358147531e+01
2.377653794458229868e+02 2.230471980976013402e+00 5.454921422663358044e+01
2.375861765922249731e+02 2.098816170388750901e+00 5.406958229942100758e+01
2.374489764267990211e+02 1.924459780810587217e+00 5.399857837055417775e+01
2.376813999172870240e+02 2.181154363110008099e+00 5.426985111662531125e+01
2.376794096360628714e+02 2.314231803143093291e+00 5.438102253928866503e+01
2.374690860215053760e+02 2.124961228287841397e+00 5.429797353184449804e+01
2.374934734284532567e+02 2.271970636889991901e+00 5.440393662117452322e+01
2.378391878618693056e+02 2.598945409429280318e+00 5.489879290736145379e+01
2.379118460504549262e+02 2.787505169561621088e+00 5.511671577750206552e+01
2.376395910876757682e+02 2.496962882547559825e+00 5.464729373449131344e+01
2.375437086435070171e+02 2.272306658395367940e+00 5.430384098428453399e+01
2.376168191687344802e+02 2.241845016542597158e+00 5.439442462779156529e+01
2.376096205541770132e+02 2.257922353184449893e+00 5.426718879239040660e+01
2.374781973738626846e+02 2.074066894127378102e+00 5.416941945822993887e+01
2.375714304177005829e+02 2.182550144747725351e+00 5.439654414805624327e+01
2.375985318444995755e+02 2.776080438378825566e+00 5.433627998345740195e+01
2.376882754342431667e+02 2.831252584780810544e+00 5.445595533498759266e+01
2.377885907775020655e+02 3.369533188585608130e+00 5.468711228287840953e+01
2.376213296112489672e+02 3.624573511166253148e+00 5.448226840363937384e+01
2.373963244416873408e+02 3.291085090984284367e+00 5.411840880893300465e+01
2.374812603391232528e+02 2.899865591397849496e+00 5.405921732837055771e+01
2.376913383995037350e+02 2.816777812241522128e+00 5.429126602564102910e+01
2.376895807485525154e+02 2.909209574028122525e+00 5.436100341191067287e+01
2.377281586021505291e+02 2.901119210090984168e+00 5.440671526054590856e+01
2.377902708850289457e+02 2.726258788254756205e+00 5.437050248138957897e+01
2.377133736559139834e+02 2.415051178660049480e+00 5.444197167080231736e+01
2.375245166459884274e+02 2.185871588089330242e+00 5.434673542183622885e+01
2.376929151157981721e+02 2.327892369727047051e+00 5.463558467741935232e+01
2.379076587055417633e+02 2.530435794044664899e+00 5.490184294871794890e+01
2.380616082506203384e+02 2.672534119106699801e+00 5.506021246898262689e+01
2.379005893300248147e+02 2.831162117452440175e+00 5.467033705541769706e+01
2.378039831472291041e+02 2.987786910669975260e+00 5.449189671215881248e+01
2.378204998966087658e+02 3.236016335814722922e+00 5.449326664598842029e+01
2.379104761166253184e+02 3.272513440860215006e+00 5.458344964846980929e+01
2.377935923283705506e+02 3.092664392059553347e+00 5.440561672870140342e+01
2.377527269437551638e+02 3.056490384615384581e+00 5.437612437965260881e+01
2.379125180934656782e+02 3.263647642679900596e+00 5.483414753928866503e+01
2.381665891232423462e+02 3.209406017369726971e+00 5.540723221670802445e+01
2.384309734284532567e+02 3.509163047973531846e+00 5.584784687758477872e+01
2.388757754342431667e+02 4.148805831265508282e+00 5.660375310173697017e+01
2.393159894540942787e+02 5.264849565756823502e+00 5.714270574855252249e+01
2.398030913978494709e+02 6.195758374689826375e+00 5.804528535980148973e+01
2.401429642266335804e+02 7.642524813895781755e+00 5.899565756823821516e+01
2.403203706575682475e+02 8.167997828784118397e+00 5.942275382547560270e+01
2.400699053970223247e+02 7.896221050454921730e+00 5.907349824234904645e+01
2.400573562861869448e+02 7.357358870967741993e+00 5.905795078577336454e+01
2.399146246898262973e+02 6.419238523573200794e+00 5.888720016542597335e+01
2.395041744210091110e+02 5.614143920595533466e+00 5.807701354425145013e+01
2.392466527088502914e+02 5.218762923904052720e+00 5.766050196443341491e+01
2.392651209677419217e+02 5.162169148056245049e+00 5.769290219189412738e+01
2.392120941894127384e+02 4.428440343258891687e+00 5.727857475186104352e+01
2.390499638130686435e+02 3.891865694789081953e+00 5.690009822167080245e+01
2.387910592431761927e+02 3.796151261373035712e+00 5.657393765508685135e+01
2.385029078784119179e+02 3.366185897435897356e+00 5.613116470223324939e+01
2.382118486352357252e+02 3.073188068651778515e+00 5.565291563275434328e+01
2.380223971257237281e+02 2.896311517783292100e+00 5.525694013647643033e+01
2.377996019437551638e+02 2.956989247311827995e+00 5.497883064516128826e+01
2.376143765508684851e+02 3.012368176178660040e+00 5.474428763440860024e+01
2.373648935070306152e+02 3.098557692307692513e+00 5.454484594706369194e+01
2.373316919975186181e+02 3.226064929693961858e+00 5.452575734077750269e+01
2.374185406327543433e+02 3.618770678246484795e+00 5.468099927626137458e+01
2.374165503515301907e+02 3.975703060380479936e+00 5.513542959057071613e+01
2.374449441687344802e+02 3.925933105872621898e+00 5.533354011579817922e+01
2.373655138544251315e+02 3.920918631100082763e+00 5.514678970223324939e+01
2.374250155086848508e+02 3.938210814722911568e+00 5.535212468982630440e+01
2.378160411497105144e+02 4.213903535980148440e+00 5.581766956162117310e+01
2.380568393300248147e+02 4.507263234077750091e+00 5.624229735318444767e+01
2.382040813688999208e+02 4.244080851943754951e+00 5.630824803556658509e+01
2.381708152398676646e+02 4.183958850289495324e+00 5.625642318031430733e+01
2.385167235318444909e+02 4.847420388751033649e+00 5.687732630272952861e+01
2.388145549007444117e+02 6.025537634408602017e+00 5.755667131927212665e+01
2.388202672663358044e+02 6.297404880066170385e+00 5.777712727460711051e+01
2.387696314102564088e+02 6.354412220843672188e+00 5.774246536393713569e+01
2.386651674937965311e+02 6.248526674937965097e+00 5.766178143093465991e+01
2.385953137923904137e+02 6.216048904052936308e+00 5.750471722497932348e+01
2.388122544458229868e+02 6.505040322580645018e+00 5.794570667907361639e+01
2.390886579818031521e+02 7.289521298593879095e+00 5.844016232423490464e+01
2.395716372001654122e+02 7.983496174524399969e+00 5.936343310587262323e+01
2.398166614971050592e+02 8.917170698924731909e+00 6.006994416873449438e+01
2.399289056038047931e+02 9.205309139784946026e+00 6.031354683622829072e+01
2.397769592638544225e+02 9.084832506203474267e+00 6.012603391232423178e+01
2.395669070512820440e+02 8.962520678246484351e+00 6.006295233664184963e+01
2.395527941480562504e+02 9.026713709677419928e+00 6.006067772952853545e+01
2.398293269230769340e+02 9.250361869313481478e+00 6.041465053763440807e+01
2.398267938378825477e+02 9.253915942928038874e+00 6.053574751861042103e+01
2.397128954714640088e+02 9.097187758478080255e+00 6.040910618279569633e+01
2.398379859387924000e+02 9.252675248138958253e+00 6.060000516956161931e+01
2.400815498345740195e+02 9.539133581472290402e+00 6.095240126137303349e+01
2.401797844292804029e+02 9.347368693134821882e+00 6.105015767162944229e+01
2.399071029776675061e+02 9.217250827129859658e+00 6.062414702233250807e+01
2.395912427626137173e+02 9.032128825475599143e+00 6.017398159636062616e+01
2.395487618899917379e+02 8.534946236559139976e+00 5.996188740694788777e+01
2.393986119727047139e+02 8.778833229942101468e+00 6.008215725806451957e+01
2.393281766956162073e+02 9.194259201819685146e+00 6.034477098842017995e+01
2.391522952853597985e+02 8.848635235732009718e+00 5.985556244830438288e+01
2.389775382547559843e+02 8.476439722911496943e+00 5.949687241521918679e+01
2.391041537427626054e+02 9.225341191066997126e+00 5.990225651364764303e+01
2.390947839123242318e+02 9.607513957816376404e+00 6.019111869313482543e+01
2.387354606079404391e+02 8.906779880066171273e+00 5.948770936724565672e+01
2.386831704921422670e+02 8.701987696443341136e+00 5.920242710918114426e+01
2.387437189826302699e+02 9.277450372208436491e+00 5.961812448304383594e+01
2.386850832299421086e+02 9.338296112489661738e+00 5.952343103804797408e+01
2.386903820306038142e+02 9.166343569065343644e+00 5.926810638957816479e+01
2.386930960504549262e+02 9.500051695616210878e+00 5.955954042597187481e+01
2.387099358974358836e+02 9.748500827129859658e+00 5.980826095947063692e+01
2.385791976840363873e+02 9.361416976840363446e+00 5.948211331679073766e+01
2.383256048387096655e+02 9.199441687344913632e+00 5.920644644334160489e+01
2.386334910049627922e+02 9.717263751033911490e+00 5.955594758064516014e+01
2.388047973531844548e+02 9.778006100082713203e+00 5.994297973531844548e+01
2.385819246277915511e+02 9.481673904052936308e+00 5.968939981389578264e+01
2.384684915219189350e+02 8.704986042183623596e+00 5.921856906534326015e+01
2.387941351323407844e+02 8.744559036393713569e+00 5.950006461952026626e+01
2.391615617245657575e+02 9.042971980976012958e+00 6.007282619933829437e+01
2.391833514267990211e+02 9.156327543424318094e+00 6.014884460297766822e+01
2.390537892886683267e+02 8.835672559966914363e+00 5.985716501240694498e+01
2.386412582712985966e+02 9.107953370554177752e+00 5.975475599669147897e+01
2.388201251033912342e+02 9.789430831265509170e+00 6.004058105872621809e+01
2.391927471050454983e+02 1.042084108767576467e+01 6.072790012406947824e+01
2.394425532464846924e+02 1.078299472704714645e+01 6.099318910256410220e+01
2.392344008478081037e+02 1.054883943341604713e+01 6.078756978908188557e+01
2.390753075889164734e+02 1.064008219602977690e+01 6.052430986352356967e+01
2.389604270057899100e+02 1.075456213813068729e+01 6.016571029776675061e+01
2.388691454714640088e+02 1.075416149710504499e+01 6.023251395781637996e+01
2.387607009925558259e+02 1.077719189412737855e+01 6.015953267162944229e+01
2.386441919975186181e+02 1.065215312241521950e+01 6.013175920181968337e+01
2.386810509718775961e+02 1.071546732837055416e+01 6.013811776261373154e+01
2.386789056038047931e+02 1.083836073200992622e+01 6.013483509098428215e+01
2.384939128411910758e+02 1.058829611248966174e+01 5.988922921836228142e+01
2.385038254755996832e+02 1.050619055004135660e+01 5.998493072787427849e+01
2.385569427212572293e+02 1.062415994623655990e+01 6.001563792390405183e+01
2.382407723325061966e+02 9.748345740281223470e+00 6.019067928039702053e+01
2.381844758064516157e+02 9.387794665012407336e+00 6.013983664185277433e+01
2.385074312448304283e+02 9.594564205955334657e+00 6.056659687758477872e+01
2.383344835607940411e+02 9.373048490488006479e+00 6.042763906120760709e+01
2.376042829818031521e+02 8.085556244830438999e+00 5.918425610008271320e+01
2.371674421009098523e+02 7.409816997518610115e+00 5.817803970223324939e+01
2.372244623655913927e+02 7.378011269644334291e+00 5.792545492142266284e+01
2.368866185897435912e+02 6.765069272125724176e+00 5.731768248552522493e+01
2.366535489040529399e+02 6.208229942100909504e+00 5.668919303143093202e+01
2.365258478081058797e+02 6.285321029776675061e+00 5.672696960297766822e+01
2.368634848014888235e+02 6.300519540942928209e+00 5.684862231182795966e+01
2.370825837468982513e+02 6.005001550868485971e+00 5.680097187758477872e+01
2.371052264267990211e+02 5.776700785773366320e+00 5.674343465674110831e+01
2.369567824648469809e+02 5.537014061207609750e+00 5.647485008271298312e+01
2.370427522746071247e+02 5.685302936311001254e+00 5.652613213399503422e+01
2.372599384822167110e+02 6.292274090157154554e+00 5.706383116211745232e+01
2.370722316997518533e+02 6.734349152191894561e+00 5.737948459470636919e+01
2.369185406327543433e+02 6.811078370554176864e+00 5.747905035153019071e+01
2.370094861455748685e+02 6.879006410256410575e+00 5.749431348221671101e+01
2.372981932382134005e+02 7.482630272952853545e+00 5.797416511579817922e+01
2.376543631100082621e+02 8.267369727047146455e+00 5.856777295285359486e+01
2.376390612076095863e+02 8.433635752688172005e+00 5.871616521918941345e+01
2.374802522746071247e+02 8.273599048800662104e+00 5.839221464019851027e+01
2.375684708436724577e+02 8.438094499586435759e+00 5.855022229114970855e+01
2.377293088296112558e+02 8.885688068651777627e+00 5.886444117038875135e+01
2.376766826923076792e+02 8.981066480562448717e+00 5.901084315550041026e+01
2.373145678246484636e+02 8.971774193548387899e+00 5.889198200992555599e+01
2.373646738006617056e+02 9.159972084367245415e+00 5.900112437965260881e+01
2.375094861455748685e+02 9.292364557485525367e+00 5.922859801488833398e+01
2.373665736145574954e+02 9.076961848635235697e+00 5.905676178660049658e+01
2.371480562448304283e+02 8.840609491315136736e+00 5.862944582299420659e+01
2.372297094706368910e+02 8.691971670802315586e+00 5.849276261373035624e+01
2.373983922663358044e+02 8.740397539288668582e+00 5.859612799834574304e+01
2.373530681348221663e+02 8.883284222497932703e+00 5.859239299007444401e+01
2.372539676385442533e+02 8.901015818858560635e+00 5.846343827543424254e+01
2.372843388130686435e+02 8.924459780810586551e+00 5.835089691894127384e+01
2.374236714226633467e+02 9.235085814722911124e+00 5.827403846153845990e+01
2.373354657775020655e+02 9.238950062034739119e+00 5.835660928453267360e+01
2.374235163358147247e+02 9.549834574028121637e+00 5.837241521918941345e+01
2.375819633995037350e+02 9.733457402812241810e+00 5.864547146401984890e+01
2.377195512820512704e+02 9.799692411083540833e+00 5.910633788254755672e+01
2.377677186724565672e+02 9.877274607113315952e+00 5.906279724979322054e+01
2.378132883581472186e+02 9.776067514474773290e+00 5.916202698511166602e+01
2.377974307278742856e+02 9.704145988420181723e+00 5.922089536807278876e+01
2.378436207609594817e+02 9.823743796526054339e+00 5.928256823821340049e+01
2.378814619520264557e+02 9.962985938792391138e+00 5.934586952026468509e+01
2.377185044458229868e+02 9.645574855252274205e+00 5.902699803556658509e+01
2.375784093258891687e+02 9.456860008271299023e+00 5.881287479321753864e+01
2.375046009098428499e+02 9.305017059553350123e+00 5.864828887510338973e+01
2.375314955541770132e+02 9.525408395368073045e+00 5.894221722497932348e+01
2.377950915012407052e+02 9.171706989247311981e+00 5.903519179073614254e+01
2.378901080438378699e+02 8.608690033085194315e+00 5.896408447063689096e+01
2.379830179900744440e+02 8.527683002481388996e+00 5.920233664185277433e+01
2.379905655500413673e+02 8.789728081058726161e+00 5.933222187758477872e+01
2.379122079197684059e+02 8.802975082712986676e+00 5.925342483457402665e+01
2.375470171629445701e+02 9.198265612076095721e+00 5.882873242349048581e+01
2.372590079611248939e+02 9.323537014061207273e+00 5.859278070719602738e+01
2.370563740694789203e+02 9.337210504549213752e+00 5.830562448304383594e+01
2.369024374483043971e+02 9.255221257237385757e+00 5.810640250206782298e+01
2.370228494623655990e+02 9.491211745244003239e+00 5.842563585607940269e+01
2.372608560794044763e+02 9.788500310173697372e+00 5.891472808105872616e+01
2.372830593465673985e+02 9.728778949545079158e+00 5.896924110835401223e+01
2.372539159429280460e+02 9.628890095119933434e+00 5.884683881306865061e+01
2.371335168527708959e+02 9.396660463192720414e+00 5.868508322994210147e+01
2.369605433209263765e+02 8.777346980976012958e+00 5.820855303970223105e+01
2.370186750413564880e+02 8.426256203473945661e+00 5.812767524813895648e+01
2.370670492142266426e+02 8.552005789909015832e+00 5.824276261373035624e+01
2.371422146401985174e+02 8.675506617038875490e+00 5.834780810587262323e+01
2.371629962779156244e+02 8.630466811414391870e+00 5.851452646815550196e+01
2.368892162944582367e+02 8.191635649296939548e+00 5.807948200992555599e+01
2.368656689412737819e+02 8.211603081058726161e+00 5.818204611248965819e+01
2.367314541976840303e+02 8.259201819685690893e+00 5.820294406534326015e+01
2.366264733250620225e+02 8.194595223325061184e+00 5.825703060380480025e+01
2.361545440446650161e+02 7.484323304383788233e+00 5.750493693134821882e+01
2.358987024400330768e+02 6.584315550041356602e+00 5.667607526881720759e+01
2.358304513027295286e+02 6.721257237386269345e+00 5.662889009511993521e+01
2.359828241315136381e+02 6.808829611248966351e+00 5.656478753101737311e+01
2.357803582506203384e+02 6.618641439205955379e+00 5.600308881306865061e+01
2.358493331265508743e+02 6.864518713813068551e+00 5.608752067824648435e+01
2.360645419768403599e+02 7.428039702233250274e+00 5.669088606286187115e+01
2.362637898056244694e+02 8.101090777502067297e+00 5.724091449545078802e+01
2.369005505583126592e+02 9.219783912324235331e+00 5.848835556244830514e+01
2.372769980355665780e+02 1.003958591811414358e+01 5.915460866418527530e+01
2.373816687344913134e+02 1.060096153846153832e+01 5.953983147229114792e+01
2.376646117659222455e+02 1.165237282878411840e+01 6.019679228701406259e+01
2.380249431348221663e+02 1.209988885442514395e+01 6.067093155500413815e+01
2.380252145368072831e+02 1.199291770057899065e+01 6.054643558726220220e+01
2.380817824648469809e+02 1.199449441687344908e+01 6.071735421836228142e+01
2.382832790529363081e+02 1.232384718775847787e+01 6.093580696856906798e+01
2.381186802109181144e+02 1.156925920181968515e+01 6.040476375103391149e+01
2.377609723945409428e+02 1.136118434656741094e+01 6.014010804383788411e+01
2.374652993176178768e+02 1.135160773366418496e+01 5.990466035980148973e+01
2.372853598014888235e+02 1.096413616625310183e+01 5.961936517783291833e+01
2.369707144334160489e+02 1.042349048800661748e+01 5.903905603804797408e+01
2.367182330438378699e+02 1.007919768403639438e+01 5.854934346567411296e+01
2.367773728287841095e+02 9.358341087675764669e+00 5.887249276261373154e+01
2.369421267576509536e+02 9.059475806451612101e+00 5.905363420181968337e+01
2.369401881720430083e+02 8.834780810587261612e+00 5.914996898263026992e+01
2.368916459884201799e+02 8.772939929693961858e+00 5.895153535980148973e+01
2.367165012406947824e+02 8.397487593052108679e+00 5.895866935483871174e+01
2.363906637717121555e+02 8.202155707196029155e+00 5.790661186931347970e+01
2.363061931348221663e+02 8.225819375516955745e+00 5.763456368899917237e+01
2.363715234698097731e+02 8.360305521091811798e+00 5.742999121174524646e+01
2.361701302729528607e+02 8.020587779156327812e+00 5.720822994210090684e+01
2.358661083540115726e+02 7.683364350703060452e+00 5.686608250620347604e+01
2.359235163358147247e+02 7.791201406120761064e+00 5.677814826302729756e+01
2.360015896401985174e+02 7.882909429280396729e+00 5.672693083126550562e+01
2.358703215467328391e+02 7.746032361455748472e+00 5.668336435070305868e+01
2.356814128411910758e+02 7.515082196029776895e+00 5.651125672043010439e+01
2.355713011786600362e+02 7.416524503722084383e+00 5.621199079818031663e+01
2.356885856079404391e+02 7.510959470636890067e+00 5.673146712158808924e+01
2.359248604218362289e+02 7.874211641852770782e+00 5.706299110835401223e+01
2.358610292597187765e+02 7.775951199338296149e+00 5.712059294871794890e+01
2.360289366211745232e+02 7.885326199338296149e+00 5.743653070719602738e+01
2.362867555831265634e+02 8.233728804797353362e+00 5.796895678246484351e+01
2.361974901778329183e+02 7.990139061207609750e+00 5.754041304797353007e+01
2.358337856699751853e+02 7.594628825475600031e+00 5.669816222084367041e+01
2.358482216708023032e+02 7.660346877584780501e+00 5.666338399503722201e+01
2.358788383995037350e+02 7.732837055417700611e+00 5.667469241108354083e+01
2.357970430107527022e+02 7.648741211745243795e+00 5.649586435070305868e+01
2.356977098842018279e+02 7.396828473945409321e+00 5.652670078577336454e+01
2.360603029363109897e+02 7.786419561621174878e+00 5.688205645161290391e+01
2.363137406947890895e+02 8.183092948717948900e+00 5.749573511166253326e+01
2.358806994416873408e+02 7.562422456575682794e+00 5.697070150951198997e+01
2.354131901364764303e+02 6.654427729528536339e+00 5.612452181555003961e+01
2.355034636062861750e+02 6.571352874276261247e+00 5.626251033912324573e+01
2.356827698511166318e+02 6.311698717948718063e+00 5.635000516956161931e+01
2.355497570306038142e+02 5.662802419354838968e+00 5.576129549214226699e+01
2.353591940653432459e+02 5.776855872622001620e+00 5.571025899503722201e+01
2.353998526674938034e+02 6.419884718775847432e+00 5.633471619106699535e+01
2.354440653432588988e+02 6.967806555004135483e+00 5.644928660049627922e+01
2.352321133167907306e+02 6.638234077750206907e+00 5.623371588089329975e+01
2.352476995450785751e+02 6.764280913978494958e+00 5.622167080231596259e+01
2.358278277502067795e+02 7.487541356492969591e+00 5.707216708023159413e+01
2.361808571133167902e+02 7.958423800661703851e+00 5.755913978494623962e+01
2.364397358354011658e+02 8.292984904880066566e+00 5.800469137717121271e+01
2.365949260752688303e+02 8.696068548387096087e+00 5.826314361042183521e+01
2.368557692307692264e+02 9.269747725392885940e+00 5.855092018196857140e+01
2.370607423490488088e+02 9.532904259718776530e+00 5.906642886683209070e+01
2.375878437758478015e+02 1.017903484284532745e+01 5.970674369313482543e+01
2.377884873862696509e+02 1.152745037220843649e+01 6.074211641852770782e+01
2.375891878618693056e+02 1.192965519023986687e+01 6.062356544665012592e+01
2.372527786393713711e+02 1.176892059553349945e+01 6.025301126964433251e+01
2.372067436931348254e+02 1.194562913564929651e+01 6.034208281637717164e+01
2.374760907775020655e+02 1.258618951612903203e+01 6.073901468155500538e+01
2.373871743176178768e+02 1.393540632754342390e+01 6.101375103391232102e+01
2.372690498345740195e+02 1.451093362282878374e+01 6.086652191894127384e+01
2.371987696443341633e+02 1.470866935483870996e+01 6.093995554177006113e+01
2.370284713606286289e+02 1.444648211331679022e+01 6.059637355252274915e+01
2.369838063482216626e+02 1.456701044251447463e+01 6.062816635649296870e+01
2.370202646815550054e+02 1.404787014061207628e+01 6.060900020678246136e+01
2.368630712365591364e+02 1.318989092224979309e+01 6.024096619106699535e+01
2.361709186311000792e+02 1.182578577336641779e+01 5.961141697684036700e+01
2.359747079197684059e+02 1.158830903639371357e+01 5.910001809346567114e+01
2.360127041976840303e+02 1.175117607526881791e+01 5.928069427212572151e+01
2.359250284325889027e+02 1.155546939619520330e+01 5.900236507444168410e+01
2.357695409429280460e+02 1.113002739867659230e+01 5.885132340777501980e+01
2.356375878825475638e+02 1.075836176592224902e+01 5.846647539288668582e+01
2.356476039081885858e+02 1.093293786186931271e+01 5.850063327129859658e+01
2.357289598842018279e+02 1.085357216708023209e+01 5.863337468982630440e+01
2.358416304797353291e+02 1.157610887096774199e+01 5.866333229942100758e+01
2.360372079197684059e+02 1.203055210918114071e+01 5.879268765508685135e+01
2.358399891439206044e+02 1.188018248552522671e+01 5.866642111248965819e+01
2.356618331265508743e+02 1.142854373449131522e+01 5.817255996691480391e+01
2.354961099048800577e+02 1.127427109181141418e+01 5.795046267576509536e+01
2.356522177419354875e+02 1.115172663358147176e+01 5.854525951199338607e+01
2.356681012200165526e+02 1.097345430107526809e+01 5.883125258478081321e+01
2.356954352770885066e+02 1.016131617038875135e+01 5.840283808933002518e+01
2.356653742762613604e+02 9.794341914805624327e+00 5.831074234904880171e+01
2.357554668114143794e+02 1.079280397022332494e+01 5.908394075682382152e+01
2.361854192514474846e+02 1.100475599669148075e+01 5.931168579404466357e+01
2.363031301695616264e+02 1.060741056658395287e+01 5.908171784532671467e+01
2.361607475186104352e+02 1.010283550454921375e+01 5.873692100909843106e+01
2.363937784325889027e+02 1.048328939205955379e+01 5.901402243589743790e+01
2.365730459057072039e+02 1.104582816377171284e+01 5.929874896608767898e+01
2.361526959263854337e+02 1.147941222084367219e+01 5.927588657981802811e+01
2.357791821753515364e+02 1.115450527295285355e+01 5.865314826302729756e+01
2.353637820512820440e+02 1.079682330438378912e+01 5.810664805624482909e+01
2.349753799627791579e+02 1.033848997105045520e+01 5.750851685277088166e+01
2.346981492969396186e+02 9.884137200165426407e+00 5.712355252274607409e+01
2.348095016542597193e+02 9.799653639371381786e+00 5.713329714640198631e+01
2.351733612489660743e+02 1.001758943341604713e+01 5.747492762613730122e+01
2.352726814516128968e+02 9.901830024813895292e+00 5.762415994623655990e+01
2.352977538254756098e+02 1.003906896195202592e+01 5.782758219602977334e+01
2.354757289081885858e+02 1.019670181968569089e+01 5.796688895781637996e+01
2.357266465053763511e+02 1.047995502481389529e+01 5.846025899503722201e+01
2.357430857113316733e+02 1.023185483870967794e+01 5.853030655500413815e+01
2.357373087262200215e+02 1.053415787841191076e+01 5.861933933002481467e+01
2.359941325475599569e+02 1.148065291563275458e+01 5.928869416873449438e+01
2.360767162944582367e+02 1.167063430521091760e+01 5.963916459884201515e+01
2.355213244416873408e+02 1.115026623242349046e+01 5.911060277088503057e+01
2.355754368279569917e+02 1.145364195616211767e+01 5.914326147642680098e+01
2.360969680521091902e+02 1.258604735318444945e+01 5.983975651364764303e+01
2.363781792803970347e+02 1.304453577336641779e+01 6.044023986765922274e+01
2.366206058726220078e+02 1.354838709677419395e+01 6.067904776674937750e+01
2.365505970843672401e+02 1.411537169148056314e+01 6.056747570306038142e+01
2.360732397642679814e+02 1.357491987179487225e+01 5.993704766335815037e+01
2.356989505789908890e+02 1.311256720430107592e+01 5.948175144747725085e+01
2.360629781844499462e+02 1.385100031017369737e+01 5.992265043424317383e+01
2.362671629445823100e+02 1.413593362282878374e+01 6.022572890818858582e+01
2.361579301075268802e+02 1.384851892059553435e+01 6.007302005789909316e+01
2.360596696650123931e+02 1.364295130272952861e+01 5.985885804383788411e+01
2.361855872622001584e+02 1.366956162117452500e+01 5.986918424317617848e+01
2.364032904259718748e+02 1.387288047973531846e+01 6.021602305624482909e+01
2.364472704714640088e+02 1.399565756823821339e+01 6.021264991728701688e+01
2.364773573200992587e+02 1.479849048800661748e+01 6.063761373035566749e+01
2.368694556451612812e+02 1.567140973945409499e+01 6.115078318858560635e+01
2.370030888130686435e+02 1.660076767990074487e+01 6.180194117038875135e+01
2.370037091604631883e+02 1.686798232009925513e+01 6.179139526468155452e+01
2.366541175558312773e+02 1.672300196443341491e+01 6.146532516542597335e+01
2.361356622208436704e+02 1.657918476013234255e+01 6.126813223738626846e+01
2.358114660876757682e+02 1.642046629445822958e+01 6.113231492969396186e+01
2.356769799421008997e+02 1.631384408602150415e+01 6.095032051282051100e+01
2.357764164598841887e+02 1.655042907361455917e+01 6.119993279569892763e+01
2.354313223738626846e+02 1.620985835401157971e+01 6.078137923904053252e+01
2.350226297559966895e+02 1.593810742349048759e+01 6.036431193134821882e+01
2.351468026261373154e+02 1.709913926799007555e+01 6.080444840777501980e+01
2.353607707816377115e+02 1.803963761373035624e+01 6.151009356906534009e+01
2.355013053143093487e+02 1.842453732423490464e+01 6.172328629032258362e+01
2.355392240488006621e+02 1.838276726633581504e+01 6.192895729942100758e+01
2.352596670802315941e+02 1.825465260545905721e+01 6.153383478081058655e+01
2.352191377171215834e+02 1.782330438378825477e+01 6.105627067824648435e+01
2.350162970430107521e+02 1.685536858974359120e+01 6.026389319685690538e+01
2.346987696443341633e+02 1.534372415219189456e+01 5.921507961124896724e+01
2.344101400951199423e+02 1.502689464433415978e+01 5.893187810173697017e+01
2.347171862076095863e+02 1.429979580231596437e+01 5.913085452853597701e+01
2.351463244416873408e+02 1.433377274607113350e+01 5.953207712985938826e+01
2.353268584574028068e+02 1.394836900330851925e+01 5.962860576923076650e+01
2.349845688585608059e+02 1.355293631100082763e+01 5.919142886683209070e+01
2.348984827336641956e+02 1.308250620347394566e+01 5.902092380066170563e+01
2.352113187551695717e+02 1.303180572787427671e+01 5.920296991315136381e+01
2.353299731182795824e+02 1.315648263027295251e+01 5.925679797353184597e+01
2.350290529363109897e+02 1.278274917287014034e+01 5.913386579818031663e+01
2.350619055004135589e+02 1.252556348221670746e+01 5.896536393713812885e+01
2.351397203267162865e+02 1.278588968155500361e+01 5.910035411497104718e+01
2.349899710504549262e+02 1.283276468155500361e+01 5.910646712158808924e+01
2.343817204301075208e+02 1.171859491315136559e+01 5.821632030603804964e+01
2.344713606286186973e+02 1.181813482216707989e+01 5.847753825475599854e+01
2.347666330645161281e+02 1.237383684863523570e+01 5.876402243589743790e+01
2.345692592018196763e+02 1.202951819685690715e+01 5.847561259305211223e+01
2.344005376344086073e+02 1.123278535980148796e+01 5.822081782464847066e+01
2.345233147229114934e+02 1.149229735318444945e+01 5.825896918941273839e+01
2.341262406947890895e+02 1.073923438792390428e+01 5.790004652605458801e+01
2.336155913978494709e+02 9.455774400330852814e+00 5.657852564102564230e+01
2.330816273779983590e+02 8.440407878411910758e+00 5.571218465674110831e+01
2.328973066583953653e+02 8.022901157981802811e+00 5.524338296112489388e+01
2.330130789909015618e+02 7.757405397022332671e+00 5.494786497105045697e+01
2.327356803143093487e+02 6.687370760959471028e+00 5.410685483870967971e+01
2.324752248759305076e+02 6.187047663358146821e+00 5.371307640612076284e+01
2.324680650330851961e+02 6.344848531844499817e+00 5.364775899503722201e+01
2.322299550248139042e+02 6.786613420181968337e+00 5.339142628205128460e+01
2.318077052315963726e+02 6.966720947063689273e+00 5.310286135235732274e+01
2.319385985318444909e+02 7.717535153019023930e+00 5.357556606699751711e+01
