2.550000000000000000e+02 1.621797639468246928e+02 9.496945050875208949e+01
2.550000000000000000e+02 1.621696912401075963e+02 9.495258469455382055e+01
2.550000000000000000e+02 1.621627178277649932e+02 9.494545534287162525e+01
2.550000000000000000e+02 1.620884127324470683e+02 9.485157986043428480e+01
2.550000000000000000e+02 1.621168716619235113e+02 9.454180636232506174e+01
2.550000000000000000e+02 1.624865648512728455e+02 9.411883064987719649e+01
2.550000000000000000e+02 1.631531860356321317e+02 9.345360317336556477e+01
2.550000000000000000e+02 1.634634663365950757e+02 9.319809656543604603e+01
2.550000000000000000e+02 1.635889487739269441e+02 9.289612003430664799e+01
2.550000000000000000e+02 1.636360473275895799e+02 9.269603524229074765e+01
2.550000000000000000e+02 1.640102968695177594e+02 9.259584908970410311e+01
2.550000000000000000e+02 1.643899019531402246e+02 9.260612159370005259e+01
2.550000000000000000e+02 1.645673804140189418e+02 9.264823496159993965e+01
2.550000000000000000e+02 1.646985253986199496e+02 9.259720381271685596e+01
2.550000000000000000e+02 1.648514385404077700e+02 9.256144984600990711e+01
2.550000000000000000e+02 1.651541606565046152e+02 9.255627948228139701e+01
2.550000000000000000e+02 1.651417780983197474e+02 9.250280690811274553e+01
2.550000000000000000e+02 1.648547912362091097e+02 9.248292464231414556e+01
2.550000000000000000e+02 1.647061323145296399e+02 9.250127675334294963e+01
2.550000000000000000e+02 1.646039920470936693e+02 9.254385793926162762e+01
2.550000000000000000e+02 1.645640423375307080e+02 9.251725078944291170e+01
2.550000000000000000e+02 1.645688472184320403e+02 9.255936415734279876e+01
2.550000000000000000e+02 1.645749873299286605e+02 9.251047717437916162e+01
2.550000000000000000e+02 1.645891047132665506e+02 9.252243089938014009e+01
2.550000000000000000e+02 1.646592627967720546e+02 9.250824529258117934e+01
2.550000000000000000e+02 1.647658765740127080e+02 9.255671318856964547e+01
2.550000000000000000e+02 1.648398892830688851e+02 9.254561225683208647e+01
2.550000000000000000e+02 1.649587735370940607e+02 9.252551557444154184e+01
2.550000000000000000e+02 1.651677030135277278e+02 9.259540563720712214e+01
2.550000000000000000e+02 1.656058145881252130e+02 9.270532337920549537e+01
2.550000000000000000e+02 1.658283692643561551e+02 9.270906592335580854e+01
2.550000000000000000e+02 1.659063827920938650e+02 9.273559023040037630e+01
2.550000000000000000e+02 1.661340834665315072e+02 9.274381603056410484e+01
2.550000000000000000e+02 1.664292376515535352e+02 9.263750438579393176e+01
2.550000000000000000e+02 1.666818545085961603e+02 9.258490897041050971e+01
2.550000000000000000e+02 1.666660364118357904e+02 9.256962691513001573e+01
2.550000000000000000e+02 1.665920578145101558e+02 9.258457272620950107e+01
2.550000000000000000e+02 1.666432887606721067e+02 9.260460605824334834e+01
2.550000000000000000e+02 1.667247134614634945e+02 9.265940411679856936e+01
2.550000000000000000e+02 1.666591945733109696e+02 9.271689212896183108e+01
2.550000000000000000e+02 1.666659828076878114e+02 9.275575513625199164e+01
2.550000000000000000e+02 1.668335688667108627e+02 9.269532864215820211e+01
2.550000000000000000e+02 1.670903083700440561e+02 9.272073213519941248e+01
2.550000000000000000e+02 1.674031714163190543e+02 9.270653190908736008e+01
2.550000000000000000e+02 1.676888815250867424e+02 9.279258118591867799e+01
2.550000000000000000e+02 1.677270964094967098e+02 9.278352695801332573e+01
2.550000000000000000e+02 1.676965566644575176e+02 9.270829109976219229e+01
2.550000000000000000e+02 1.678055436435226682e+02 9.271688238275311278e+01
2.550000000000000000e+02 1.679208461658414819e+02 9.273828018400841700e+01
2.550000000000000000e+02 1.678640257689758641e+02 9.276383474328486045e+01
2.550000000000000000e+02 1.678461317297571327e+02 9.279548068301430419e+01
2.550000000000000000e+02 1.678946483567892187e+02 9.274314354216210177e+01
2.550000000000000000e+02 1.678996774004912140e+02 9.275807473392849545e+01
2.550000000000000000e+02 1.677579334139019807e+02 9.266948656972438414e+01
2.550000000000000000e+02 1.674938014112510132e+02 9.261920587891310674e+01
2.550000000000000000e+02 1.673279696697984491e+02 9.257274570192194574e+01
2.550000000000000000e+02 1.671319831585513214e+02 9.251318662040466734e+01
2.550000000000000000e+02 1.668248801216326740e+02 9.242932049432771180e+01
2.550000000000000000e+02 1.665592861876729955e+02 9.242574363572570917e+01
2.550000000000000000e+02 1.664881339908775431e+02 9.241322463061868575e+01
2.550000000000000000e+02 1.664288039452652868e+02 9.247693072394838509e+01
2.550000000000000000e+02 1.664502992086078450e+02 9.247136076566215479e+01
2.550000000000000000e+02 1.665153161670110364e+02 9.248257865190440441e+01
2.550000000000000000e+02 1.665816391173833324e+02 9.246364176835210458e+01
2.550000000000000000e+02 1.666951434641924266e+02 9.246515243070444967e+01
2.550000000000000000e+02 1.667459260847530231e+02 9.246730146972826958e+01
2.550000000000000000e+02 1.668077024287552206e+02 9.246770593739034894e+01
2.550000000000000000e+02 1.670359732564032527e+02 9.251061362130131727e+01
2.550000000000000000e+02 1.674695479708393293e+02 9.261108241394097718e+01
2.550000000000000000e+02 1.679034979143113446e+02 9.275808448013722796e+01
2.550000000000000000e+02 1.679894058711161335e+02 9.285185762738294102e+01
2.550000000000000000e+02 1.680136300729016341e+02 9.287205664496511304e+01
2.550000000000000000e+02 1.681256968539238130e+02 9.287607695606409663e+01
2.550000000000000000e+02 1.682818701025301209e+02 9.282732642002261514e+01
2.550000000000000000e+02 1.684048233986979142e+02 9.281661046352968469e+01
2.550000000000000000e+02 1.688362588203189034e+02 9.280870628825387314e+01
2.550000000000000000e+02 1.693099684222837311e+02 9.283313516042260005e+01
2.550000000000000000e+02 1.696441561732486036e+02 9.284967447662859286e+01
2.550000000000000000e+02 1.699848495185372883e+02 9.289510642859927714e+01
2.550000000000000000e+02 1.704321225293360840e+02 9.291522260340727257e+01
2.550000000000000000e+02 1.709375950255350745e+02 9.300266071498187159e+01
2.550000000000000000e+02 1.711616847296401716e+02 9.306685411874781266e+01
2.550000000000000000e+02 1.714026207555261010e+02 9.306148395774043536e+01
2.550000000000000000e+02 1.716234211141865842e+02 9.310069295544033707e+01
2.550000000000000000e+02 1.718085357296011750e+02 9.309204319519706416e+01
2.550000000000000000e+02 1.718837423492261394e+02 9.312081887645706502e+01
2.550000000000000000e+02 1.719088388366925244e+02 9.315201649058516864e+01
2.550000000000000000e+02 1.719957506529959801e+02 9.302620755526100993e+01
2.550000000000000000e+02 1.721156582589372874e+02 9.299010759814431992e+01
2.550000000000000000e+02 1.722435821215547094e+02 9.286782679037854393e+01
2.550000000000000000e+02 1.723633971385131076e+02 9.286746130755136619e+01
2.550000000000000000e+02 1.727029989084246324e+02 9.288051635413823703e+01
2.550000000000000000e+02 1.732674116018868631e+02 9.294871057658571090e+01
2.550000000000000000e+02 1.737799500994113373e+02 9.311408911933257571e+01
2.550000000000000000e+02 1.741230069003157723e+02 9.324855756110872562e+01
2.550000000000000000e+02 1.742188608631242346e+02 9.330948111184748939e+01
2.550000000000000000e+02 1.742928053487193552e+02 9.331319441737164766e+01
2.550000000000000000e+02 1.743445723363611535e+02 9.319944154224006638e+01
2.550000000000000000e+02 1.742672215508167426e+02 9.310748118981716459e+01
2.550000000000000000e+02 1.740719611321196112e+02 9.306185431367198646e+01
2.550000000000000000e+02 1.738632460722778887e+02 9.300518985614596090e+01
2.550000000000000000e+02 1.737785515184593237e+02 9.298232525047755814e+01
2.550000000000000000e+02 1.737261802658765646e+02 9.298316829753225932e+01
2.550000000000000000e+02 1.736708754044676652e+02 9.293493918365756201e+01
2.550000000000000000e+02 1.736844275076994961e+02 9.295409535690616565e+01
2.550000000000000000e+02 1.736619917352149969e+02 9.294117188413707709e+01
2.550000000000000000e+02 1.736157021168765482e+02 9.294007543565552965e+01
2.550000000000000000e+02 1.735892752719192345e+02 9.294734123425986638e+01
2.550000000000000000e+02 1.735701580835055040e+02 9.295806693696151513e+01
2.550000000000000000e+02 1.736172956220030414e+02 9.294790651436591133e+01
2.550000000000000000e+02 1.736635511286109761e+02 9.294112315309344297e+01
2.550000000000000000e+02 1.736261939105687873e+02 9.296832482164438716e+01
2.550000000000000000e+02 1.736037532649799289e+02 9.295210225722193798e+01
2.550000000000000000e+02 1.735955713227554611e+02 9.293828700635452833e+01
2.550000000000000000e+02 1.735731306771665743e+02 9.291615823944485442e+01
2.550000000000000000e+02 1.735096828583681088e+02 9.293629390667030066e+01
2.550000000000000000e+02 1.734457087442984573e+02 9.289767942770262721e+01
2.550000000000000000e+02 1.734538273361662277e+02 9.290194826712408371e+01
2.550000000000000000e+02 1.734624381115745848e+02 9.292183540602705705e+01
2.550000000000000000e+02 1.734552551557444247e+02 9.292548048809013039e+01
2.550000000000000000e+02 1.734334382675139352e+02 9.297571732096214703e+01
2.550000000000000000e+02 1.734941863864956417e+02 9.295882714124205393e+01
2.550000000000000000e+02 1.735672537133055187e+02 9.288282620560602254e+01
2.550000000000000000e+02 1.736124225176406242e+02 9.288819149350902649e+01
2.550000000000000000e+02 1.736642772211609724e+02 9.286702760126310352e+01
2.550000000000000000e+02 1.737330123581926671e+02 9.287069704884800103e+01
2.550000000000000000e+02 1.737620804257144016e+02 9.285097559549335244e+01
2.550000000000000000e+02 1.738097881174223289e+02 9.282204884799813271e+01
2.550000000000000000e+02 1.738742446688238203e+02 9.284932361311449256e+01
2.550000000000000000e+02 1.739127421932868174e+02 9.286158434369031056e+01
2.550000000000000000e+02 1.739184193598690058e+02 9.284431893493430721e+01
2.550000000000000000e+02 1.738279940353202733e+02 9.287705645004093924e+01
2.550000000000000000e+02 1.737749210557093420e+02 9.287887411796810966e+01
2.550000000000000000e+02 1.737514180733694502e+02 9.286301216326849328e+01
2.550000000000000000e+02 1.737179008615648570e+02 9.282080133328135219e+01
2.550000000000000000e+02 1.735748021519628992e+02 9.281116720595687752e+01
2.550000000000000000e+02 1.733598251530154641e+02 9.277239191454523848e+01
2.550000000000000000e+02 1.733383347627772935e+02 9.270614693384273153e+01
2.550000000000000000e+02 1.733342413551128516e+02 9.268952964796693550e+01
2.550000000000000000e+02 1.732501120814003457e+02 9.268589431211259466e+01
2.550000000000000000e+02 1.731543701999922007e+02 9.267332657596195133e+01
2.550000000000000000e+02 1.730117539277221113e+02 9.267488596935791634e+01
2.550000000000000000e+02 1.728714669993372581e+02 9.270465089080347809e+01
2.550000000000000000e+02 1.727256490975010763e+02 9.280826770886125132e+01
2.550000000000000000e+02 1.727182322326615065e+02 9.281799442516860665e+01
2.550000000000000000e+02 1.727775330396475795e+02 9.289065728431640423e+01
2.550000000000000000e+02 1.728146368562629220e+02 9.286638922459162870e+01
2.550000000000000000e+02 1.728546158044520666e+02 9.280701532104011164e+01
2.550000000000000000e+02 1.728526032123504024e+02 9.275416650422985754e+01
2.550000000000000000e+02 1.728387879614829785e+02 9.272446493314100735e+01
2.550000000000000000e+02 1.728973967876495976e+02 9.270032844723402832e+01
2.550000000000000000e+02 1.728946191181630354e+02 9.271519141553935128e+01
2.550000000000000000e+02 1.728356058243343227e+02 9.273175022416279489e+01
2.550000000000000000e+02 1.728083944095746745e+02 9.271063993606486520e+01
2.550000000000000000e+02 1.727629819500214410e+02 9.268233207282366948e+01
2.550000000000000000e+02 1.727228763011188732e+02 9.264532571829558094e+01
2.550000000000000000e+02 1.726556030953958896e+02 9.263840103699661199e+01
2.550000000000000000e+02 1.726212964406845742e+02 9.262469786752953382e+01
2.550000000000000000e+02 1.726306333086429277e+02 9.258852968695177310e+01
2.550000000000000000e+02 1.726486053175314908e+02 9.262119897859732021e+01
2.550000000000000000e+02 1.726336643795563646e+02 9.263013625199796763e+01
2.550000000000000000e+02 1.726786138941951663e+02 9.261626739698257893e+01
2.550000000000000000e+02 1.728194466102686135e+02 9.259464055982222419e+01
2.550000000000000000e+02 1.728541918443725365e+02 9.280808253089547577e+01
2.550000000000000000e+02 1.728962857198549727e+02 9.280616252777669217e+01
2.550000000000000000e+02 1.729201882967525705e+02 9.290261588242174184e+01
2.550000000000000000e+02 1.729116749834314533e+02 9.291817570465089204e+01
2.550000000000000000e+02 1.728757358387587146e+02 9.289534521071303175e+01
2.550000000000000000e+02 1.727952077891700071e+02 9.281816985692564970e+01
2.550000000000000000e+02 1.726401748469845359e+02 9.280441795641495162e+01
2.550000000000000000e+02 1.724389497485478273e+02 9.272890920431952111e+01
2.550000000000000000e+02 1.722376856652762172e+02 9.267831176172468588e+01
2.550000000000000000e+02 1.723965829792210798e+02 9.263709017192311990e+01
2.550000000000000000e+02 1.726769960235468488e+02 9.264927780593349382e+01
2.550000000000000000e+02 1.728257670266266359e+02 9.262088222681376237e+01
2.550000000000000000e+02 1.729542025652021380e+02 9.260713032630306429e+01
2.550000000000000000e+02 1.731001471677517429e+02 9.266250341117304856e+01
2.550000000000000000e+02 1.732016246929944145e+02 9.281651300144244487e+01
2.550000000000000000e+02 1.732352978441386426e+02 9.292735663326965323e+01
2.550000000000000000e+02 1.732838924408405035e+02 9.297920646368562814e+01
2.550000000000000000e+02 1.735462555066079346e+02 9.317422322716463157e+01
2.550000000000000000e+02 1.735290924330435587e+02 9.316261549257339425e+01
2.550000000000000000e+02 1.734658102997933895e+02 9.300029238626174788e+01
2.550000000000000000e+02 1.735082891505204543e+02 9.300221726248489063e+01
2.550000000000000000e+02 1.735647879224981409e+02 9.301126174418151038e+01
2.550000000000000000e+02 1.736605249308019268e+02 9.299929339986745447e+01
2.550000000000000000e+02 1.737421640481852592e+02 9.302592491520798035e+01
2.550000000000000000e+02 1.739655861369926981e+02 9.305584577599313434e+01
2.550000000000000000e+02 1.742118046080074976e+02 9.299404506646914115e+01
2.550000000000000000e+02 1.743519161046353076e+02 9.302227008693618870e+01
2.550000000000000000e+02 1.744760730575806065e+02 9.301055514404896485e+01
2.550000000000000000e+02 1.745860785154575012e+02 9.298799267085104248e+01
2.550000000000000000e+02 1.746606223928891666e+02 9.299723694982651523e+01
2.550000000000000000e+02 1.747405949085805617e+02 9.295322794432965452e+01
2.550000000000000000e+02 1.748205771704806750e+02 9.290174359674087157e+01
2.550000000000000000e+02 1.749107101087676881e+02 9.287100405442282636e+01
2.550000000000000000e+02 1.751341858017231345e+02 9.282792093875482919e+01
2.550000000000000000e+02 1.752966112432263799e+02 9.284265233324236988e+01
2.550000000000000000e+02 1.753086965420451406e+02 9.282014833729678571e+01
2.550000000000000000e+02 1.752431679076838975e+02 9.289716775174457553e+01
2.550000000000000000e+02 1.751827950177381013e+02 9.288703656777514084e+01
2.550000000000000000e+02 1.751516071498187159e+02 9.285713519940742344e+01
2.550000000000000000e+02 1.751373192078281420e+02 9.285553682117655683e+01
2.550000000000000000e+02 1.751282893454446139e+02 9.278775681259989483e+01
2.550000000000000000e+02 1.751825757280417974e+02 9.268296557639078515e+01
2.550000000000000000e+02 1.751229338037503283e+02 9.260954251296246298e+01
2.550000000000000000e+02 1.750625804062219686e+02 9.255176211453743917e+01
2.550000000000000000e+02 1.751330747339285097e+02 9.254234727690928253e+01
2.550000000000000000e+02 1.753006071888035535e+02 9.254359966473042221e+01
2.550000000000000000e+02 1.754610638961443954e+02 9.256817473003002306e+01
2.550000000000000000e+02 1.755575562356243324e+02 9.257186367003235716e+01
2.550000000000000000e+02 1.756256919808194539e+02 9.260721316907722667e+01
2.550000000000000000e+02 1.757002650968773025e+02 9.263577443374526865e+01
2.550000000000000000e+02 1.757161660364118347e+02 9.264741628006704843e+01
2.550000000000000000e+02 1.755819753615843410e+02 9.259691629955946723e+01
2.550000000000000000e+02 1.753200654945226233e+02 9.258401231920782948e+01
2.550000000000000000e+02 1.752257563057970344e+02 9.257977759151690123e+01
2.550000000000000000e+02 1.751518215664106606e+02 9.263345970917313821e+01
2.550000000000000000e+02 1.750510165295700062e+02 9.264040875599391711e+01
2.550000000000000000e+02 1.750112958559120386e+02 9.261143815055943662e+01
2.550000000000000000e+02 1.749465420451444402e+02 9.254952048653073859e+01
2.550000000000000000e+02 1.749650647148259281e+02 9.252617344353046747e+01
2.550000000000000000e+02 1.750095464114459389e+02 9.255978811742232892e+01
2.550000000000000000e+02 1.750283029901368366e+02 9.258940197263264338e+01
2.550000000000000000e+02 1.750805767806323274e+02 9.263803068106506089e+01
2.550000000000000000e+02 1.751807580601146128e+02 9.270047464036490226e+01
2.550000000000000000e+02 1.753426669525554473e+02 9.272551752368329403e+01
2.550000000000000000e+02 1.754175324548750439e+02 9.267178180187906378e+01
2.550000000000000000e+02 1.753600054578768948e+02 9.271965030603095670e+01
2.550000000000000000e+02 1.753717983704339076e+02 9.269287747066391603e+01
2.550000000000000000e+02 1.754148961054149822e+02 9.267837511208139745e+01
2.550000000000000000e+02 1.754127470663911765e+02 9.263859596117110584e+01
2.550000000000000000e+02 1.753419652255272752e+02 9.267882343768273756e+01
2.550000000000000000e+02 1.751831215157303916e+02 9.265024755370160392e+01
2.550000000000000000e+02 1.751788380569958292e+02 9.266361447896768766e+01
2.550000000000000000e+02 1.752431727807882851e+02 9.273507368133796547e+01
2.550000000000000000e+02 1.753638941951580819e+02 9.277496004054422940e+01
2.550000000000000000e+02 1.755190928228919063e+02 9.275106233675100498e+01
2.550000000000000000e+02 1.755643201044793500e+02 9.273047347081984526e+01
2.550000000000000000e+02 1.755373913297727313e+02 9.274348465946746956e+01
2.550000000000000000e+02 1.758056898366535279e+02 9.275617909633152181e+01
2.550000000000000000e+02 1.760032747261315365e+02 9.275312853300066251e+01
2.550000000000000000e+02 1.762716414564734180e+02 9.273715937000507381e+01
2.550000000000000000e+02 1.763972554676230970e+02 9.277779618728314404e+01
2.550000000000000000e+02 1.764252953101243691e+02 9.279825347939652147e+01
2.550000000000000000e+02 1.764046966979844910e+02 9.278744006081633700e+01
2.550000000000000000e+02 1.763792785856302032e+02 9.279995419281898705e+01
2.550000000000000000e+02 1.763663307473392763e+02 9.276050641300534494e+01
2.550000000000000000e+02 1.763594060660403215e+02 9.268721005029043170e+01
2.550000000000000000e+02 1.763788448793419263e+02 9.261143815055943662e+01
2.550000000000000000e+02 1.764832413940976892e+02 9.259844158122490398e+01
2.550000000000000000e+02 1.766230361389419556e+02 9.261148688160305653e+01
2.550000000000000000e+02 1.766716453549569223e+02 9.259717457409067265e+01
2.550000000000000000e+02 1.767171552765973956e+02 9.256399360648707386e+01
2.550000000000000000e+02 1.767509697477681243e+02 9.258377353709407487e+01
2.550000000000000000e+02 1.768328525203695847e+02 9.256664457526022716e+01
2.550000000000000000e+02 1.770461824100424906e+02 9.259797376320611306e+01
2.550000000000000000e+02 1.773450109157537611e+02 9.262712467350200995e+01
2.550000000000000000e+02 1.775713763595961154e+02 9.267620658064012673e+01
2.550000000000000000e+02 1.776048204748352930e+02 9.267273205722973728e+01
2.550000000000000000e+02 1.774840503294218479e+02 9.269144965108573331e+01
2.550000000000000000e+02 1.771119888113523757e+02 9.257094752641222613e+01
2.550000000000000000e+02 1.767203715254765939e+02 9.252343963198315180e+01
2.550000000000000000e+02 1.761800563330864406e+02 9.236267104596312549e+01
2.550000000000000000e+02 1.760259444076254454e+02 9.227013566722544624e+01
2.550000000000000000e+02 1.760157401270905666e+02 9.228933569841331064e+01
2.550000000000000000e+02 1.761093622081010608e+02 9.228031070913414169e+01
2.550000000000000000e+02 1.762172819773108188e+02 9.224626720205840513e+01
2.550000000000000000e+02 1.762069509960625453e+02 9.235209153639233648e+01
2.550000000000000000e+02 1.761248538068691403e+02 9.239913161280261988e+01
2.550000000000000000e+02 1.758935080503684105e+02 9.243313613504346904e+01
2.550000000000000000e+02 1.743491579275661820e+02 9.217854079762972219e+01
2.550000000000000000e+02 1.739475459046431070e+02 9.207412966356088191e+01
2.550000000000000000e+02 1.735240731355502817e+02 9.192555845775993362e+01
2.550000000000000000e+02 1.731257894429067221e+02 9.184701863475108041e+01
2.550000000000000000e+02 1.729116652372227065e+02 9.178768371603446496e+01
2.550000000000000000e+02 1.730063594011929240e+02 9.175228548594596134e+01
2.550000000000000000e+02 1.729724328486218781e+02 9.177587131106000129e+01
2.550000000000000000e+02 1.727821917274180237e+02 9.189841526646134184e+01
2.550000000000000000e+02 1.727346058633191603e+02 9.192271743791664562e+01
2.550000000000000000e+02 1.727466814159292028e+02 9.194118650345015453e+01
2.550000000000000000e+02 1.729427069120112321e+02 9.200786031733655079e+01
2.550000000000000000e+02 1.731531567970059768e+02 9.202248937663249251e+01
2.550000000000000000e+02 1.731946658999649173e+02 9.208431932478265480e+01
2.550000000000000000e+02 1.730081527035983129e+02 9.210947428950137805e+01
2.550000000000000000e+02 1.729796401699738908e+02 9.215045222408483028e+01
2.550000000000000000e+02 1.732255467623094489e+02 9.220361779267864222e+01
2.550000000000000000e+02 1.733384078593427091e+02 9.215667030525125369e+01
2.550000000000000000e+02 1.733124731979260105e+02 9.210291996413394600e+01
2.550000000000000000e+02 1.732736979065143714e+02 9.205950547736929934e+01
2.550000000000000000e+02 1.731444631788234290e+02 9.202323983470429880e+01
2.550000000000000000e+02 1.721350191025690890e+02 9.186977603212351084e+01
2.550000000000000000e+02 1.710656602081790254e+02 9.168169856925655381e+01
2.550000000000000000e+02 1.707223694982651807e+02 9.165105648902576263e+01
2.550000000000000000e+02 1.700679018361857118e+02 9.152429729835094463e+01
2.550000000000000000e+02 1.701674642314139874e+02 9.157497271061556887e+01
2.550000000000000000e+02 1.706821322755448023e+02 9.162997056644965710e+01
2.550000000000000000e+02 1.721733217028575780e+02 9.194521168765349728e+01
2.550000000000000000e+02 1.733807356438345550e+02 9.221633659506451863e+01
2.550000000000000000e+02 1.736185626291372728e+02 9.220233129312697429e+01
2.550000000000000000e+02 1.739445197068340292e+02 9.233446551791352874e+01
2.550000000000000000e+02 1.739573944485595121e+02 9.227595902693852281e+01
2.550000000000000000e+02 1.737507504580718205e+02 9.223990292776110778e+01
2.550000000000000000e+02 1.735354567073408418e+02 9.217484698452301473e+01
2.550000000000000000e+02 1.733356253167517878e+02 9.207952419009005496e+01
2.550000000000000000e+02 1.730878961833846574e+02 9.201389322053721287e+01
2.550000000000000000e+02 1.730985926474601513e+02 9.203190908736500830e+01
2.550000000000000000e+02 1.732186805582628324e+02 9.207262387431289596e+01
2.550000000000000000e+02 1.733183501617870661e+02 9.210190635842657514e+01
2.550000000000000000e+02 1.735478197731082730e+02 9.213764083271607319e+01
2.550000000000000000e+02 1.740829402362481062e+02 9.228466726443413393e+01
2.550000000000000000e+02 1.749081468558730705e+02 9.234492319987525377e+01
2.550000000000000000e+02 1.757906806752173452e+02 9.243706873026393112e+01
2.550000000000000000e+02 1.769476092549998043e+02 9.263136427429729736e+01
2.550000000000000000e+02 1.779740263537483997e+02 9.272927956025105800e+01
2.550000000000000000e+02 1.782271353943316115e+02 9.273862617441815814e+01
2.550000000000000000e+02 1.784017435967408574e+02 9.272158492846283195e+01
2.550000000000000000e+02 1.785869361818252798e+02 9.257819383259911206e+01
2.550000000000000000e+02 1.788056362325055488e+02 9.255467135784179789e+01
2.550000000000000000e+02 1.788514677790339533e+02 9.258559120502124529e+01
2.550000000000000000e+02 1.787693705898405483e+02 9.261531226852754628e+01
2.550000000000000000e+02 1.786006296050836113e+02 9.261217886242252462e+01
2.550000000000000000e+02 1.783796879263966275e+02 9.254258605902303714e+01
2.550000000000000000e+02 1.782840727457019341e+02 9.249297298350941787e+01
2.550000000000000000e+02 1.782200742661104869e+02 9.243237593076293024e+01
2.550000000000000000e+02 1.780292386261744184e+02 9.241546138552102718e+01
2.550000000000000000e+02 1.779184729640169849e+02 9.240560796850024872e+01
2.550000000000000000e+02 1.779120404662586168e+02 9.238259716970098623e+01
2.550000000000000000e+02 1.779584860239367003e+02 9.236721277922887907e+01
2.550000000000000000e+02 1.780674535105843859e+02 9.239745039179759090e+01
2.550000000000000000e+02 1.782420276012631177e+02 9.246189232388600487e+01
2.550000000000000000e+02 1.784858679973490325e+02 9.246801294296518847e+01
2.550000000000000000e+02 1.787527581770691256e+02 9.251094499239795255e+01
2.550000000000000000e+02 1.790851916104635393e+02 9.236165256715138128e+01
2.550000000000000000e+02 1.792629770769170818e+02 9.236635511286110045e+01
2.550000000000000000e+02 1.795685158473353908e+02 9.234385599001987543e+01
2.550000000000000000e+02 1.799501091575377245e+02 9.240450664691435634e+01
2.550000000000000000e+02 1.801590532532844691e+02 9.246727710420645963e+01
2.550000000000000000e+02 1.802888532610814423e+02 9.245486043429106360e+01
2.550000000000000000e+02 1.803836205216171038e+02 9.246665821995243562e+01
2.550000000000000000e+02 1.803841955479318528e+02 9.248571205800944028e+01
2.550000000000000000e+02 1.803581780437409918e+02 9.252171942614323541e+01
2.550000000000000000e+02 1.803653122685275321e+02 9.246598085844605919e+01
2.550000000000000000e+02 1.804593972944524580e+02 9.246086897196990151e+01
2.550000000000000000e+02 1.806137236365053980e+02 9.243644984600990711e+01
2.550000000000000000e+02 1.807491325874235031e+02 9.246234064948734499e+01
2.550000000000000000e+02 1.809153785427468790e+02 9.244106954894546391e+01
2.550000000000000000e+02 1.810765369771158930e+02 9.244115239171962628e+01
2.550000000000000000e+02 1.812341477915091161e+02 9.250553097345132869e+01
2.550000000000000000e+02 1.815522542980780543e+02 9.254145549881096144e+01
2.550000000000000000e+02 1.820287708081556275e+02 9.261833846633659562e+01
2.550000000000000000e+02 1.822940723558535865e+02 9.265399984406066380e+01
2.550000000000000000e+02 1.823171221394877364e+02 9.266333671201903144e+01
2.550000000000000000e+02 1.821913326965810427e+02 9.264024307044559237e+01
2.550000000000000000e+02 1.820613767494444630e+02 9.263114985770535270e+01
2.550000000000000000e+02 1.820368357958753904e+02 9.261516607539667234e+01
2.550000000000000000e+02 1.821051420997231958e+02 9.253866321001130757e+01
2.550000000000000000e+02 1.821316615336634186e+02 9.257334996686289230e+01
2.550000000000000000e+02 1.821519969981677036e+02 9.258746735020076812e+01
2.550000000000000000e+02 1.822790095902693963e+02 9.256394000233909480e+01
2.550000000000000000e+02 1.826896466024716403e+02 9.256261451795251105e+01
2.550000000000000000e+02 1.828031948072199953e+02 9.253164593972944374e+01
2.550000000000000000e+02 1.828843904721063609e+02 9.251268956375969310e+01
2.550000000000000000e+02 1.829819402752329438e+02 9.249673502007719605e+01
2.550000000000000000e+02 1.831370365677751408e+02 9.245282347666757516e+01
2.550000000000000000e+02 1.834601574987329968e+02 9.246897781762893942e+01
2.550000000000000000e+02 1.837725868387197465e+02 9.252862948812911270e+01
2.550000000000000000e+02 1.838883133211180905e+02 9.256564558886593375e+01
2.550000000000000000e+02 1.839363377646095614e+02 9.258127363455615466e+01
2.550000000000000000e+02 1.839856633269658062e+02 9.257555261003469127e+01
2.550000000000000000e+02 1.840586819227320632e+02 9.260915753771783443e+01
2.550000000000000000e+02 1.841496968929086506e+02 9.255974913258742731e+01
2.550000000000000000e+02 1.842458968461268682e+02 9.260693540212857044e+01
2.550000000000000000e+02 1.843615599781684864e+02 9.256943686405988103e+01
2.550000000000000000e+02 1.843990390238197392e+02 9.266207945109351840e+01
2.550000000000000000e+02 1.844164554988109614e+02 9.262880589450703894e+01
2.550000000000000000e+02 1.844691922342208841e+02 9.267905734669213302e+01
2.550000000000000000e+02 1.845802015515964172e+02 9.268338466336595616e+01
2.550000000000000000e+02 1.846593017816069562e+02 9.268148415266460916e+01
2.550000000000000000e+02 1.848083797902615970e+02 9.267270281860356818e+01
2.550000000000000000e+02 1.849828125609137999e+02 9.269997758371992802e+01
2.550000000000000000e+02 1.850193852091536257e+02 9.271716502280612815e+01
2.550000000000000000e+02 1.849943277065221707e+02 9.272241822930880062e+01
2.550000000000000000e+02 1.850296382207321244e+02 9.268302405364313756e+01
2.550000000000000000e+02 1.851711726638337723e+02 9.265955518303380245e+01
2.550000000000000000e+02 1.853405812638883390e+02 9.259386573622860794e+01
2.550000000000000000e+02 1.855339947760321309e+02 9.256013410783205586e+01
2.550000000000000000e+02 1.858802385871895808e+02 9.261982963627148990e+01
2.550000000000000000e+02 1.862942234220888054e+02 9.272101964835678700e+01
2.550000000000000000e+02 1.867203958909983896e+02 9.270413921484542641e+01
2.550000000000000000e+02 1.868902381973412332e+02 9.276169545046977305e+01
2.550000000000000000e+02 1.870644760438189564e+02 9.276926338154457596e+01
2.550000000000000000e+02 1.873668960274453354e+02 9.279235702311800082e+01
2.550000000000000000e+02 1.876651982378854484e+02 9.282618611360180694e+01
2.550000000000000000e+02 1.878803993996335464e+02 9.280644516782970754e+01
2.550000000000000000e+02 1.880317872597559585e+02 9.281201025301157870e+01
2.550000000000000000e+02 1.881453305913999543e+02 9.281600619858875234e+01
2.550000000000000000e+02 1.882602968695177594e+02 9.278367802424857302e+01
2.550000000000000000e+02 1.884354947175548602e+02 9.279517855054383801e+01
2.550000000000000000e+02 1.885991043234182030e+02 9.278162157420763378e+01
2.550000000000000000e+02 1.887344547970839415e+02 9.279463763595961723e+01
2.550000000000000000e+02 1.889068701025301209e+02 9.276967272231101447e+01
2.550000000000000000e+02 1.890370599586760818e+02 9.282194163970216039e+01
2.550000000000000000e+02 1.890579022260340594e+02 9.280568009044482380e+01
2.550000000000000000e+02 1.891301070133717985e+02 9.283000175431756418e+01
2.550000000000000000e+02 1.892389624186191668e+02 9.277443861837744521e+01
2.550000000000000000e+02 1.894197156056294205e+02 9.279871642431093903e+01
2.550000000000000000e+02 1.895488626174418130e+02 9.269244376437565336e+01
2.550000000000000000e+02 1.896069159097111196e+02 9.269262406923706976e+01
2.550000000000000000e+02 1.898072541031538663e+02 9.268389633932400784e+01
2.550000000000000000e+02 1.901096058633191603e+02 9.268200070172703420e+01
2.550000000000000000e+02 1.902922644341351202e+02 9.265146095668784199e+01
2.550000000000000000e+02 1.903406738528712197e+02 9.272893356984133106e+01
2.550000000000000000e+02 1.903934495731160439e+02 9.273404058321312959e+01
2.550000000000000000e+02 1.904762728548594737e+02 9.272711102880978729e+01
2.550000000000000000e+02 1.905506754122646385e+02 9.270911952750380181e+01
2.550000000000000000e+02 1.905958295972866665e+02 9.275073583875872885e+01
2.550000000000000000e+02 1.906543653268878415e+02 9.272143873533195801e+01
2.550000000000000000e+02 1.908189203149974560e+02 9.269251198783673829e+01
2.550000000000000000e+02 1.910082501656855527e+02 9.266838037503411840e+01
2.550000000000000000e+02 1.915345892947643449e+02 9.269128883864176771e+01
2.550000000000000000e+02 1.916432887606721067e+02 9.273211570698998685e+01
2.550000000000000000e+02 1.917486696425090713e+02 9.271642918404739930e+01
2.550000000000000000e+02 1.918857110833885713e+02 9.274376729952048493e+01
2.550000000000000000e+02 1.920080260028848897e+02 9.271808603953061834e+01
2.550000000000000000e+02 1.921760311488830837e+02 9.267489084246227549e+01
2.550000000000000000e+02 1.923636066820006931e+02 9.271993781918833122e+01
2.550000000000000000e+02 1.925059939183657605e+02 9.276410276402479838e+01
2.550000000000000000e+02 1.926351604225956180e+02 9.282218042181591500e+01
2.550000000000000000e+02 1.928453081751198681e+02 9.281565046197029289e+01
2.550000000000000000e+02 1.930812785076605280e+02 9.281053857549413522e+01
2.550000000000000000e+02 1.931629176250438604e+02 9.287042415500370396e+01
2.550000000000000000e+02 1.932219211726638264e+02 9.279076839109586672e+01
2.550000000000000000e+02 1.932850619858874950e+02 9.278055923745662881e+01
2.550000000000000000e+02 1.934556547503021307e+02 9.272598534170208495e+01
2.550000000000000000e+02 1.936804315621223225e+02 9.269892012007329640e+01
2.550000000000000000e+02 1.938663210011305580e+02 9.270246774004911572e+01
2.550000000000000000e+02 1.940890559822229022e+02 9.271436298779774177e+01
2.550000000000000000e+02 1.942991111457643001e+02 9.271215547152158365e+01
2.550000000000000000e+02 1.944273517601652941e+02 9.268146466024715835e+01
2.550000000000000000e+02 1.944806537756812475e+02 9.270706795056723593e+01
2.550000000000000000e+02 1.945100239756734766e+02 9.272296889010175391e+01
2.550000000000000000e+02 1.945050436630151012e+02 9.276301606175198344e+01
2.550000000000000000e+02 1.944296323730069105e+02 9.275244629838992694e+01
2.550000000000000000e+02 1.943738207087442902e+02 9.275895189271373908e+01
2.550000000000000000e+02 1.943638210985926378e+02 9.277736248099489558e+01
2.550000000000000000e+02 1.944069919301391849e+02 9.271531324314841527e+01
2.550000000000000000e+02 1.945004873104362275e+02 9.255393551908308325e+01
2.550000000000000000e+02 1.946189183657557180e+02 9.247780300962925537e+01
2.550000000000000000e+02 1.947769921250633445e+02 9.245995770145412962e+01
2.550000000000000000e+02 1.949275710498615979e+02 9.248982008498694540e+01
2.550000000000000000e+02 1.950620736033682761e+02 9.244799423024443286e+01
2.550000000000000000e+02 1.951840084207243251e+02 9.248153093446649109e+01
2.550000000000000000e+02 1.952729230829207552e+02 9.252011617480799544e+01
2.550000000000000000e+02 1.952792678648006017e+02 9.256232700479513653e+01
2.550000000000000000e+02 1.953069276051616043e+02 9.260731550426883985e+01
2.550000000000000000e+02 1.953317609449923964e+02 9.256845737008303843e+01
2.550000000000000000e+02 1.953055875014619289e+02 9.253277162683716028e+01
2.550000000000000000e+02 1.953253528127558241e+02 9.249099937624264101e+01
2.550000000000000000e+02 1.953335396280846794e+02 9.239422926981404771e+01
2.550000000000000000e+02 1.952851058438267557e+02 9.249291450625706545e+01
2.550000000000000000e+02 1.952280125531168267e+02 9.252258196561537318e+01
2.550000000000000000e+02 1.952319012903980422e+02 9.256334061050252160e+01
2.550000000000000000e+02 1.952624069237066919e+02 9.261552181201513179e+01
2.550000000000000000e+02 1.952247329538809311e+02 9.270792074383065540e+01
2.550000000000000000e+02 1.951537756812599866e+02 9.270767221550816828e+01
2.550000000000000000e+02 1.950207594245838436e+02 9.272014736267591672e+01
2.550000000000000000e+02 1.949353680168414371e+02 9.266220127870258239e+01
2.550000000000000000e+02 1.948580562161319278e+02 9.264534521071303175e+01
2.550000000000000000e+02 1.947697360726677402e+02 9.265225527269892325e+01
2.550000000000000000e+02 1.947433189739191448e+02 9.264291353163619647e+01
2.550000000000000000e+02 1.947849206658609660e+02 9.265721609293984784e+01
2.550000000000000000e+02 1.947950713422478657e+02 9.263248508830065475e+01
2.550000000000000000e+02 1.948456346731121585e+02 9.261312911777318391e+01
2.550000000000000000e+02 1.949368055826283523e+02 9.257104986160383930e+01
2.550000000000000000e+02 1.951202487232466467e+02 9.254739581302872864e+01
2.550000000000000000e+02 1.951774784608787172e+02 9.253381934427507360e+01
2.550000000000000000e+02 1.951556713188569745e+02 9.253879478382908985e+01
2.550000000000000000e+02 1.951996121008927503e+02 9.249723207672215608e+01
2.550000000000000000e+02 1.952506773615063764e+02 9.242348738840591693e+01
2.550000000000000000e+02 1.953270194144477898e+02 9.228996432887606716e+01
2.550000000000000000e+02 1.952595902693851997e+02 9.231548477642196815e+01
2.550000000000000000e+02 1.952323252504775724e+02 9.235414311332891657e+01
2.550000000000000000e+02 1.952209173131651880e+02 9.236489805465673442e+01
2.550000000000000000e+02 1.952690099801177439e+02 9.237686152586643118e+01
2.550000000000000000e+02 1.953266198198900554e+02 9.236631612802619884e+01
2.550000000000000000e+02 1.953546206775564258e+02 9.239060368016841096e+01
2.550000000000000000e+02 1.954119917352149969e+02 9.237519005107013470e+01
2.550000000000000000e+02 1.954555621613192500e+02 9.234156075786519580e+01
2.550000000000000000e+02 1.955311098982495821e+02 9.231329187945888748e+01
2.550000000000000000e+02 1.955357685860200263e+02 9.235222798331449212e+01
2.550000000000000000e+02 1.956689261627226983e+02 9.237990234298857217e+01
2.550000000000000000e+02 1.958934739386378681e+02 9.235253011578495830e+01
2.550000000000000000e+02 1.960308954816576374e+02 9.236917664028692343e+01
2.550000000000000000e+02 1.960848017621145516e+02 9.239137850376204142e+01
2.550000000000000000e+02 1.961588193442750878e+02 9.232860804646992392e+01
2.550000000000000000e+02 1.963005925694904761e+02 9.235337803594401862e+01
2.550000000000000000e+02 1.965435314412693515e+02 9.236582881758995711e+01
2.550000000000000000e+02 1.966281577716268316e+02 9.237114050134498200e+01
2.550000000000000000e+02 1.966215449690070614e+02 9.243672761295856333e+01
2.550000000000000000e+02 1.966356136213013031e+02 9.243558243343339598e+01
2.550000000000000000e+02 1.967212486842618091e+02 9.239067677673385504e+01
2.550000000000000000e+02 1.968575737788000595e+02 9.235834372928930236e+01
2.550000000000000000e+02 1.969642996374410302e+02 9.237950762153522533e+01
2.550000000000000000e+02 1.970554315621223225e+02 9.234387060933296709e+01
2.550000000000000000e+02 1.971663141787844609e+02 9.232666855093368952e+01
2.550000000000000000e+02 1.971801489220693213e+02 9.236807531870103105e+01
2.550000000000000000e+02 1.972053087598924037e+02 9.238638357179057436e+01
2.550000000000000000e+02 1.972650286538536477e+02 9.239504307824256557e+01
2.550000000000000000e+02 1.974028985224747714e+02 9.238709017192311990e+01
2.550000000000000000e+02 1.974856779462788836e+02 9.236530252231881377e+01
2.550000000000000000e+02 1.974754200615960258e+02 9.246831507543565465e+01
2.550000000000000000e+02 1.974112071654126623e+02 9.252466278117812237e+01
2.550000000000000000e+02 1.973852968695177594e+02 9.259309578573935084e+01
2.550000000000000000e+02 1.973719299442516899e+02 9.255625024365521369e+01
2.550000000000000000e+02 1.973639526724104201e+02 9.256024131612802819e+01
2.550000000000000000e+02 1.973434466492534511e+02 9.256395462165217225e+01
2.550000000000000000e+02 1.973355814588125270e+02 9.241779072940626349e+01
2.550000000000000000e+02 1.973613601808896476e+02 9.230862344547971077e+01
2.550000000000000000e+02 1.973925675412264695e+02 9.224971735994698463e+01
2.550000000000000000e+02 1.974327657791119179e+02 9.223553175314802388e+01
2.550000000000000000e+02 1.975183228724026492e+02 9.218370628825387314e+01
2.550000000000000000e+02 1.975737544345249717e+02 9.224469318934934847e+01
2.550000000000000000e+02 1.975941142645510809e+02 9.229336575572102674e+01
2.550000000000000000e+02 1.976367831663482946e+02 9.231079197692098148e+01
2.550000000000000000e+02 1.976841594869595724e+02 9.229271275973646027e+01
2.550000000000000000e+02 1.976895637596974780e+02 9.230608943121126231e+01
2.550000000000000000e+02 1.977147723285641803e+02 9.236186211063896678e+01
2.550000000000000000e+02 1.976997680402323567e+02 9.235756890569568611e+01
2.550000000000000000e+02 1.976836721765233449e+02 9.231923219367665467e+01
2.550000000000000000e+02 1.976861477135394409e+02 9.230116272270086597e+01
2.550000000000000000e+02 1.977136515145608371e+02 9.227031597208686264e+01
2.550000000000000000e+02 1.977626895637596931e+02 9.227168531441269295e+01
2.550000000000000000e+02 1.978360346575182120e+02 9.221033780359439902e+01
2.550000000000000000e+02 1.979008177069120222e+02 9.219245351058438587e+01
2.550000000000000000e+02 1.979833437292893166e+02 9.218089938014112761e+01
2.550000000000000000e+02 1.981293516821956189e+02 9.210556118669838099e+01
2.550000000000000000e+02 1.983324139409769487e+02 9.228566137772406819e+01
2.550000000000000000e+02 1.984535203305914024e+02 9.246137577482359404e+01
2.550000000000000000e+02 1.984906826244590832e+02 9.256150832326224531e+01
2.550000000000000000e+02 1.985025681259989767e+02 9.267593368679582966e+01
2.550000000000000000e+02 1.985051216326848760e+02 9.265509629254219703e+01
2.550000000000000000e+02 1.985357003625589698e+02 9.250301157849597189e+01
2.550000000000000000e+02 1.985674193988538434e+02 9.243313613504346904e+01
2.550000000000000000e+02 1.986739162215897920e+02 9.225821118085065109e+01
2.550000000000000000e+02 1.986684388522864708e+02 9.228233304744453847e+01
2.550000000000000000e+02 1.986732242407703382e+02 9.229547093680558589e+01
2.550000000000000000e+02 1.987022192117266286e+02 9.219844742895013212e+01
2.550000000000000000e+02 1.987723675490234427e+02 9.206912985848505571e+01
2.550000000000000000e+02 1.989279755175236915e+02 9.203453081751199250e+01
2.550000000000000000e+02 1.990380735643834669e+02 9.200538478032045475e+01
2.550000000000000000e+02 1.990848456200538124e+02 9.202738197341234638e+01
2.550000000000000000e+02 1.991603153873143413e+02 9.210092199134537339e+01
2.550000000000000000e+02 1.992456726833261769e+02 9.215530583602978254e+01
2.550000000000000000e+02 1.992964211921562594e+02 9.228039842501266321e+01
2.550000000000000000e+02 1.993451035047366702e+02 9.231091380453003126e+01
2.550000000000000000e+02 1.994133026002884890e+02 9.229427215313242527e+01
2.550000000000000000e+02 1.994625501929749305e+02 9.230564597871428134e+01
2.550000000000000000e+02 1.995144146427039971e+02 9.231546528400451734e+01
2.550000000000000000e+02 1.995596467973957999e+02 9.235103894585006401e+01
2.550000000000000000e+02 1.996293663015087247e+02 9.235226209504503458e+01
2.550000000000000000e+02 1.997548974698842130e+02 9.232448540017932714e+01
2.550000000000000000e+02 1.998567404779540766e+02 9.233028926747495291e+01
2.550000000000000000e+02 1.999437595025535188e+02 9.231663970215586801e+01
2.550000000000000000e+02 2.000032113757748107e+02 9.237435675022416603e+01
2.550000000000000000e+02 2.000864586175977422e+02 9.239687536548282765e+01
2.550000000000000000e+02 2.002490253791275165e+02 9.237604771743791332e+01
2.550000000000000000e+02 2.003105873065377693e+02 9.236622841214767732e+01
2.550000000000000000e+02 2.003186864059880747e+02 9.240269872519590422e+01
2.550000000000000000e+02 2.003510633113718882e+02 9.238421991345366280e+01
2.550000000000000000e+02 2.004381846711629294e+02 9.237815777162683162e+01
2.550000000000000000e+02 2.005339314256754051e+02 9.237204689875638053e+01
2.550000000000000000e+02 2.005957028965732434e+02 9.216335133133210888e+01
2.550000000000000000e+02 2.005821800319675674e+02 9.212639858095201362e+01
2.550000000000000000e+02 2.005501832287240234e+02 9.213944875443452531e+01
2.550000000000000000e+02 2.004885433316439958e+02 9.209756442243967456e+01
2.550000000000000000e+02 2.004861213987758788e+02 9.200975595493352444e+01
2.550000000000000000e+02 2.005191659194573219e+02 9.199123328525203647e+01
2.550000000000000000e+02 2.005345698023468799e+02 9.201165646563487144e+01
2.550000000000000000e+02 2.005546859771548895e+02 9.200615960391407100e+01
2.550000000000000000e+02 2.006027104206463605e+02 9.199885482047483265e+01
2.550000000000000000e+02 2.006828876067209819e+02 9.194877392694242246e+01
2.550000000000000000e+02 2.007201960937195508e+02 9.197698920120073751e+01
2.550000000000000000e+02 2.007106009512299636e+02 9.201472164827882239e+01
2.550000000000000000e+02 2.006794374488324024e+02 9.202066196249658958e+01
2.550000000000000000e+02 2.006326848855795220e+02 9.202706522162878855e+01
2.550000000000000000e+02 2.005620199992202970e+02 9.204612393279013816e+01
2.550000000000000000e+02 2.004768040232349620e+02 9.195079139214846009e+01
2.550000000000000000e+02 2.004295787688589030e+02 9.189589587150598504e+01
2.550000000000000000e+02 2.004433306693696011e+02 9.185690129039804219e+01
2.550000000000000000e+02 2.004700547736930218e+02 9.183080094343300459e+01
2.550000000000000000e+02 2.005240877548633591e+02 9.175614498460099355e+01
2.550000000000000000e+02 2.005992846282796052e+02 9.168150364508205996e+01
2.550000000000000000e+02 2.006435177965771288e+02 9.170421718451522963e+01
2.550000000000000000e+02 2.006756266812210185e+02 9.165061790963315502e+01
2.550000000000000000e+02 2.007530018322872536e+02 9.163446844177614992e+01
2.550000000000000000e+02 2.008187156446142581e+02 9.161742719582082373e+01
2.550000000000000000e+02 2.008195684378776775e+02 9.188349382090366646e+01
2.550000000000000000e+02 2.008136037581380720e+02 9.216433082530895149e+01
2.550000000000000000e+02 2.007843894974854777e+02 9.231190304471560637e+01
2.550000000000000000e+02 2.008132870063545283e+02 9.233324724182293153e+01
2.550000000000000000e+02 2.007900617909633070e+02 9.239142236170130218e+01
2.550000000000000000e+02 2.007364430236637816e+02 9.237493664964328843e+01
2.550000000000000000e+02 2.006893201044793500e+02 9.236577521344197805e+01
2.550000000000000000e+02 2.007023166738138968e+02 9.239218256598182677e+01
2.550000000000000000e+02 2.006731657635179999e+02 9.242590444816966055e+01
2.550000000000000000e+02 2.006458276480449001e+02 9.241528108065962499e+01
2.550000000000000000e+02 2.006945099606253109e+02 9.218379887723675381e+01
2.550000000000000000e+02 2.007899984406066096e+02 9.190205060231569689e+01
2.550000000000000000e+02 2.008668570426104338e+02 9.179396514755759995e+01
2.550000000000000000e+02 2.009074889867841307e+02 9.169336478110015776e+01
2.550000000000000000e+02 2.009871544969007005e+02 9.163705118708821828e+01
2.550000000000000000e+02 2.010556313594011897e+02 9.161182799890842432e+01
2.550000000000000000e+02 2.010662206151806970e+02 9.166854606058242894e+01
2.550000000000000000e+02 2.010392869673696907e+02 9.169419320884176727e+01
2.550000000000000000e+02 2.010313730458851467e+02 9.170100580874040475e+01
2.550000000000000000e+02 2.010347403609995638e+02 9.166508615648513114e+01
2.550000000000000000e+02 2.010450957077696899e+02 9.168020739932165952e+01
2.550000000000000000e+02 2.009743041206970418e+02 9.178926260184788077e+01
2.550000000000000000e+02 2.009575357685860126e+02 9.188103777630502123e+01
2.550000000000000000e+02 2.010027143191298649e+02 9.188302112978051639e+01
2.550000000000000000e+02 2.010265194339401944e+02 9.189208997699894610e+01
2.550000000000000000e+02 2.010419964133951964e+02 9.188631047522514450e+01
2.550000000000000000e+02 2.010059890452614013e+02 9.210589743089937542e+01
2.550000000000000000e+02 2.010600951229971542e+02 9.216381427624654066e+01
2.550000000000000000e+02 2.010897138513118421e+02 9.219779930606993901e+01
2.550000000000000000e+02 2.011017601652957012e+02 9.226610073681338520e+01
2.550000000000000000e+02 2.010228353670422337e+02 9.234750107208296299e+01
2.550000000000000000e+02 2.009824909360258971e+02 9.237551654906241083e+01
2.550000000000000000e+02 2.009419174691045100e+02 9.243339928267903360e+01
2.550000000000000000e+02 2.009438764570581952e+02 9.241195762348446863e+01
2.550000000000000000e+02 2.009418394994347068e+02 9.241788331838914416e+01
2.550000000000000000e+02 2.008812911777318675e+02 9.240608553272777215e+01
2.550000000000000000e+02 2.008542941795641354e+02 9.234747183345677968e+01
2.550000000000000000e+02 2.008389049159876834e+02 9.235825114030642169e+01
2.550000000000000000e+02 2.008813106701493041e+02 9.232702428755214896e+01
2.550000000000000000e+02 2.009395150286538581e+02 9.227097384117578827e+01
2.550000000000000000e+02 2.010220995282834906e+02 9.200766539316205694e+01
2.550000000000000000e+02 2.011583758917780926e+02 9.177280612841605034e+01
2.550000000000000000e+02 2.012888727534988789e+02 9.172031792132860062e+01
2.550000000000000000e+02 2.014033419749717382e+02 9.165186055124556219e+01
2.550000000000000000e+02 2.015298867490546115e+02 9.162510720829597233e+01
2.550000000000000000e+02 2.015649243694202823e+02 9.168052415110521736e+01
2.550000000000000000e+02 2.014993957350590676e+02 9.174526334255973836e+01
2.550000000000000000e+02 2.014197497173599345e+02 9.178306888620326731e+01
2.550000000000000000e+02 2.013790982807687726e+02 9.178187010253012090e+01
2.550000000000000000e+02 2.013852042805348788e+02 9.183618085064910019e+01
2.550000000000000000e+02 2.013670568398892726e+02 9.202010155549491799e+01
2.550000000000000000e+02 2.014123425987290830e+02 9.211323145296479709e+01
2.550000000000000000e+02 2.014836361155510644e+02 9.207331098202799069e+01
2.550000000000000000e+02 2.015749385988850406e+02 9.212912751939495593e+01
2.550000000000000000e+02 2.016857237534599108e+02 9.208379790261588482e+01
2.550000000000000000e+02 2.017348300261198517e+02 9.210361681805777323e+01
2.550000000000000000e+02 2.017960264707028841e+02 9.211590678725976034e+01
2.550000000000000000e+02 2.018976745545982681e+02 9.212003430665471626e+01
2.550000000000000000e+02 2.019669554793185569e+02 9.213023371408522166e+01
2.550000000000000000e+02 2.019854147986433190e+02 9.213737768508050863e+01
2.550000000000000000e+02 2.019828710381661665e+02 9.205792659155588353e+01
2.550000000000000000e+02 2.019894594752641126e+02 9.194319422244747386e+01
2.550000000000000000e+02 2.019768527542785819e+02 9.190228451132509235e+01
2.550000000000000000e+02 2.021293370628825414e+02 9.170868094811117999e+01
2.550000000000000000e+02 2.022836682780398405e+02 9.166515437994620186e+01
2.550000000000000000e+02 2.025017104596311981e+02 9.160408463607656415e+01
2.550000000000000000e+02 2.027555845775993077e+02 9.152504775642275092e+01
2.550000000000000000e+02 2.030097900666640669e+02 9.153470137616467639e+01
2.550000000000000000e+02 2.030662011227632320e+02 9.155647440645589086e+01
2.550000000000000000e+02 2.030399107247280881e+02 9.164613465361973965e+01
2.550000000000000000e+02 2.028780067053916127e+02 9.172837316283965947e+01
2.550000000000000000e+02 2.026680490039374547e+02 9.175779209387548008e+01
2.550000000000000000e+02 2.026334158512338774e+02 9.177466765428248152e+01
2.550000000000000000e+02 2.026815328837082291e+02 9.168311176952165908e+01
2.550000000000000000e+02 2.027909048380180081e+02 9.162489766480838682e+01
2.550000000000000000e+02 2.028679388717788754e+02 9.164711902070094141e+01
2.550000000000000000e+02 2.029522825620833544e+02 9.158624420100581176e+01
2.550000000000000000e+02 2.031119546996218332e+02 9.163973139448754068e+01
2.550000000000000000e+02 2.033963441971073394e+02 9.163590600756305093e+01
2.550000000000000000e+02 2.035833593232232772e+02 9.155568009044482380e+01
2.550000000000000000e+02 2.036396144399828358e+02 9.158250165685548438e+01
2.550000000000000000e+02 2.037270428053487308e+02 9.152372714514054053e+01
2.550000000000000000e+02 2.038309909945031393e+02 9.154610931347706071e+01
2.550000000000000000e+02 2.039753323457175043e+02 9.156776538926357034e+01
2.550000000000000000e+02 2.041745935830961685e+02 9.154305875014618721e+01
2.550000000000000000e+02 2.043104118747806979e+02 9.152256734630228152e+01
2.550000000000000000e+02 2.042945255545592715e+02 9.156099664730419363e+01
2.550000000000000000e+02 2.041884721843202897e+02 9.160180889633932111e+01
2.550000000000000000e+02 2.040581799929827298e+02 9.158528419944641996e+01
2.550000000000000000e+02 2.038644984600990142e+02 9.162108689719698873e+01
2.550000000000000000e+02 2.036898512728548667e+02 9.158219465128064485e+01
2.550000000000000000e+02 2.036029053448208685e+02 9.158245779891622362e+01
2.550000000000000000e+02 2.036664749912283980e+02 9.153875092588982909e+01
2.550000000000000000e+02 2.037379049549725210e+02 9.153895559627305545e+01
2.550000000000000000e+02 2.038175704650890907e+02 9.152328369264355956e+01
2.550000000000000000e+02 2.039031421776928710e+02 9.149931776538926442e+01
2.550000000000000000e+02 2.039622042025652036e+02 9.149551674398658463e+01
2.550000000000000000e+02 2.040663229503722960e+02 9.155291216716696567e+01
2.550000000000000000e+02 2.042318720517718589e+02 9.155893532415889524e+01
2.550000000000000000e+02 2.043035749093602647e+02 9.157948033215079420e+01
2.550000000000000000e+02 2.043450937585279235e+02 9.157760906007563051e+01
2.550000000000000000e+02 2.043501422946473838e+02 9.156600132548439319e+01
2.550000000000000000e+02 2.043646641456473390e+02 9.161589216794666868e+01
2.550000000000000000e+02 2.043787084324197849e+02 9.162286070718489839e+01
2.550000000000000000e+02 2.044241403843904834e+02 9.162839168063622708e+01
2.550000000000000000e+02 2.043985029823398634e+02 9.168424232973373478e+01
2.550000000000000000e+02 2.043428521305212371e+02 9.171063506296050605e+01
2.550000000000000000e+02 2.043091935986901149e+02 9.173602880979298391e+01
2.550000000000000000e+02 2.043073954231803953e+02 9.176595454368251126e+01
2.550000000000000000e+02 2.042898473743713623e+02 9.176647596584928124e+01
2.550000000000000000e+02 2.043065913609605957e+02 9.165474542902811095e+01
2.550000000000000000e+02 2.043958471404623651e+02 9.158211668161085584e+01
2.550000000000000000e+02 2.045357101087676881e+02 9.152594440762543115e+01
2.550000000000000000e+02 2.046989298662820147e+02 9.148533195586917088e+01
2.550000000000000000e+02 2.048561410861175034e+02 9.153709894351096921e+01
2.550000000000000000e+02 2.049027913141787849e+02 9.158102023312930839e+01
2.550000000000000000e+02 2.049471609293984500e+02 9.159172644341350633e+01
2.550000000000000000e+02 2.050448617987602802e+02 9.154917936922537081e+01
2.550000000000000000e+02 2.051344781879848824e+02 9.157998713500448673e+01
2.550000000000000000e+02 2.052655013449767978e+02 9.154552941405793831e+01
2.550000000000000000e+02 2.053188033604927796e+02 9.158874410354371776e+01
2.550000000000000000e+02 2.053490653385833014e+02 9.160000097462086899e+01
2.550000000000000000e+02 2.053849996101516524e+02 9.159808097150208539e+01
2.550000000000000000e+02 2.055771461151612129e+02 9.150708062063857540e+01
2.550000000000000000e+02 2.056088407859342624e+02 9.155831643990487123e+01
2.550000000000000000e+02 2.055928033994776172e+02 9.160231569919301364e+01
2.550000000000000000e+02 2.055593690304471579e+02 9.158780846750613591e+01
2.550000000000000000e+02 2.055777357607890394e+02 9.159142918404739930e+01
2.550000000000000000e+02 2.056399019531402246e+02 9.156138649565319554e+01
2.550000000000000000e+02 2.057114293789715873e+02 9.154287844528478502e+01
2.550000000000000000e+02 2.057531772640442966e+02 9.157080620638571133e+01
2.550000000000000000e+02 2.058337979026158848e+02 9.158940197263264338e+01
2.550000000000000000e+02 2.059076303068106597e+02 9.158571303263030927e+01
2.550000000000000000e+02 2.060287903005730641e+02 9.156677127597365029e+01
2.550000000000000000e+02 2.060615960391407668e+02 9.159969396904604366e+01
2.550000000000000000e+02 2.060315728431640139e+02 9.166167498343143905e+01
2.550000000000000000e+02 2.060064812288019880e+02 9.165595883201434901e+01
2.550000000000000000e+02 2.060578876067209819e+02 9.168720030408171340e+01
2.550000000000000000e+02 2.060392869673696907e+02 9.172132665393162654e+01
2.550000000000000000e+02 2.060282883708237591e+02 9.171629273712525787e+01
2.550000000000000000e+02 2.060106574792405638e+02 9.167246403648979935e+01
2.550000000000000000e+02 2.060589791820981702e+02 9.160203793224435742e+01
2.550000000000000000e+02 2.061343758527932550e+02 9.159444563564773034e+01
2.550000000000000000e+02 2.062257757982144994e+02 9.155803379985185586e+01
2.550000000000000000e+02 2.062634107832053303e+02 9.156389614439983404e+01
2.550000000000000000e+02 2.063121856847686217e+02 9.156818934934310050e+01
2.550000000000000000e+02 2.064616389224591728e+02 9.150700752407313132e+01
2.550000000000000000e+02 2.065674242719582026e+02 9.152948228139253217e+01
2.550000000000000000e+02 2.066530934466492511e+02 9.153502787415695252e+01
2.550000000000000000e+02 2.067500536041479791e+02 9.155493450547736245e+01
2.550000000000000000e+02 2.068274141359011367e+02 9.160543448598495786e+01
2.550000000000000000e+02 2.068118884254025147e+02 9.167061712993645983e+01
2.550000000000000000e+02 2.068033702389770383e+02 9.166819032396398370e+01
2.550000000000000000e+02 2.067883367120190314e+02 9.166314666094889674e+01
2.550000000000000000e+02 2.068016646524501994e+02 9.165380491988616996e+01
2.550000000000000000e+02 2.068394019726326576e+02 9.163717788780164142e+01
2.550000000000000000e+02 2.069219523605317477e+02 9.157275544813067825e+01
2.550000000000000000e+02 2.069567073408444173e+02 9.159727690928228583e+01
2.550000000000000000e+02 2.069704884799812987e+02 9.155674242719581457e+01
2.550000000000000000e+02 2.070356077735760891e+02 9.153052999883045970e+01
2.550000000000000000e+02 2.071416075396670635e+02 9.152852227983314037e+01
2.550000000000000000e+02 2.073491043234182030e+02 9.156455401348875967e+01
2.550000000000000000e+02 2.076135920626876157e+02 9.162455654750301903e+01
2.550000000000000000e+02 2.078538361077540912e+02 9.160327082764804629e+01
2.550000000000000000e+02 2.081527961872831440e+02 9.165877061323145369e+01
2.550000000000000000e+02 2.083000662742193185e+02 9.159724767065611672e+01
2.550000000000000000e+02 2.083094470001169611e+02 9.159157050407391409e+01
2.550000000000000000e+02 2.082868357958753904e+02 9.160899672527386883e+01
2.550000000000000000e+02 2.082670266266422345e+02 9.164865892167946981e+01
2.550000000000000000e+02 2.082556869127909351e+02 9.169607910023000841e+01
2.550000000000000000e+02 2.082276665627070997e+02 9.170330104089509859e+01
2.550000000000000000e+02 2.082191971073252432e+02 9.164951171494288928e+01
2.550000000000000000e+02 2.083056021207750064e+02 9.159798838251920472e+01
2.550000000000000000e+02 2.084485107793068437e+02 9.155923745662937563e+01
2.550000000000000000e+02 2.085156134263771435e+02 9.155343846243810901e+01
2.550000000000000000e+02 2.084997514716775129e+02 9.163296265252816397e+01
2.550000000000000000e+02 2.084902635374839122e+02 9.166361935207204681e+01
2.550000000000000000e+02 2.085257299910335007e+02 9.161207165412653808e+01
2.550000000000000000e+02 2.086863377646095614e+02 9.159455771704806182e+01
2.550000000000000000e+02 2.089024501968734171e+02 9.159134146816887778e+01
2.550000000000000000e+02 2.089035076605200629e+02 9.162277786441075023e+01
2.550000000000000000e+02 2.087871574207633216e+02 9.164614927293283131e+01
2.550000000000000000e+02 2.087342208880745318e+02 9.162239288916610747e+01
2.550000000000000000e+02 2.088481150832326136e+02 9.157574753420919933e+01
2.550000000000000000e+02 2.088908911933257855e+02 9.158516237183735598e+01
2.550000000000000000e+02 2.089038633971385082e+02 9.159152664613465333e+01
2.550000000000000000e+02 2.089182731667381461e+02 9.157000214416592598e+01
2.550000000000000000e+02 2.088473841175782582e+02 9.163666133873923059e+01
2.550000000000000000e+02 2.087691756656660687e+02 9.165872188218783378e+01
2.550000000000000000e+02 2.087491472067365805e+02 9.164822521539120714e+01
2.550000000000000000e+02 2.088104264940938037e+02 9.158026977505750210e+01
2.550000000000000000e+02 2.088721492339479937e+02 9.159222837316283972e+01
2.550000000000000000e+02 2.089509473314880381e+02 9.159258898288565831e+01
2.550000000000000000e+02 2.089824665705040729e+02 9.156484152664613418e+01
2.550000000000000000e+02 2.090388678803945197e+02 9.156602081790182979e+01
2.550000000000000000e+02 2.090705722973763159e+02 9.158095200966823768e+01
2.550000000000000000e+02 2.090981150832326136e+02 9.161400140345405418e+01
2.550000000000000000e+02 2.091123640403882860e+02 9.162676893688355051e+01
2.550000000000000000e+02 2.090954641144594746e+02 9.167809247202838208e+01
2.550000000000000000e+02 2.089643240029628544e+02 9.165272796382207332e+01
2.550000000000000000e+02 2.088811547308097261e+02 9.163021909477213001e+01
2.550000000000000000e+02 2.088520525515574491e+02 9.162567736150637643e+01
2.550000000000000000e+02 2.088414876612997659e+02 9.165720634673111533e+01
2.550000000000000000e+02 2.088603904331215233e+02 9.163269950489259941e+01
2.550000000000000000e+02 2.088440704066118201e+02 9.167533429495925645e+01
2.550000000000000000e+02 2.088854820474835208e+02 9.165286928384858811e+01
2.550000000000000000e+02 2.089543536314373569e+02 9.163979474484425225e+01
2.550000000000000000e+02 2.089769355970527442e+02 9.167063174924953728e+01
2.550000000000000000e+02 2.089845668784842587e+02 9.166690869751666071e+01
2.550000000000000000e+02 2.090624829441347288e+02 9.167043195197068428e+01
2.550000000000000000e+02 2.090961902070094709e+02 9.166381914935089981e+01
2.550000000000000000e+02 2.091406962691513058e+02 9.170167829714240781e+01
2.550000000000000000e+02 2.091624400608163512e+02 9.169347198939613008e+01
2.550000000000000000e+02 2.092201571088846492e+02 9.169849128688940709e+01
2.550000000000000000e+02 2.092443277065221707e+02 9.170649292425247268e+01
2.550000000000000000e+02 2.092263410783205302e+02 9.170471424116018966e+01
2.550000000000000000e+02 2.092421104440372801e+02 9.163534072745702019e+01
2.550000000000000000e+02 2.092725283614673799e+02 9.163362539472144874e+01
2.550000000000000000e+02 2.092836292932049389e+02 9.166144107442204358e+01
2.550000000000000000e+02 2.093004025184203272e+02 9.169055299988303886e+01
2.550000000000000000e+02 2.093204407235585336e+02 9.171719913453667061e+01
2.550000000000000000e+02 2.093776460956687799e+02 9.169731199563369728e+01
2.550000000000000000e+02 2.094563321118085071e+02 9.164520389068651696e+01
2.550000000000000000e+02 2.096182020194144400e+02 9.162529725936610703e+01
2.550000000000000000e+02 2.097671484542512985e+02 9.166204533936299015e+01
2.550000000000000000e+02 2.099420880277571939e+02 9.159197497173599345e+01
2.550000000000000000e+02 2.100290388288955512e+02 9.161738821098592211e+01
2.550000000000000000e+02 2.100785544423219449e+02 9.166399945421231621e+01
2.550000000000000000e+02 2.100249015632918770e+02 9.162693462243187525e+01
2.550000000000000000e+02 2.100597832443179698e+02 9.167414525749482834e+01
2.550000000000000000e+02 2.100801235819266424e+02 9.165816147518614798e+01
2.550000000000000000e+02 2.101525574051693752e+02 9.166982768702975193e+01
2.550000000000000000e+02 2.103069958286226608e+02 9.163819149350902649e+01
2.550000000000000000e+02 2.104285456707340813e+02 9.165755233714085648e+01
2.550000000000000000e+02 2.105841049081907101e+02 9.163462925422010130e+01
2.550000000000000000e+02 2.107100064324977495e+02 9.159519609371953663e+01
2.550000000000000000e+02 2.107981852559354365e+02 9.162430314607617277e+01
2.550000000000000000e+02 2.109278585630189866e+02 9.156877899497095541e+01
2.550000000000000000e+02 2.110185372889945938e+02 9.156454914038438631e+01
2.550000000000000000e+02 2.110841341468168935e+02 9.164064266500331257e+01
2.550000000000000000e+02 2.112234562005379814e+02 9.155553877041830901e+01
2.550000000000000000e+02 2.113910909906046527e+02 9.155477856613777021e+01
2.550000000000000000e+02 2.114999415227476618e+02 9.160613621301314424e+01
2.550000000000000000e+02 2.116376700713422565e+02 9.169758976258235350e+01
2.550000000000000000e+02 2.116162089197302123e+02 9.166827316673813186e+01
2.550000000000000000e+02 2.116637119410549417e+02 9.163901504814627685e+01
2.550000000000000000e+02 2.117511549257338856e+02 9.160964972125843531e+01
2.550000000000000000e+02 2.118127168531441384e+02 9.162824061440099399e+01
2.550000000000000000e+02 2.118769443686406078e+02 9.158778410198432596e+01
2.550000000000000000e+02 2.118739522825620725e+02 9.169705859420685101e+01
2.550000000000000000e+02 2.118913833768664006e+02 9.173992729328291773e+01
2.550000000000000000e+02 2.118956717087053221e+02 9.176027737710030863e+01
2.550000000000000000e+02 2.119234630228841070e+02 9.177150013644691740e+01
2.550000000000000000e+02 2.120380491988616427e+02 9.172951346926045346e+01
2.550000000000000000e+02 2.121369098670617177e+02 9.168753167517834868e+01
2.550000000000000000e+02 2.122125112081400289e+02 9.165525223188180348e+01
2.550000000000000000e+02 2.122661787064831742e+02 9.164919496315933145e+01
2.550000000000000000e+02 2.122912946863669958e+02 9.167919379361428867e+01
2.550000000000000000e+02 2.123174535105843859e+02 9.168667888191492921e+01
2.550000000000000000e+02 2.123497768118201918e+02 9.170830084597091059e+01
2.550000000000000000e+02 2.123580123581926671e+02 9.172500584772522814e+01
2.550000000000000000e+02 2.123307911972242721e+02 9.176140793731238432e+01
2.550000000000000000e+02 2.123534024014658428e+02 9.172900179330240178e+01
2.550000000000000000e+02 2.124237212974153124e+02 9.170356418853066316e+01
2.550000000000000000e+02 2.124871496237963413e+02 9.167099235897235587e+01
2.550000000000000000e+02 2.125601584733538516e+02 9.170762835756890752e+01
2.550000000000000000e+02 2.126242690343456445e+02 9.173255915948695360e+01
2.550000000000000000e+02 2.126936376749444548e+02 9.169736072667731719e+01
2.550000000000000000e+02 2.127822550777747495e+02 9.170580581653736374e+01
2.550000000000000000e+02 2.129002572999103222e+02 9.172177497953296665e+01
2.550000000000000000e+02 2.130153892635764805e+02 9.168211765623172482e+01
2.550000000000000000e+02 2.131260428443335684e+02 9.160547834392421862e+01
2.550000000000000000e+02 2.131503742544150271e+02 9.159739386378699066e+01
2.550000000000000000e+02 2.131541801489220802e+02 9.161518556781412315e+01
2.550000000000000000e+02 2.132090561771470902e+02 9.161082413940977176e+01
2.550000000000000000e+02 2.132388600834275394e+02 9.160295894896884761e+01
2.550000000000000000e+02 2.132606672254493105e+02 9.167195723363612103e+01
2.550000000000000000e+02 2.132871574207633216e+02 9.169085513235351925e+01
2.550000000000000000e+02 2.132737904954972521e+02 9.171906553350746094e+01
2.550000000000000000e+02 2.132571829558301886e+02 9.172983509414837044e+01
2.550000000000000000e+02 2.132571829558301886e+02 9.170942653307862713e+01
2.550000000000000000e+02 2.132588787961483092e+02 9.170369576234844544e+01
2.550000000000000000e+02 2.133210157498733111e+02 9.170037717827764823e+01
2.550000000000000000e+02 2.133386953725000978e+02 9.166386788039451972e+01
2.550000000000000000e+02 2.134211336789988707e+02 9.165904838018010992e+01
2.550000000000000000e+02 2.134844645432926598e+02 9.173003976453159680e+01
2.550000000000000000e+02 2.135722388990682532e+02 9.172208685821215113e+01
2.550000000000000000e+02 2.136710605824334266e+02 9.172256929554403371e+01
2.550000000000000000e+02 2.137256490975010763e+02 9.177532552337140714e+01
2.550000000000000000e+02 2.137427829324392690e+02 9.181911523917196405e+01
2.550000000000000000e+02 2.137555699582862303e+02 9.183109332969475247e+01
2.550000000000000000e+02 2.137494639585201242e+02 9.181868153288370138e+01
2.550000000000000000e+02 2.137496198978597306e+02 9.181810650656893813e+01
2.550000000000000000e+02 2.137471394877392754e+02 9.182200011695449859e+01
2.550000000000000000e+02 2.137787513157381909e+02 9.182973373357764046e+01
2.550000000000000000e+02 2.138173901602276601e+02 9.178996432887606716e+01
2.550000000000000000e+02 2.138231209309578560e+02 9.179367763440021122e+01
2.550000000000000000e+02 2.138684310553194905e+02 9.174124303146075476e+01
2.550000000000000000e+02 2.139298224240770310e+02 9.175096000155939180e+01
2.550000000000000000e+02 2.139671455303886773e+02 9.175702701649058213e+01
2.550000000000000000e+02 2.140016860941094023e+02 9.172369498265175025e+01
2.550000000000000000e+02 2.140161835795875334e+02 9.172831955869166620e+01
2.550000000000000000e+02 2.140425909321274105e+02 9.175376203656777818e+01
2.550000000000000000e+02 2.141190353202604228e+02 9.162425928813691201e+01
2.550000000000000000e+02 2.140901865424349921e+02 9.161857724845035023e+01
2.550000000000000000e+02 2.141197078086624401e+02 9.167080718100659453e+01
2.550000000000000000e+02 2.141638191493508998e+02 9.167108007485087739e+01
2.550000000000000000e+02 2.142044364742115192e+02 9.165794705859420333e+01
2.550000000000000000e+02 2.142186464465322899e+02 9.162788975088690790e+01
2.550000000000000000e+02 2.142102695801333141e+02 9.163052610034696954e+01
2.550000000000000000e+02 2.142090659233558085e+02 9.171169739971151103e+01
2.550000000000000000e+02 2.142387333827141163e+02 9.170046976726052890e+01
2.550000000000000000e+02 2.141992612373786642e+02 9.168825776772835923e+01
2.550000000000000000e+02 2.142980975400569150e+02 9.168770223383104678e+01
2.550000000000000000e+02 2.143582852520369499e+02 9.169253148025417488e+01
2.550000000000000000e+02 2.144366301508713093e+02 9.160333905110911701e+01
2.550000000000000000e+02 2.144922127792288791e+02 9.157734591244006594e+01
2.550000000000000000e+02 2.145199943471989457e+02 9.154454504697672235e+01
2.550000000000000000e+02 2.145549978558340740e+02 9.157071849050718981e+01
2.550000000000000000e+02 2.145225917118241057e+02 9.159725741686483502e+01
2.550000000000000000e+02 2.144686464465322899e+02 9.163574519511909955e+01
2.550000000000000000e+02 2.143582608865151542e+02 9.161084363182722257e+01
2.550000000000000000e+02 2.142697311995633811e+02 9.158257475342091425e+01
2.550000000000000000e+02 2.142108592257611690e+02 9.158887567736150004e+01
2.550000000000000000e+02 2.142283341780047579e+02 9.153056411056098796e+01
2.550000000000000000e+02 2.141983938248021389e+02 9.150063350356711567e+01
2.550000000000000000e+02 2.142016782971424220e+02 9.152221160968383629e+01
2.550000000000000000e+02 2.142457652723090860e+02 9.155534384624381516e+01
2.550000000000000000e+02 2.142658522084908839e+02 9.157663931230750620e+01
2.550000000000000000e+02 2.142472808077657760e+02 9.159254025184203840e+01
2.550000000000000000e+02 2.142712662274375361e+02 9.156100152040856699e+01
2.550000000000000000e+02 2.143169808194612358e+02 9.152500389848349016e+01
2.550000000000000000e+02 2.143182088417605655e+02 9.152122236949826117e+01
2.550000000000000000e+02 2.142604284433355417e+02 9.154555377957974827e+01
2.550000000000000000e+02 2.141794715605629449e+02 9.151829850688082502e+01
2.550000000000000000e+02 2.141516266422361809e+02 9.152451658804724843e+01
2.550000000000000000e+02 2.141659097111223673e+02 9.154602159759853919e+01
2.550000000000000000e+02 2.142262241238158254e+02 9.151455596273049764e+01
2.550000000000000000e+02 2.142346935791976819e+02 9.150017055865268389e+01
2.550000000000000000e+02 2.142164096916299627e+02 9.152199231998751827e+01
2.550000000000000000e+02 2.141374946395852135e+02 9.154225468792640186e+01
2.550000000000000000e+02 2.140984610736423406e+02 9.153731336010291386e+01
2.550000000000000000e+02 2.140553682117656251e+02 9.154867256637167827e+01
2.550000000000000000e+02 2.140637499512689601e+02 9.154234727690928253e+01
2.550000000000000000e+02 2.140861954699621776e+02 9.155039764531596802e+01
2.550000000000000000e+02 2.141269005107013470e+02 9.157494347198939977e+01
2.550000000000000000e+02 2.141434349538029664e+02 9.159107832053331322e+01
2.550000000000000000e+02 2.141146251608124373e+02 9.156797980585552921e+01
2.550000000000000000e+02 2.141047230127480532e+02 9.153909204319519688e+01
2.550000000000000000e+02 2.140925353787376650e+02 9.154982749210556392e+01
2.550000000000000000e+02 2.141011510272504097e+02 9.152078379010565357e+01
2.550000000000000000e+02 2.141296684339791909e+02 9.151781119644458329e+01
2.550000000000000000e+02 2.141276899536080407e+02 9.151606662508284273e+01
2.550000000000000000e+02 2.142081059217964309e+02 9.150778234766676178e+01
2.550000000000000000e+02 2.142999883045495437e+02 9.149912284121477057e+01
2.550000000000000000e+02 2.144046772055670260e+02 9.147247183345677968e+01
2.550000000000000000e+02 2.145151212428365284e+02 9.143751218276091208e+01
2.550000000000000000e+02 2.146364274297298209e+02 9.143295583018205264e+01
2.550000000000000000e+02 2.147300884955752167e+02 9.142374566293712235e+01
2.550000000000000000e+02 2.148278770808155684e+02 9.139791333671202267e+01
2.550000000000000000e+02 2.150954543682507563e+02 9.142767338505321106e+01
2.550000000000000000e+02 2.155305007602042906e+02 9.143876944368641091e+01
2.550000000000000000e+02 2.157504337062882485e+02 9.145730673268099054e+01
2.550000000000000000e+02 2.160395501150052553e+02 9.145273088768469449e+01
2.550000000000000000e+02 2.160428297142411509e+02 9.147774453237690295e+01
2.550000000000000000e+02 2.160790661182799965e+02 9.143898386027835556e+01
2.550000000000000000e+02 2.161516412615492584e+02 9.140225527269892325e+01
2.550000000000000000e+02 2.162088368874507864e+02 9.139809851467778401e+01
2.550000000000000000e+02 2.161847296401699623e+02 9.150410315387314597e+01
2.550000000000000000e+02 2.161737505360414673e+02 9.155641592920353844e+01
2.550000000000000000e+02 2.161576010681844764e+02 9.155360902109079291e+01
2.550000000000000000e+02 2.161065699193013927e+02 9.153194319909555077e+01
2.550000000000000000e+02 2.159549042922303101e+02 9.155646953335153171e+01
2.550000000000000000e+02 2.158941220615180612e+02 9.151600814783049032e+01
2.550000000000000000e+02 2.158437244162020932e+02 9.149463471209699605e+01
2.550000000000000000e+02 2.158030875989240087e+02 9.152918989513079850e+01
2.550000000000000000e+02 2.158044471950411207e+02 9.156278020350083580e+01
2.550000000000000000e+02 2.158436659389497549e+02 9.153989610541499644e+01
2.550000000000000000e+02 2.158808525983392599e+02 9.153319558691669044e+01
2.550000000000000000e+02 2.159009882655647061e+02 9.151773809987915342e+01
2.550000000000000000e+02 2.158541187478070924e+02 9.153996920198042631e+01
2.550000000000000000e+02 2.158432955830182038e+02 9.153672858757943231e+01
2.550000000000000000e+02 2.158306644965108489e+02 9.156353066157264209e+01
2.550000000000000000e+02 2.158857841799539869e+02 9.151918053877041359e+01
2.550000000000000000e+02 2.159665899964913649e+02 9.147176523332423415e+01
2.550000000000000000e+02 2.160959319324782655e+02 9.143129897469884781e+01
2.550000000000000000e+02 2.161832579626525330e+02 9.143953452107130886e+01
2.550000000000000000e+02 2.162227690928228867e+02 9.145208763790886053e+01
2.550000000000000000e+02 2.162254054422829483e+02 9.147158492846283195e+01
2.550000000000000000e+02 2.162521587852325524e+02 9.152057911972242721e+01
2.550000000000000000e+02 2.162729620677556568e+02 9.148708627343962974e+01
2.550000000000000000e+02 2.162641514950684325e+02 9.147084908970410311e+01
2.550000000000000000e+02 2.163053779579743434e+02 9.145169778955985862e+01
2.550000000000000000e+02 2.163235010330981254e+02 9.144400315777163257e+01
2.550000000000000000e+02 2.163427692877470747e+02 9.147793945655139680e+01
2.550000000000000000e+02 2.163704192818993306e+02 9.145982125453198819e+01
2.550000000000000000e+02 2.164146719426143193e+02 9.143825776772835923e+01
2.550000000000000000e+02 2.164759658492846199e+02 9.142422322716463157e+01
2.550000000000000000e+02 2.165525515574441613e+02 9.139803516432107244e+01
2.550000000000000000e+02 2.166098397723285700e+02 9.143756578690889114e+01
2.550000000000000000e+02 2.166747397762270566e+02 9.143138669057736934e+01
2.550000000000000000e+02 2.167101331332111727e+02 9.149370882226813251e+01
2.550000000000000000e+02 2.167443715644614315e+02 9.150976082803789780e+01
2.550000000000000000e+02 2.167533916806362413e+02 9.150049705664496003e+01
2.550000000000000000e+02 2.167901105220069269e+02 9.153191396046938166e+01
2.550000000000000000e+02 2.168028195781840850e+02 9.155614303535924137e+01
2.550000000000000000e+02 2.168305524151105317e+02 9.153506685899185413e+01
2.550000000000000000e+02 2.168101633464582392e+02 9.154887723675490463e+01
2.550000000000000000e+02 2.168014746013800504e+02 9.156402771821761633e+01
2.550000000000000000e+02 2.168598446454329292e+02 9.153879478382908985e+01
2.550000000000000000e+02 2.169839772328564322e+02 9.139520876379089032e+01
2.550000000000000000e+02 2.170862880589450583e+02 9.139946298389926937e+01
2.550000000000000000e+02 2.171720157108884734e+02 9.136019550894701524e+01
2.550000000000000000e+02 2.172494201005808634e+02 9.136887938092081640e+01
2.550000000000000000e+02 2.173164496510857191e+02 9.134380725897625553e+01
2.550000000000000000e+02 2.173645228256208384e+02 9.141465732330124183e+01
2.550000000000000000e+02 2.174099840162176918e+02 9.140388288955595897e+01
2.550000000000000000e+02 2.174644994347198974e+02 9.148100951229972111e+01
2.550000000000000000e+02 2.175153112939066773e+02 9.144430041713773960e+01
2.550000000000000000e+02 2.176050397645315968e+02 9.142871135628240609e+01
2.550000000000000000e+02 2.176568895949475575e+02 9.140575903473548181e+01
2.550000000000000000e+02 2.176913521889984793e+02 9.141762017075357960e+01
2.550000000000000000e+02 2.177117607500682368e+02 9.143791177731861808e+01
2.550000000000000000e+02 2.178059968422283816e+02 9.144934408015282656e+01
2.550000000000000000e+02 2.177589470196093657e+02 9.145030408171221836e+01
2.550000000000000000e+02 2.177937117461307537e+02 9.143097734981091662e+01
2.550000000000000000e+02 2.178381934427507645e+02 9.140794705859420333e+01
2.550000000000000000e+02 2.178730946161942938e+02 9.145005068028537210e+01
2.550000000000000000e+02 2.178640111496627867e+02 9.149137460527855126e+01
2.550000000000000000e+02 2.178367997349031100e+02 9.147199914233362961e+01
2.550000000000000000e+02 2.178360346575182120e+02 9.145857373981520766e+01
2.550000000000000000e+02 2.178424330435460661e+02 9.148878211375775038e+01
2.550000000000000000e+02 2.178894633737476170e+02 9.147835854352656781e+01
2.550000000000000000e+02 2.179168697126817733e+02 9.147823184281314468e+01
2.550000000000000000e+02 2.179643483684846501e+02 9.141849245643444988e+01
2.550000000000000000e+02 2.180257446103465782e+02 9.142636251997973318e+01
2.550000000000000000e+02 2.181400384000623660e+02 9.141100249502943598e+01
2.550000000000000000e+02 2.182280028069081084e+02 9.133258937273400591e+01
2.550000000000000000e+02 2.183416484737437031e+02 9.136107266773225888e+01
2.550000000000000000e+02 2.184830172312970262e+02 9.134666777123699433e+01
2.550000000000000000e+02 2.185486725663716925e+02 9.134218938832793810e+01
2.550000000000000000e+02 2.185847286655491075e+02 9.138306986082413630e+01
2.550000000000000000e+02 2.185922965966239246e+02 9.131437370862734326e+01
2.550000000000000000e+02 2.186282552337140714e+02 9.135892850181279812e+01
2.550000000000000000e+02 2.186238450742661144e+02 9.139825932712174961e+01
2.550000000000000000e+02 2.185886612607695554e+02 9.141377529141163905e+01
2.550000000000000000e+02 2.185807375930762930e+02 9.149694943666914071e+01
2.550000000000000000e+02 2.185725556508518252e+02 9.153793711746131123e+01
2.550000000000000000e+02 2.185512991696230074e+02 9.151363007290164830e+01
2.550000000000000000e+02 2.185651826439515162e+02 9.151788429301001315e+01
2.550000000000000000e+02 2.185621077150988185e+02 9.146537659350512683e+01
2.550000000000000000e+02 2.185654993957350598e+02 9.143076780632334533e+01
2.550000000000000000e+02 2.185287123309032893e+02 9.144044091848270739e+01
2.550000000000000000e+02 2.184703374137460514e+02 9.142199621847100843e+01
2.550000000000000000e+02 2.184599869400803129e+02 9.139775739737241622e+01
2.550000000000000000e+02 2.184268352111028832e+02 9.142746871466999892e+01
2.550000000000000000e+02 2.183950333320338473e+02 9.145232154691824178e+01
2.550000000000000000e+02 2.183567989552064148e+02 9.145507972398736740e+01
2.550000000000000000e+02 2.183432955830182038e+02 9.146957720946551262e+01
2.550000000000000000e+02 2.183470527464816087e+02 9.147715488674904805e+01
2.550000000000000000e+02 2.183628903356594151e+02 9.138629098280769369e+01
2.550000000000000000e+02 2.184070406611828048e+02 9.132588398113134076e+01
2.550000000000000000e+02 2.184432429534910796e+02 9.131308233597130197e+01
2.550000000000000000e+02 2.184971541070523529e+02 9.129863358153677666e+01
2.550000000000000000e+02 2.185093661065845367e+02 9.130135277377100067e+01
2.550000000000000000e+02 2.185192877470663859e+02 9.130509531792132805e+01
2.550000000000000000e+02 2.185530534871934947e+02 9.125353300066274187e+01
2.550000000000000000e+02 2.186057268722466915e+02 9.123459124400608289e+01
2.550000000000000000e+02 2.187138269463178801e+02 9.122735468402791525e+01
2.550000000000000000e+02 2.187893990487700364e+02 9.125264609566877994e+01
2.550000000000000000e+02 2.188274969786752990e+02 9.131601594479747064e+01
2.550000000000000000e+02 2.188390023780749232e+02 9.128999844060660962e+01
2.550000000000000000e+02 2.188664038439047204e+02 9.126708023079022780e+01
2.550000000000000000e+02 2.188874264161241285e+02 9.130867704962768983e+01
2.550000000000000000e+02 2.188971385131183922e+02 9.135660403103193516e+01
2.550000000000000000e+02 2.188799120891972905e+02 9.137661787064831742e+01
2.550000000000000000e+02 2.188613504346809009e+02 9.141147518615258605e+01
2.550000000000000000e+02 2.188270778917001280e+02 9.139498947409457230e+01
2.550000000000000000e+02 2.188548497134614763e+02 9.137242212779229078e+01
2.550000000000000000e+02 2.189201688043351055e+02 9.131356477330318455e+01
2.550000000000000000e+02 2.190253596351019496e+02 9.131486101906358499e+01
2.550000000000000000e+02 2.191141768352111114e+02 9.130535846555689261e+01
2.550000000000000000e+02 2.192020437799695856e+02 9.128141690382440743e+01
2.550000000000000000e+02 2.195186834821254536e+02 9.125177380998790966e+01
2.550000000000000000e+02 2.195183667303419099e+02 9.129601672449416583e+01
2.550000000000000000e+02 2.194965498421114205e+02 9.132000701727028513e+01
2.550000000000000000e+02 2.194819256559198379e+02 9.132214631008537253e+01
2.550000000000000000e+02 2.195047512767533533e+02 9.134224299247593137e+01
2.550000000000000000e+02 2.195047853884838673e+02 9.136215937000507381e+01
2.550000000000000000e+02 2.195370014814237152e+02 9.133951405403297485e+01
2.550000000000000000e+02 2.196052395618104640e+02 9.134733538653463825e+01
2.550000000000000000e+02 2.197234220888074674e+02 9.128797122919183948e+01
2.550000000000000000e+02 2.198437341624108115e+02 9.133147343183502187e+01
2.550000000000000000e+02 2.199438667108494769e+02 9.132510915753772451e+01
2.550000000000000000e+02 2.199865356126466907e+02 9.137637421543020366e+01
2.550000000000000000e+02 2.200581361350434690e+02 9.112954660637012694e+01
2.550000000000000000e+02 2.201065358075708502e+02 9.100755331176172547e+01
2.550000000000000000e+02 2.201798126778683127e+02 9.088097442594830966e+01
2.550000000000000000e+02 2.202285973256403224e+02 9.087278273751510937e+01
2.550000000000000000e+02 2.202964942887216750e+02 9.079910627265994094e+01
2.550000000000000000e+02 2.203405130404272825e+02 9.089603719153249983e+01
2.550000000000000000e+02 2.203745614206073924e+02 9.095702409262796095e+01
2.550000000000000000e+02 2.204276831312619436e+02 9.104598261276363758e+01
2.550000000000000000e+02 2.204717116291762409e+02 9.105490526685119335e+01
2.550000000000000000e+02 2.205226550621808030e+02 9.106622061518069700e+01
2.550000000000000000e+02 2.205671075201746589e+02 9.098679876028225522e+01
2.550000000000000000e+02 2.205828915052044863e+02 9.093595766246930623e+01
2.550000000000000000e+02 2.205713178823437772e+02 9.083083018205917369e+01
2.550000000000000000e+02 2.205531801879069178e+02 9.086606272659935257e+01
2.550000000000000000e+02 2.205151212428365284e+02 9.086843105531947629e+01
2.550000000000000000e+02 2.204948588748976590e+02 9.089436571673618914e+01
2.550000000000000000e+02 2.204743625979494084e+02 9.099188628123660294e+01
2.550000000000000000e+02 2.204603670422205823e+02 9.103588066742037199e+01
2.550000000000000000e+02 2.204714338622275989e+02 9.107749210557093988e+01
2.550000000000000000e+02 2.204516052005769779e+02 9.108418287786051337e+01
2.550000000000000000e+02 2.204405091419437781e+02 9.118129897469884781e+01
2.550000000000000000e+02 2.204454797083934352e+02 9.115491598768079484e+01
2.550000000000000000e+02 2.204293594791625992e+02 9.115396085922576219e+01
2.550000000000000000e+02 2.203954134341741167e+02 9.115966239132977478e+01
2.550000000000000000e+02 2.203732018244902804e+02 9.116398970800358370e+01
2.550000000000000000e+02 2.203585971307161628e+02 9.130186444972905235e+01
2.550000000000000000e+02 2.203626905383805763e+02 9.133631729757124162e+01
2.550000000000000000e+02 2.204002719192234281e+02 9.141467681571867843e+01
2.550000000000000000e+02 2.204568096760360163e+02 9.144084538614478674e+01
2.550000000000000000e+02 2.204886066820006931e+02 9.146836380647927456e+01
2.550000000000000000e+02 2.205373913297727313e+02 9.140595395890998986e+01
2.550000000000000000e+02 2.205647440645588802e+02 9.138591088066742429e+01
2.550000000000000000e+02 2.206196103465751719e+02 9.142136271490390698e+01
2.550000000000000000e+02 2.206883259911894299e+02 9.145626876145179551e+01
2.550000000000000000e+02 2.207478753264979900e+02 9.142385287123309467e+01
2.550000000000000000e+02 2.207967574363572680e+02 9.126202194846204918e+01
2.550000000000000000e+02 2.208318340415578405e+02 9.115160714981871592e+01
2.550000000000000000e+02 2.208764668044130701e+02 9.109293010019102610e+01
2.550000000000000000e+02 2.208886690577365357e+02 9.104880901329383391e+01
2.550000000000000000e+02 2.208737963432224944e+02 9.108359323223265847e+01
2.550000000000000000e+02 2.208751803048614022e+02 9.110935246189232828e+01
2.550000000000000000e+02 2.208641719621067523e+02 9.115196775954153452e+01
2.550000000000000000e+02 2.208826166621184370e+02 9.112634984990837950e+01
2.550000000000000000e+02 2.208626905383805763e+02 9.114631495848115605e+01
2.550000000000000000e+02 2.208800192974932770e+02 9.116819519706834285e+01
2.550000000000000000e+02 2.209250662742193185e+02 9.114723110210128709e+01
2.550000000000000000e+02 2.209069042142606634e+02 9.111829948150169400e+01
2.550000000000000000e+02 2.209406309695528421e+02 9.108764278195782538e+01
2.550000000000000000e+02 2.210737739269424083e+02 9.102094947565396410e+01
2.550000000000000000e+02 2.210737739269424083e+02 9.098249093602588289e+01
2.550000000000000000e+02 2.210940265486725593e+02 9.100666153366340438e+01
2.550000000000000000e+02 2.211383912907878937e+02 9.100003411173054246e+01
2.550000000000000000e+02 2.211329675256325231e+02 9.095804257143970517e+01
2.550000000000000000e+02 2.211616944758488899e+02 9.096241374605278907e+01
2.550000000000000000e+02 2.211960937195430859e+02 9.097465985731550120e+01
2.550000000000000000e+02 2.211955089470196185e+02 9.105606993879381150e+01
2.550000000000000000e+02 2.211435519083076713e+02 9.118077267942770447e+01
2.550000000000000000e+02 2.211410178940392086e+02 9.124525359635102006e+01
2.550000000000000000e+02 2.211391027640247842e+02 9.123619449534130865e+01
2.550000000000000000e+02 2.211596965030603030e+02 9.124622334411914437e+01
2.550000000000000000e+02 2.211769570387119472e+02 9.112784589294764714e+01
2.550000000000000000e+02 2.211892957389575542e+02 9.110205742466180823e+01
2.550000000000000000e+02 2.212381291177731839e+02 9.102809831975361021e+01
2.550000000000000000e+02 2.212801693891076411e+02 9.097420665860980193e+01
2.550000000000000000e+02 2.213181601107169172e+02 9.099941035437214509e+01
2.550000000000000000e+02 2.213581049471755477e+02 9.103217223500058708e+01
2.550000000000000000e+02 2.214008761841643604e+02 9.105889146621963448e+01
2.550000000000000000e+02 2.214467710810494623e+02 9.106121106389613828e+01
2.550000000000000000e+02 2.214533692643561551e+02 9.111037094070407250e+01
2.550000000000000000e+02 2.214457720946551831e+02 9.116776149078008018e+01
2.550000000000000000e+02 2.214586224708588418e+02 9.111731998752485140e+01
2.550000000000000000e+02 2.214784608787181810e+02 9.112295816927215242e+01
2.550000000000000000e+02 2.215280544618143495e+02 9.111301216326849328e+01
2.550000000000000000e+02 2.215753674320689299e+02 9.113806479279560335e+01
2.550000000000000000e+02 2.216217447662859286e+02 9.108742836536586651e+01
2.550000000000000000e+02 2.216701298195002039e+02 9.113015087131105929e+01
2.550000000000000000e+02 2.217038078437487911e+02 9.116322463061868575e+01
2.550000000000000000e+02 2.216903532026042001e+02 9.115322989357140671e+01
2.550000000000000000e+02 2.217414720673658053e+02 9.116378503762037155e+01
2.550000000000000000e+02 2.218407079646017621e+02 9.113108650734864113e+01
2.550000000000000000e+02 2.219284774472730248e+02 9.106816011071693140e+01
2.550000000000000000e+02 2.219906533858328999e+02 9.106366223539043858e+01
2.550000000000000000e+02 2.220378786402089588e+02 9.103340513040427595e+01
2.550000000000000000e+02 2.221214280145023565e+02 9.096904604109001014e+01
2.550000000000000000e+02 2.221751101321585793e+02 9.098652099333359899e+01
2.550000000000000000e+02 2.222147869478772861e+02 9.098309032786245609e+01
2.550000000000000000e+02 2.222563301625667691e+02 9.097196503060310135e+01
2.550000000000000000e+02 2.222647119020701041e+02 9.098533682897353003e+01
2.550000000000000000e+02 2.223329402362481062e+02 9.101681221005028988e+01
2.550000000000000000e+02 2.223341828778605134e+02 9.103598787571634432e+01
2.550000000000000000e+02 2.223160598027367314e+02 9.101859576624693204e+01
2.550000000000000000e+02 2.223294023624810052e+02 9.107877860512260781e+01
2.550000000000000000e+02 2.223686942029550551e+02 9.104462301664652557e+01
2.550000000000000000e+02 2.223686454719114352e+02 9.106915422400686566e+01
2.550000000000000000e+02 2.223844294569412625e+02 9.103488168102607858e+01
2.550000000000000000e+02 2.223951307941210871e+02 9.104117773186230522e+01
2.550000000000000000e+02 2.224482427585669200e+02 9.100667127987212268e+01
2.550000000000000000e+02 2.225623806089431298e+02 9.094971443608436346e+01
2.550000000000000000e+02 2.226611876729951973e+02 9.094755077774745189e+01
2.550000000000000000e+02 2.226875998986394336e+02 9.095865170948501088e+01
2.550000000000000000e+02 2.226778293243928033e+02 9.096832482164438716e+01
2.550000000000000000e+02 2.226462516081244303e+02 9.099553623640403544e+01
2.550000000000000000e+02 2.226436201317687278e+02 9.099886943978792431e+01
2.550000000000000000e+02 2.226303945265291873e+02 9.107210245214611177e+01
2.550000000000000000e+02 2.226145276987251975e+02 9.102767923277845341e+01
2.550000000000000000e+02 2.226242154301976655e+02 9.104413083310592469e+01
