2.550000000000000000e+02 2.450993672369346257e+02 1.656890607504622039e+02
2.550000000000000000e+02 2.448693070853839515e+02 1.657142931541806661e+02
2.550000000000000000e+02 2.448801525922453948e+02 1.657119495872718176e+02
2.550000000000000000e+02 2.447597974116605428e+02 1.656864437674140049e+02
2.550000000000000000e+02 2.447967606697393421e+02 1.654501210842902879e+02
2.550000000000000000e+02 2.449518006405749588e+02 1.653570554383772162e+02
2.550000000000000000e+02 2.449955342030570478e+02 1.651916777335104030e+02
2.550000000000000000e+02 2.449083535140483718e+02 1.649369580501523274e+02
2.550000000000000000e+02 2.449581543108611186e+02 1.649351092362575741e+02
2.550000000000000000e+02 2.450637580397364843e+02 1.649904043954899464e+02
2.550000000000000000e+02 2.450728068119678085e+02 1.650639923964273521e+02
2.550000000000000000e+02 2.450803973647892064e+02 1.650846808843059250e+02
2.550000000000000000e+02 2.451817045543317022e+02 1.651667187459313197e+02
2.550000000000000000e+02 2.452796265916725247e+02 1.652337707991563036e+02
2.550000000000000000e+02 2.452873213030231909e+02 1.652838710517407605e+02
2.550000000000000000e+02 2.453181001484259127e+02 1.654720855141525533e+02
2.550000000000000000e+02 2.453883160169778535e+02 1.654458896440382318e+02
2.550000000000000000e+02 2.454374007239017885e+02 1.652410098169413857e+02
2.550000000000000000e+02 2.454673983803348563e+02 1.649415540452568791e+02
2.550000000000000000e+02 2.454602765408952507e+02 1.647934406166184829e+02
2.550000000000000000e+02 2.455948493607270393e+02 1.650359216727859746e+02
2.550000000000000000e+02 2.456277634559799878e+02 1.651424367887925371e+02
2.550000000000000000e+02 2.455585891727208718e+02 1.655168736817436184e+02
2.550000000000000000e+02 2.454944665781319202e+02 1.656018670416373766e+02
2.550000000000000000e+02 2.455096997630393503e+02 1.658593208863890709e+02
2.550000000000000000e+02 2.454765773507278084e+02 1.659425695909173726e+02
2.550000000000000000e+02 2.454849100330703209e+02 1.660283831992292392e+02
2.550000000000000000e+02 2.455693175012368954e+02 1.662754732703174341e+02
2.550000000000000000e+02 2.456406791136109291e+02 1.662914876441944614e+02
2.550000000000000000e+02 2.456733718719891613e+02 1.664141733718719820e+02
2.550000000000000000e+02 2.457055177980886924e+02 1.664246803635132608e+02
2.550000000000000000e+02 2.457529229487279565e+02 1.666328151446501522e+02
2.550000000000000000e+02 2.457521808192068420e+02 1.663512095409212748e+02
2.550000000000000000e+02 2.457199567742103454e+02 1.661291956357576112e+02
2.550000000000000000e+02 2.457139936984089843e+02 1.659756399239642803e+02
2.550000000000000000e+02 2.456759497955888776e+02 1.658650626253157441e+02
2.550000000000000000e+02 2.455493971825117967e+02 1.657018592297476687e+02
2.550000000000000000e+02 2.454840116657552755e+02 1.657774913418222411e+02
2.550000000000000000e+02 2.454754967059865010e+02 1.657589901830586143e+02
2.550000000000000000e+02 2.454029893497903743e+02 1.656440772856287253e+02
2.550000000000000000e+02 2.453384501210842927e+02 1.655731062677394902e+02
2.550000000000000000e+02 2.452834674374397821e+02 1.655154154623336638e+02
2.550000000000000000e+02 2.452992214149936103e+02 1.654811082467515462e+02
2.550000000000000000e+02 2.453662995078509539e+02 1.654656146655209170e+02
2.550000000000000000e+02 2.454180923365362048e+02 1.654671510038278370e+02
2.550000000000000000e+02 2.454047470249720106e+02 1.654943103403379894e+02
2.550000000000000000e+02 2.454754706663541981e+02 1.656147436398198067e+02
2.550000000000000000e+02 2.455868421737885114e+02 1.657459443272661019e+02
2.550000000000000000e+02 2.456196651303283716e+02 1.657752779730750206e+02
2.550000000000000000e+02 2.455129677368955470e+02 1.655458557925162211e+02
2.550000000000000000e+02 2.456153816108116530e+02 1.655601645704762745e+02
2.550000000000000000e+02 2.457532224044996383e+02 1.657527146316693916e+02
2.550000000000000000e+02 2.457511262140978658e+02 1.659791943337760074e+02
2.550000000000000000e+02 2.456822774262427345e+02 1.660640835351404974e+02
2.550000000000000000e+02 2.457052443819493135e+02 1.661478660521313486e+02
2.550000000000000000e+02 2.457751217352810897e+02 1.663735124860037047e+02
2.550000000000000000e+02 2.457908626930187665e+02 1.664081842564382896e+02
2.550000000000000000e+02 2.457969038877170931e+02 1.664489753404681949e+02
2.550000000000000000e+02 2.459059839075072205e+02 1.665133062521157115e+02
2.550000000000000000e+02 2.460351795432648601e+02 1.668244538187120725e+02
2.550000000000000000e+02 2.461286488034788817e+02 1.670216779939067351e+02
2.550000000000000000e+02 2.461123610134625039e+02 1.670143478374085362e+02
2.550000000000000000e+02 2.461196781501445230e+02 1.669002551883967271e+02
2.550000000000000000e+02 2.461118272009999259e+02 1.668135301929536638e+02
2.550000000000000000e+02 2.460977918391792230e+02 1.666544801187407359e+02
2.550000000000000000e+02 2.461776163320573971e+02 1.666426711454834333e+02
2.550000000000000000e+02 2.462346561466551975e+02 1.667223524203838281e+02
2.550000000000000000e+02 2.462893654141603577e+02 1.671316954404603905e+02
2.550000000000000000e+02 2.463252350076816981e+02 1.677121839439627138e+02
2.550000000000000000e+02 2.462625445928703414e+02 1.677827643673671218e+02
2.550000000000000000e+02 2.463685389162305057e+02 1.679518266802072617e+02
2.550000000000000000e+02 2.463803348696716284e+02 1.681780329661745270e+02
2.550000000000000000e+02 2.463863890841861348e+02 1.679834127542119120e+02
2.550000000000000000e+02 2.463860245293336391e+02 1.674176236231544408e+02
2.550000000000000000e+02 2.464365674556675287e+02 1.673486836965861926e+02
2.550000000000000000e+02 2.464605499570346012e+02 1.673401166575527839e+02
2.550000000000000000e+02 2.465200635367028497e+02 1.675010936645574589e+02
2.550000000000000000e+02 2.465721428013436309e+02 1.678274223367966158e+02
2.550000000000000000e+02 2.465163659089133716e+02 1.681336874723328947e+02
2.550000000000000000e+02 2.463692159466708347e+02 1.679763429940369122e+02
2.550000000000000000e+02 2.462961877978282814e+02 1.678235033721323930e+02
2.550000000000000000e+02 2.461900893159388488e+02 1.676358097023669984e+02
2.550000000000000000e+02 2.460334999869801891e+02 1.671142749264380427e+02
2.550000000000000000e+02 2.457998073067208225e+02 1.666542587818659911e+02
2.550000000000000000e+02 2.456876546103169119e+02 1.662160508293623025e+02
2.550000000000000000e+02 2.456230502825300164e+02 1.660153633830690296e+02
2.550000000000000000e+02 2.455138270447621380e+02 1.659115173293753003e+02
2.550000000000000000e+02 2.454602505012629194e+02 1.656230372627138365e+02
2.550000000000000000e+02 2.456293258339192391e+02 1.657445251673046300e+02
2.550000000000000000e+02 2.456958570944978248e+02 1.658344790771554358e+02
2.550000000000000000e+02 2.455690701247298477e+02 1.657352159987501068e+02
2.550000000000000000e+02 2.455610889774236512e+02 1.655435773246881865e+02
2.550000000000000000e+02 2.455704632450589884e+02 1.653857250735619573e+02
2.550000000000000000e+02 2.454143816889305469e+02 1.648350779886987993e+02
2.550000000000000000e+02 2.452669192511001768e+02 1.645447230685102795e+02
2.550000000000000000e+02 2.452322084212170807e+02 1.644535452959404154e+02
2.550000000000000000e+02 2.452669583105486595e+02 1.643836028435278536e+02
2.550000000000000000e+02 2.452277296044579771e+02 1.647346040673905634e+02
2.550000000000000000e+02 2.451704424133531290e+02 1.649459807827513487e+02
2.550000000000000000e+02 2.452298127750436265e+02 1.650642137333020969e+02
2.550000000000000000e+02 2.452892742754472408e+02 1.651500924406947490e+02
2.550000000000000000e+02 2.453294664479337541e+02 1.652897560086451563e+02
2.550000000000000000e+02 2.452719449001380099e+02 1.652806551571491696e+02
2.550000000000000000e+02 2.453100669218550536e+02 1.652727521287399384e+02
2.550000000000000000e+02 2.453004062182641860e+02 1.652570632502668957e+02
2.550000000000000000e+02 2.452204385074082893e+02 1.651694268676926356e+02
2.550000000000000000e+02 2.451388563393484787e+02 1.650608936801812376e+02
2.550000000000000000e+02 2.451485430825716776e+02 1.649474650417936061e+02
2.550000000000000000e+02 2.451389084186131413e+02 1.648732260500481743e+02
2.550000000000000000e+02 2.450888602452933469e+02 1.647241621748300986e+02
2.550000000000000000e+02 2.450939249537796627e+02 1.644584147071843461e+02
2.550000000000000000e+02 2.451389474780615956e+02 1.646844517355415007e+02
2.550000000000000000e+02 2.451025701117100368e+02 1.648340754628544573e+02
2.550000000000000000e+02 2.450492800041663486e+02 1.649374397833502712e+02
2.550000000000000000e+02 2.450619873447386965e+02 1.649862120146863447e+02
2.550000000000000000e+02 2.450451266828112296e+02 1.650245293336458019e+02
2.550000000000000000e+02 2.450670650730411637e+02 1.651114626461474302e+02
2.550000000000000000e+02 2.452131734499908760e+02 1.653756607556701397e+02
2.550000000000000000e+02 2.452497721532172079e+02 1.653148582142020189e+02
2.550000000000000000e+02 2.452142410749160319e+02 1.652889357602270763e+02
2.550000000000000000e+02 2.452500065099080757e+02 1.653885243340363900e+02
2.550000000000000000e+02 2.453239590656980056e+02 1.654068432153738115e+02
2.550000000000000000e+02 2.454325052730255550e+02 1.655927141108767557e+02
2.550000000000000000e+02 2.454149936202900903e+02 1.656350936124781867e+02
2.550000000000000000e+02 2.453619769288857526e+02 1.656847642111293339e+02
2.550000000000000000e+02 2.453796968986797822e+02 1.658071504830351728e+02
2.550000000000000000e+02 2.453931073093247903e+02 1.657259589094601893e+02
2.550000000000000000e+02 2.453141421243132072e+02 1.654976434132750001e+02
2.550000000000000000e+02 2.453732911491289883e+02 1.653869749759133470e+02
2.550000000000000000e+02 2.453469650808530673e+02 1.652703955420149384e+02
2.550000000000000000e+02 2.452351378798531414e+02 1.649409681535296670e+02
2.550000000000000000e+02 2.450581595187875905e+02 1.646163841366559950e+02
2.550000000000000000e+02 2.449848970132541695e+02 1.646985521964429893e+02
2.550000000000000000e+02 2.451267479103194944e+02 1.648939145379267188e+02
2.550000000000000000e+02 2.451926151602739310e+02 1.650180324453818628e+02
2.550000000000000000e+02 2.450800328099367107e+02 1.649898185037627343e+02
2.550000000000000000e+02 2.450835221206676522e+02 1.650335130067963405e+02
2.550000000000000000e+02 2.450989375830013159e+02 1.650885087102570026e+02
2.550000000000000000e+02 2.450341900372366695e+02 1.650020310913209869e+02
2.550000000000000000e+02 2.449620472358930385e+02 1.647425331354321258e+02
2.550000000000000000e+02 2.450423013827044656e+02 1.648614170767908718e+02
2.550000000000000000e+02 2.451725386037549015e+02 1.649684009061791983e+02
2.550000000000000000e+02 2.450758534489492888e+02 1.649417884019477754e+02
2.550000000000000000e+02 2.450376272687029768e+02 1.648877952243314269e+02
2.550000000000000000e+02 2.450653073978595557e+02 1.648907246829674875e+02
2.550000000000000000e+02 2.450899148504023231e+02 1.649920318725099548e+02
2.550000000000000000e+02 2.449626591672525535e+02 1.648987058302736841e+02
2.550000000000000000e+02 2.449378564174673727e+02 1.647945733406244244e+02
2.550000000000000000e+02 2.449596906491680386e+02 1.647657865270942352e+02
2.550000000000000000e+02 2.449991406921334374e+02 1.647255422753430594e+02
2.550000000000000000e+02 2.449435981563940459e+02 1.645579121422805429e+02
2.550000000000000000e+02 2.448727443168502589e+02 1.645340468192589185e+02
2.550000000000000000e+02 2.448571595969064845e+02 1.645793297398640789e+02
2.550000000000000000e+02 2.449254355128505551e+02 1.647858761034294162e+02
2.550000000000000000e+02 2.448095331093925040e+02 1.647213498945394861e+02
2.550000000000000000e+02 2.446606905710491446e+02 1.644741166054735402e+02
2.550000000000000000e+02 2.445020310913209869e+02 1.641598442829987334e+02
2.550000000000000000e+02 2.443349998698018339e+02 1.641051870947582358e+02
2.550000000000000000e+02 2.442712418300653496e+02 1.640286826550009209e+02
2.550000000000000000e+02 2.442593937973595928e+02 1.640387860323412212e+02
2.550000000000000000e+02 2.442064942843007032e+02 1.640008462880504112e+02
2.550000000000000000e+02 2.440592662031612008e+02 1.637244095513371462e+02
2.550000000000000000e+02 2.439737390308048930e+02 1.634826185454261349e+02
2.550000000000000000e+02 2.438905684451735567e+02 1.632852771918860526e+02
2.550000000000000000e+02 2.438224227273910856e+02 1.631402364398614679e+02
2.550000000000000000e+02 2.436758977163242434e+02 1.630280446840090747e+02
2.550000000000000000e+02 2.435665833398432483e+02 1.628390360128115049e+02
2.550000000000000000e+02 2.435539280785355345e+02 1.628133348957112787e+02
2.550000000000000000e+02 2.435574694685311101e+02 1.628126708850871012e+02
2.550000000000000000e+02 2.435973752050620931e+02 1.628152748483191488e+02
2.550000000000000000e+02 2.435754888940968215e+02 1.628778350649688775e+02
2.550000000000000000e+02 2.436635158711559086e+02 1.629785563627841611e+02
2.550000000000000000e+02 2.436316954404603905e+02 1.630694737390307978e+02
2.550000000000000000e+02 2.434922792490170025e+02 1.629855089446137129e+02
2.550000000000000000e+02 2.433661823295055058e+02 1.629300575475874382e+02
2.550000000000000000e+02 2.434326224513709747e+02 1.629884904825143792e+02
2.550000000000000000e+02 2.434094081191573480e+02 1.629502773220842187e+02
2.550000000000000000e+02 2.432923469520610240e+02 1.630092180298414064e+02
2.550000000000000000e+02 2.432750566362003042e+02 1.628726141186886309e+02
2.550000000000000000e+02 2.434343150274718255e+02 1.631710803843449753e+02
2.550000000000000000e+02 2.435717652266750122e+02 1.634049813816628784e+02
2.550000000000000000e+02 2.434631539202666488e+02 1.632944822019113076e+02
2.550000000000000000e+02 2.434299533890581415e+02 1.631705335520662459e+02
2.550000000000000000e+02 2.435961904017915174e+02 1.632871911048615914e+02
2.550000000000000000e+02 2.436669791422545188e+02 1.632716714839986594e+02
2.550000000000000000e+02 2.435039450042965257e+02 1.632435877405411020e+02
2.550000000000000000e+02 2.434385334479077017e+02 1.629885035023305591e+02
2.550000000000000000e+02 2.434991537119495888e+02 1.627937400723901646e+02
2.550000000000000000e+02 2.434775798765721504e+02 1.624165169387808305e+02
2.550000000000000000e+02 2.432832330807488859e+02 1.620260786917688733e+02
2.550000000000000000e+02 2.433308465484467433e+02 1.619647162982058717e+02
2.550000000000000000e+02 2.434692211545973066e+02 1.619934249928390955e+02
2.550000000000000000e+02 2.434980470275759785e+02 1.623542952373512378e+02
2.550000000000000000e+02 2.435557248131656252e+02 1.625265474051506374e+02
2.550000000000000000e+02 2.435198291800119819e+02 1.626449626331276193e+02
2.550000000000000000e+02 2.435388771710543381e+02 1.627133036481524755e+02
2.550000000000000000e+02 2.435190219514100534e+02 1.627990651771997079e+02
2.550000000000000000e+02 2.435427440564539268e+02 1.627268963362237457e+02
2.550000000000000000e+02 2.435593182824258633e+02 1.625582897169491901e+02
2.550000000000000000e+02 2.435733796838788692e+02 1.625459208915970066e+02
2.550000000000000000e+02 2.435050386688539845e+02 1.622860063015910157e+02
2.550000000000000000e+02 2.433955420149467557e+02 1.622155560763482072e+02
2.550000000000000000e+02 2.434125849543004563e+02 1.624202536260187912e+02
2.550000000000000000e+02 2.435139963023722203e+02 1.626694789469572697e+02
2.550000000000000000e+02 2.434574121813400041e+02 1.626653907246829647e+02
2.550000000000000000e+02 2.434006197432492229e+02 1.625650730411686595e+02
2.550000000000000000e+02 2.433901387912402754e+02 1.626327240059370354e+02
2.550000000000000000e+02 2.433709085227716571e+02 1.625801109288336761e+02
2.550000000000000000e+02 2.432327422336796587e+02 1.623534880087493093e+02
2.550000000000000000e+02 2.431261880582246135e+02 1.621466942686769244e+02
2.550000000000000000e+02 2.431447412962529029e+02 1.621355102465953166e+02
2.550000000000000000e+02 2.432231596489857566e+02 1.623392703695023727e+02
2.550000000000000000e+02 2.430874931645965091e+02 1.620585240736400863e+02
2.550000000000000000e+02 2.431327370257531868e+02 1.621359399005285979e+02
2.550000000000000000e+02 2.431924068432153661e+02 1.621804806916126438e+02
2.550000000000000000e+02 2.432228601932140748e+02 1.621692836497148562e+02
2.550000000000000000e+02 2.431261229591438280e+02 1.620958518865713529e+02
2.550000000000000000e+02 2.431663932505273067e+02 1.619275447230685074e+02
2.550000000000000000e+02 2.432975809181574220e+02 1.620339036012811391e+02
2.550000000000000000e+02 2.433051454313465172e+02 1.621165013150014431e+02
2.550000000000000000e+02 2.432622841965471423e+02 1.622075098299611966e+02
2.550000000000000000e+02 2.431981355623258594e+02 1.620984818894357318e+02
2.550000000000000000e+02 2.433862979454730180e+02 1.623144155404525577e+02
2.550000000000000000e+02 2.434694815509205057e+02 1.624873577585084377e+02
2.550000000000000000e+02 2.434123766372418913e+02 1.625063146108377055e+02
2.550000000000000000e+02 2.432419472437049137e+02 1.623716506522928000e+02
2.550000000000000000e+02 2.432155690961643586e+02 1.622534046819259004e+02
2.550000000000000000e+02 2.431263182563862131e+02 1.624495221727469243e+02
2.550000000000000000e+02 2.429724370491888692e+02 1.625094133270838199e+02
2.550000000000000000e+02 2.428392833893185525e+02 1.623529541962867597e+02
2.550000000000000000e+02 2.427877118975080180e+02 1.623821706637502302e+02
2.550000000000000000e+02 2.428592948467567680e+02 1.622680910345546010e+02
2.550000000000000000e+02 2.427666979142254604e+02 1.622535478999036513e+02
2.550000000000000000e+02 2.427329896101867064e+02 1.622060516105512704e+02
2.550000000000000000e+02 2.428941228549852838e+02 1.624147462437830427e+02
2.550000000000000000e+02 2.429520610368981579e+02 1.625457125745384417e+02
2.550000000000000000e+02 2.428595031638153330e+02 1.624174543655443586e+02
2.550000000000000000e+02 2.428714293154180552e+02 1.622649011795953413e+02
2.550000000000000000e+02 2.429176366429705922e+02 1.620370023175272820e+02
2.550000000000000000e+02 2.428601801942556619e+02 1.618264328307684252e+02
2.550000000000000000e+02 2.427901075436814722e+02 1.615628075931567764e+02
2.550000000000000000e+02 2.427468426945811473e+02 1.615330052339660938e+02
2.550000000000000000e+02 2.428452074056714309e+02 1.617356716923156910e+02
2.550000000000000000e+02 2.429208525375621832e+02 1.619345103247142106e+02
2.550000000000000000e+02 2.428994870192432813e+02 1.620528864932427098e+02
2.550000000000000000e+02 2.429712262062859622e+02 1.621149259172460404e+02
2.550000000000000000e+02 2.431481915475353617e+02 1.624198500117178412e+02
2.550000000000000000e+02 2.431670312215191530e+02 1.626013071895424957e+02
2.550000000000000000e+02 2.431128818061089021e+02 1.627398510533031413e+02
2.550000000000000000e+02 2.431434913939015132e+02 1.631194307736374753e+02
2.550000000000000000e+02 2.432219227664505468e+02 1.632479363591386061e+02
2.550000000000000000e+02 2.433114079629195601e+02 1.634414759263599137e+02
2.550000000000000000e+02 2.432145795901361964e+02 1.631461474363981949e+02
2.550000000000000000e+02 2.432668801916516941e+02 1.631596489857563199e+02
2.550000000000000000e+02 2.434687654610316940e+02 1.632957711637111800e+02
2.550000000000000000e+02 2.434989453948910239e+02 1.633266020883785075e+02
2.550000000000000000e+02 2.435499700544228290e+02 1.634683227872822329e+02
2.550000000000000000e+02 2.436647657735072698e+02 1.635724943363799753e+02
2.550000000000000000e+02 2.438743457542379360e+02 1.637690284613181291e+02
2.550000000000000000e+02 2.441836965862042064e+02 1.640020831705856210e+02
2.550000000000000000e+02 2.443394656667447862e+02 1.643126708850871012e+02
2.550000000000000000e+02 2.443199489623206659e+02 1.642385620915032689e+02
2.550000000000000000e+02 2.444103325261047246e+02 1.644483634091086515e+02
2.550000000000000000e+02 2.444452646928625370e+02 1.646054214514491036e+02
2.550000000000000000e+02 2.443538135041533224e+02 1.644894018696456044e+02
2.550000000000000000e+02 2.442685727677525165e+02 1.644395750332005264e+02
2.550000000000000000e+02 2.442157253339582894e+02 1.641466161497799590e+02
2.550000000000000000e+02 2.442500846288050411e+02 1.642439913548420805e+02
2.550000000000000000e+02 2.442605135015493545e+02 1.642623362758117764e+02
2.550000000000000000e+02 2.443551675650339803e+02 1.643772101137931827e+02
2.550000000000000000e+02 2.443972736504960608e+02 1.643591516287789887e+02
2.550000000000000000e+02 2.443259641173866612e+02 1.643403900736921628e+02
2.550000000000000000e+02 2.443121761320730059e+02 1.643121240528083717e+02
2.550000000000000000e+02 2.443137124703799259e+02 1.641991641278025043e+02
2.550000000000000000e+02 2.443276697133036350e+02 1.643005754758742682e+02
2.550000000000000000e+02 2.443266541676431416e+02 1.643789808087909705e+02
2.550000000000000000e+02 2.444795328489961719e+02 1.646722261281670683e+02
2.550000000000000000e+02 2.445858787073926521e+02 1.647167018201703002e+02
2.550000000000000000e+02 2.445964768377470477e+02 1.645935734187433184e+02
2.550000000000000000e+02 2.446091971981355755e+02 1.645850714787907236e+02
2.550000000000000000e+02 2.445993281774861430e+02 1.646551311095487335e+02
2.550000000000000000e+02 2.446148347785329236e+02 1.646645053771840708e+02
2.550000000000000000e+02 2.446255891466812500e+02 1.646582298257948480e+02
2.550000000000000000e+02 2.445451266828112296e+02 1.645687706689581660e+02
2.550000000000000000e+02 2.445001952972424135e+02 1.644655495664401315e+02
2.550000000000000000e+02 2.444930734578027796e+02 1.644787646798427261e+02
2.550000000000000000e+02 2.444519308387365584e+02 1.643513527588990542e+02
2.550000000000000000e+02 2.445523396609639804e+02 1.645985730281488486e+02
2.550000000000000000e+02 2.446598963622633676e+02 1.647307502018071546e+02
2.550000000000000000e+02 2.447829857042418666e+02 1.648222144103325206e+02
2.550000000000000000e+02 2.447211285576647697e+02 1.647927375465458510e+02
2.550000000000000000e+02 2.448257818399604275e+02 1.648199229226883347e+02
2.550000000000000000e+02 2.449135484206962872e+02 1.649456032080827015e+02
2.550000000000000000e+02 2.449202926854672739e+02 1.649939327656693422e+02
2.550000000000000000e+02 2.449424003333072903e+02 1.649639090696039432e+02
2.550000000000000000e+02 2.450158841757154278e+02 1.652130823112777591e+02
2.550000000000000000e+02 2.450738093378121505e+02 1.652433664036663856e+02
2.550000000000000000e+02 2.450364424654324011e+02 1.651411087675442104e+02
2.550000000000000000e+02 2.449830221597271134e+02 1.648556883576803784e+02
2.550000000000000000e+02 2.451133244798583348e+02 1.647665026169830469e+02
2.550000000000000000e+02 2.452673098455849754e+02 1.647884279873968296e+02
2.550000000000000000e+02 2.451504049162825822e+02 1.646445069395620067e+02
2.550000000000000000e+02 2.451194047340051441e+02 1.644720464547040706e+02
2.550000000000000000e+02 2.451030388250918008e+02 1.644274145249069079e+02
2.550000000000000000e+02 2.450781058771450205e+02 1.643161992552665254e+02
2.550000000000000000e+02 2.450468583183605347e+02 1.642023019034971298e+02
2.550000000000000000e+02 2.451096398718850082e+02 1.643357159596906456e+02
2.550000000000000000e+02 2.450896284144467927e+02 1.643526677603312294e+02
2.550000000000000000e+02 2.450166002656042394e+02 1.643156394031716161e+02
2.550000000000000000e+02 2.449958857380933921e+02 1.643318881337395396e+02
2.550000000000000000e+02 2.449255917506444860e+02 1.643378512095409292e+02
2.550000000000000000e+02 2.447839491706376975e+02 1.641772127177564187e+02
2.550000000000000000e+02 2.447226128167070272e+02 1.639410462724266324e+02
2.550000000000000000e+02 2.446569538838111555e+02 1.638091685545400082e+02
2.550000000000000000e+02 2.445491237663724178e+02 1.637134989453948890e+02
2.550000000000000000e+02 2.444874098377731002e+02 1.635575475874280755e+02
2.550000000000000000e+02 2.445196989818503823e+02 1.634608624326224628e+02
2.550000000000000000e+02 2.445671431919381291e+02 1.635834960810353493e+02
2.550000000000000000e+02 2.445959430252844697e+02 1.637631304845975535e+02
2.550000000000000000e+02 2.446068275915943957e+02 1.638802176913262088e+02
2.550000000000000000e+02 2.447345910475744120e+02 1.641650001301981661e+02
2.550000000000000000e+02 2.448075671171523027e+02 1.642779340155717023e+02
2.550000000000000000e+02 2.448623024242897657e+02 1.641170872067286268e+02
2.550000000000000000e+02 2.448478374085357814e+02 1.638961539463062707e+02
2.550000000000000000e+02 2.448363799703148231e+02 1.638740853579147370e+02
2.550000000000000000e+02 2.448055230060151644e+02 1.638004062182641860e+02
2.550000000000000000e+02 2.448021248339973397e+02 1.637978282946644697e+02
2.550000000000000000e+02 2.448667942608650492e+02 1.637612295914381662e+02
2.550000000000000000e+02 2.448114079629195601e+02 1.637938051714709786e+02
2.550000000000000000e+02 2.446947634299403660e+02 1.636428534229096670e+02
2.550000000000000000e+02 2.446470327838970888e+02 1.635803713251568752e+02
2.550000000000000000e+02 2.445823633570294078e+02 1.634681535296721506e+02
2.550000000000000000e+02 2.445801499882821588e+02 1.633313803609092929e+02
2.550000000000000000e+02 2.445835091008515008e+02 1.632801473843189228e+02
2.550000000000000000e+02 2.445687185896935034e+02 1.632326641147826933e+02
2.550000000000000000e+02 2.445960341639976150e+02 1.632003619508892598e+02
2.550000000000000000e+02 2.446277374163476850e+02 1.633952034997265912e+02
2.550000000000000000e+02 2.446611853240632115e+02 1.636350545530297040e+02
2.550000000000000000e+02 2.447279379215165420e+02 1.637973465614665542e+02
2.550000000000000000e+02 2.447728302476369038e+02 1.638392703695023727e+02
2.550000000000000000e+02 2.447454886337004893e+02 1.638576413301044283e+02
2.550000000000000000e+02 2.447222222222222285e+02 1.640313256776814228e+02
2.550000000000000000e+02 2.447335885217300699e+02 1.641500403614300865e+02
2.550000000000000000e+02 2.446778376689321135e+02 1.642629221675389886e+02
2.550000000000000000e+02 2.445589927870218503e+02 1.644457854855089352e+02
2.550000000000000000e+02 2.446413821836835609e+02 1.646333229174803989e+02
2.550000000000000000e+02 2.447708772752128823e+02 1.648369137827774011e+02
2.550000000000000000e+02 2.446778246491159621e+02 1.646275030596567888e+02
2.550000000000000000e+02 2.447046715100382812e+02 1.645586542718016858e+02
2.550000000000000000e+02 2.447917089810691778e+02 1.646084941280629153e+02
2.550000000000000000e+02 2.447677915787829193e+02 1.646347811368903535e+02
2.550000000000000000e+02 2.446619014139520232e+02 1.643731349113350575e+02
2.550000000000000000e+02 2.447383798140770352e+02 1.646630080983256619e+02
2.550000000000000000e+02 2.447200479129234623e+02 1.647332760461422367e+02
2.550000000000000000e+02 2.447535218602713201e+02 1.648701012941697286e+02
2.550000000000000000e+02 2.447069369580501643e+02 1.648667552014165665e+02
2.550000000000000000e+02 2.445720516626305141e+02 1.646833710908001933e+02
2.550000000000000000e+02 2.445179022472202632e+02 1.643041429055021752e+02
2.550000000000000000e+02 2.445181105642788282e+02 1.640588495690440709e+02
2.550000000000000000e+02 2.444584407468166489e+02 1.638225399057365337e+02
2.550000000000000000e+02 2.443786943728354686e+02 1.637530922063380387e+02
2.550000000000000000e+02 2.443936020623388856e+02 1.638361846730724096e+02
2.550000000000000000e+02 2.444795068093638406e+02 1.639578157956409541e+02
2.550000000000000000e+02 2.444370231492331413e+02 1.639980860870244612e+02
2.550000000000000000e+02 2.444185089706533347e+02 1.639899356821081824e+02
2.550000000000000000e+02 2.444653282295653867e+02 1.641126474494180059e+02
2.550000000000000000e+02 2.444552378720412378e+02 1.641361482175871629e+02
2.550000000000000000e+02 2.443092076139884909e+02 1.644335859177668340e+02
2.550000000000000000e+02 2.443556753378642270e+02 1.646511470458037252e+02
2.550000000000000000e+02 2.443973778090253290e+02 1.648378512095409292e+02
2.550000000000000000e+02 2.443505976095617598e+02 1.648880295810223231e+02
2.550000000000000000e+02 2.442820222378460073e+02 1.649334166601567517e+02
2.550000000000000000e+02 2.443320573913496219e+02 1.647455537327813033e+02
2.550000000000000000e+02 2.444484285081894654e+02 1.645342941957659662e+02
2.550000000000000000e+02 2.444023904382470107e+02 1.643689295107153043e+02
2.550000000000000000e+02 2.444077155430565256e+02 1.641234538968309664e+02
2.550000000000000000e+02 2.444246673436971093e+02 1.641842173788506045e+02
2.550000000000000000e+02 2.444600812436528372e+02 1.642990000781188940e+02
2.550000000000000000e+02 2.444346405228758101e+02 1.644791943337760074e+02
2.550000000000000000e+02 2.445118740723380881e+02 1.647084342369085732e+02
2.550000000000000000e+02 2.445290862693018710e+02 1.646144051245996422e+02
2.550000000000000000e+02 2.444910293466656128e+02 1.646158242845611142e+02
2.550000000000000000e+02 2.444511236101346299e+02 1.645115876363825862e+02
2.550000000000000000e+02 2.445297242402937172e+02 1.644274926438038733e+02
2.550000000000000000e+02 2.445904616826810525e+02 1.644106189620602549e+02
2.550000000000000000e+02 2.445405827669713403e+02 1.643966617191365174e+02
2.550000000000000000e+02 2.445184230398666898e+02 1.643999427128088939e+02
2.550000000000000000e+02 2.444961721740488940e+02 1.643712600578079730e+02
2.550000000000000000e+02 2.443792021456657153e+02 1.641442465432388076e+02
2.550000000000000000e+02 2.442107127047366077e+02 1.639527380673384869e+02
2.550000000000000000e+02 2.439882561258235114e+02 1.638069812254250905e+02
2.550000000000000000e+02 2.439526208889930388e+02 1.635888211858448642e+02
2.550000000000000000e+02 2.438896179985938488e+02 1.635466500013019697e+02
2.550000000000000000e+02 2.438285811004348602e+02 1.634003593469260238e+02
2.550000000000000000e+02 2.438548420696299672e+02 1.633724709007108800e+02
2.550000000000000000e+02 2.440164310079941572e+02 1.635197120016665338e+02
2.550000000000000000e+02 2.440609327396297203e+02 1.635703460667135403e+02
2.550000000000000000e+02 2.441293518735515420e+02 1.637023930422102467e+02
2.550000000000000000e+02 2.442377158034528577e+02 1.637889748196755590e+02
2.550000000000000000e+02 2.443681873811941898e+02 1.638404161133244941e+02
2.550000000000000000e+02 2.444214123896570641e+02 1.639082884149675863e+02
2.550000000000000000e+02 2.444428430070567515e+02 1.639518787594719242e+02
2.550000000000000000e+02 2.444391714188995763e+02 1.639523344530375368e+02
2.550000000000000000e+02 2.443977944431424589e+02 1.639975783141942145e+02
2.550000000000000000e+02 2.443866625003254853e+02 1.639200062495117436e+02
2.550000000000000000e+02 2.444090565841210321e+02 1.639680623909590338e+02
2.550000000000000000e+02 2.443544254355128373e+02 1.639490925188136430e+02
2.550000000000000000e+02 2.443598286592193176e+02 1.636297685076686719e+02
2.550000000000000000e+02 2.443859594302528535e+02 1.632992083951774589e+02
2.550000000000000000e+02 2.443773923912194448e+02 1.630765565190219490e+02
2.550000000000000000e+02 2.443690857485092351e+02 1.629473348436320066e+02
2.550000000000000000e+02 2.444017394474390130e+02 1.630385126162018707e+02
2.550000000000000000e+02 2.443961930057547534e+02 1.633780303622112910e+02
2.550000000000000000e+02 2.443299221414993667e+02 1.633662734682186226e+02
2.550000000000000000e+02 2.443674322318568954e+02 1.635388901908705179e+02
2.550000000000000000e+02 2.444904043954899464e+02 1.639579590136187335e+02
2.550000000000000000e+02 2.444191599614613324e+02 1.639342889878394942e+02
2.550000000000000000e+02 2.443068900867119737e+02 1.638662995078509539e+02
2.550000000000000000e+02 2.444914199411504399e+02 1.639911074655625782e+02
2.550000000000000000e+02 2.447020154675415995e+02 1.643458323568471258e+02
2.550000000000000000e+02 2.449547040595786882e+02 1.648803218498554770e+02
2.550000000000000000e+02 2.449150196599223932e+02 1.648089732572975947e+02
2.550000000000000000e+02 2.449833346353149466e+02 1.650088795146212419e+02
2.550000000000000000e+02 2.450043225789651729e+02 1.651021144181444242e+02
2.550000000000000000e+02 2.448653230216389431e+02 1.650109366455745601e+02
2.550000000000000000e+02 2.448651407442126811e+02 1.649778012134468668e+02
2.550000000000000000e+02 2.449662916959612460e+02 1.651143921047834908e+02
2.550000000000000000e+02 2.448671197562690338e+02 1.642849647162982194e+02
2.550000000000000000e+02 2.447368434757701152e+02 1.637794443142462910e+02
2.550000000000000000e+02 2.447881545712574507e+02 1.636118011613675947e+02
2.550000000000000000e+02 2.449164518397000165e+02 1.634697679868760360e+02
2.550000000000000000e+02 2.448561440512459910e+02 1.632588209254485321e+02
2.550000000000000000e+02 2.447801213446866200e+02 1.638112777647579605e+02
2.550000000000000000e+02 2.448048589953909868e+02 1.641584381428534130e+02
2.550000000000000000e+02 2.449035231622529523e+02 1.645370674166080676e+02
2.550000000000000000e+02 2.448604405905788610e+02 1.644463713772361473e+02
2.550000000000000000e+02 2.449010884566309869e+02 1.645191000703070188e+02
2.550000000000000000e+02 2.450684451735541529e+02 1.648489180532770888e+02
2.550000000000000000e+02 2.450691742832591160e+02 1.650015363383068916e+02
2.550000000000000000e+02 2.450426789573731128e+02 1.651826419810952302e+02
2.550000000000000000e+02 2.452325208968049424e+02 1.654561101997239803e+02
2.550000000000000000e+02 2.454228185298023561e+02 1.657381063979376563e+02
2.550000000000000000e+02 2.454397182511783058e+02 1.655006770304403290e+02
2.550000000000000000e+02 2.454226492721922739e+02 1.653769366976538322e+02
2.550000000000000000e+02 2.454577376767440171e+02 1.653485274587922902e+02
2.550000000000000000e+02 2.456313048459755635e+02 1.655137879853136553e+02
2.550000000000000000e+02 2.457962398770929440e+02 1.657341874332734335e+02
2.550000000000000000e+02 2.457672968257688240e+02 1.655893680181235936e+02
2.550000000000000000e+02 2.457289144077285528e+02 1.653255474832695313e+02
2.550000000000000000e+02 2.458353644246543297e+02 1.653049631539202551e+02
2.550000000000000000e+02 2.458252480274978495e+02 1.653515610759576191e+02
2.550000000000000000e+02 2.458032966174517640e+02 1.653203525766216160e+02
2.550000000000000000e+02 2.458174231179855838e+02 1.654732312579746463e+02
2.550000000000000000e+02 2.458641382183683675e+02 1.654748717548108345e+02
2.550000000000000000e+02 2.458936020623388856e+02 1.656825638621982648e+02
2.550000000000000000e+02 2.459677238757388693e+02 1.657238236596099341e+02
2.550000000000000000e+02 2.460746426060464103e+02 1.658773272921386308e+02
2.550000000000000000e+02 2.460382652396948231e+02 1.659759654193682650e+02
2.550000000000000000e+02 2.459414108272791282e+02 1.659454079108402880e+02
2.550000000000000000e+02 2.457612426112543176e+02 1.659168684738171464e+02
2.550000000000000000e+02 2.458112387053094778e+02 1.659510064317891818e+02
2.550000000000000000e+02 2.458792281852980182e+02 1.659096294560320928e+02
2.550000000000000000e+02 2.458136994505637460e+02 1.656382834674374465e+02
2.550000000000000000e+02 2.457686769262818132e+02 1.655843944483503947e+02
2.550000000000000000e+02 2.458386584381428577e+02 1.655625211572012745e+02
2.550000000000000000e+02 2.458704267895737416e+02 1.655974793635913898e+02
2.550000000000000000e+02 2.458161471760018628e+02 1.654856651824076152e+02
2.550000000000000000e+02 2.458480847850428290e+02 1.653181912871390296e+02
2.550000000000000000e+02 2.459328047287972367e+02 1.651692315704502221e+02
2.550000000000000000e+02 2.459334817592375657e+02 1.651111111111111143e+02
2.550000000000000000e+02 2.459930213785381454e+02 1.650713355727417024e+02
2.550000000000000000e+02 2.460675337864229277e+02 1.652661250423143997e+02
2.550000000000000000e+02 2.461464208525375739e+02 1.655011978230867271e+02
2.550000000000000000e+02 2.461423586698955717e+02 1.655627034346275082e+02
2.550000000000000000e+02 2.460783141942035854e+02 1.655354529594042106e+02
2.550000000000000000e+02 2.461557951201729111e+02 1.656939041220738034e+02
2.550000000000000000e+02 2.461687628570684581e+02 1.657029268546728247e+02
2.550000000000000000e+02 2.460767127568158799e+02 1.654922922688331539e+02
2.550000000000000000e+02 2.460843814285342432e+02 1.653386584381428577e+02
2.550000000000000000e+02 2.460739916152383842e+02 1.651899851574095806e+02
2.550000000000000000e+02 2.461313699450563774e+02 1.650753326563028907e+02
2.550000000000000000e+02 2.460537718407416037e+02 1.650373278129312951e+02
2.550000000000000000e+02 2.460496575788349958e+02 1.653766502616983018e+02
2.550000000000000000e+02 2.460506340650470065e+02 1.655528864932427098e+02
2.550000000000000000e+02 2.460694216597661637e+02 1.657163633049501357e+02
2.550000000000000000e+02 2.459970184620993052e+02 1.656602088378512008e+02
2.550000000000000000e+02 2.459455250891857361e+02 1.656799338593339144e+02
2.550000000000000000e+02 2.458827956149259251e+02 1.659072338098586101e+02
2.550000000000000000e+02 2.457715022263885771e+02 1.659160612452152179e+02
2.550000000000000000e+02 2.456153555711793217e+02 1.657906934354086843e+02
2.550000000000000000e+02 2.456364737129911759e+02 1.658916881493633184e+02
2.550000000000000000e+02 2.456954534801968464e+02 1.659249798192849426e+02
2.550000000000000000e+02 2.457282113376559209e+02 1.657888967007785936e+02
2.550000000000000000e+02 2.456882405020441240e+02 1.655414290550217515e+02
2.550000000000000000e+02 2.456847772309454854e+02 1.653617425721948848e+02
2.550000000000000000e+02 2.457979584928260692e+02 1.654491315782621257e+02
2.550000000000000000e+02 2.458060958779261966e+02 1.654998047027575865e+02
2.550000000000000000e+02 2.457378069421659745e+02 1.654148243626800081e+02
2.550000000000000000e+02 2.457342004530896133e+02 1.656586464599119779e+02
2.550000000000000000e+02 2.457417910059109829e+02 1.657594719162565298e+02
2.550000000000000000e+02 2.457045022524281990e+02 1.657563211207457812e+02
2.550000000000000000e+02 2.456947894695726973e+02 1.656813139598468752e+02
2.550000000000000000e+02 2.456927453584355305e+02 1.657323255995625289e+02
2.550000000000000000e+02 2.457579746373981209e+02 1.658457672577663118e+02
2.550000000000000000e+02 2.456672395385777179e+02 1.657789365414160443e+02
2.550000000000000000e+02 2.456035986771866817e+02 1.656313699450563774e+02
2.550000000000000000e+02 2.455861260838996998e+02 1.656284404864203452e+02
2.550000000000000000e+02 2.454988282165455757e+02 1.651646355753456703e+02
2.550000000000000000e+02 2.452797437700179728e+02 1.646253287503580509e+02
2.550000000000000000e+02 2.451425279275056539e+02 1.644526990078900042e+02
2.550000000000000000e+02 2.451611592844309087e+02 1.643945394891024137e+02
2.550000000000000000e+02 2.451508606098481948e+02 1.644839726063067928e+02
2.550000000000000000e+02 2.451183631487123478e+02 1.644085097518423026e+02
2.550000000000000000e+02 2.451034814988412336e+02 1.644105538629794410e+02
2.550000000000000000e+02 2.450681326979662913e+02 1.645469754967059828e+02
2.550000000000000000e+02 2.451414212431320436e+02 1.646645183970002222e+02
2.550000000000000000e+02 2.451373851001223727e+02 1.645851626175038405e+02
2.550000000000000000e+02 2.450695127984792805e+02 1.644155274327526399e+02
2.550000000000000000e+02 2.449548602973725906e+02 1.641200296851808389e+02
2.550000000000000000e+02 2.448979246413040585e+02 1.641004478816759047e+02
2.550000000000000000e+02 2.448526937999635322e+02 1.640749550816342435e+02
2.550000000000000000e+02 2.447819441189490419e+02 1.640311694398875204e+02
2.550000000000000000e+02 2.447558003280993546e+02 1.637583131526182854e+02
2.550000000000000000e+02 2.448724188214462458e+02 1.639124938155873110e+02
2.550000000000000000e+02 2.448950863213811431e+02 1.637387704085618338e+02
2.550000000000000000e+02 2.447879462541988858e+02 1.636429055021743011e+02
2.550000000000000000e+02 2.448045465198031536e+02 1.636284665260526481e+02
2.550000000000000000e+02 2.448290888732651069e+02 1.637810978308986307e+02
2.550000000000000000e+02 2.447727911881884211e+02 1.641071791266307400e+02
2.550000000000000000e+02 2.447403067468687254e+02 1.643421998281384333e+02
2.550000000000000000e+02 2.447300080722860116e+02 1.644402390438247039e+02
2.550000000000000000e+02 2.447488086868213486e+02 1.645206233887977589e+02
2.550000000000000000e+02 2.447102179517225125e+02 1.646786188579017391e+02
2.550000000000000000e+02 2.446725125641225986e+02 1.645681196781501399e+02
2.550000000000000000e+02 2.447740541103559622e+02 1.647081608207692227e+02
2.550000000000000000e+02 2.448627450980392268e+02 1.647772960445798560e+02
2.550000000000000000e+02 2.448736817436137869e+02 1.647683514308778001e+02
2.550000000000000000e+02 2.447694971746998931e+02 1.644095513371351274e+02
2.550000000000000000e+02 2.447865140744212624e+02 1.639900528604536021e+02
2.550000000000000000e+02 2.448318490742910569e+02 1.639261646225555182e+02
2.550000000000000000e+02 2.448506627086425453e+02 1.637036689841939392e+02
2.550000000000000000e+02 2.447474806655729935e+02 1.636333880165612129e+02
2.550000000000000000e+02 2.448265760487462046e+02 1.637732859412025164e+02
2.550000000000000000e+02 2.448974689477384459e+02 1.638718199099028823e+02
2.550000000000000000e+02 2.448338411061635895e+02 1.639804963153920312e+02
2.550000000000000000e+02 2.447073535921672658e+02 1.638758169934640421e+02
2.550000000000000000e+02 2.448446735932088529e+02 1.640091399109444694e+02
2.550000000000000000e+02 2.449814467619717107e+02 1.640329791943337625e+02
2.550000000000000000e+02 2.447598234512928741e+02 1.638804390282009251e+02
2.550000000000000000e+02 2.445908913366143338e+02 1.635724162174830099e+02
2.550000000000000000e+02 2.447493555191000780e+02 1.637107387443689390e+02
2.550000000000000000e+02 2.448137254901960773e+02 1.637727391089237869e+02
2.550000000000000000e+02 2.446272947425982238e+02 1.637338749576856003e+02
2.550000000000000000e+02 2.445788219670338322e+02 1.636477098143374178e+02
2.550000000000000000e+02 2.447894565528734745e+02 1.638917272088118011e+02
2.550000000000000000e+02 2.449260734838424014e+02 1.641017238236595972e+02
2.550000000000000000e+02 2.448514178579798397e+02 1.639753144285602673e+02
2.550000000000000000e+02 2.447939744290810609e+02 1.641564981902455429e+02
2.550000000000000000e+02 2.447548629013358266e+02 1.641215269640392762e+02
2.550000000000000000e+02 2.447232638075150248e+02 1.641209150326797328e+02
2.550000000000000000e+02 2.446173996823164885e+02 1.640537978803739350e+02
2.550000000000000000e+02 2.445972319870843421e+02 1.640172382365960857e+02
2.550000000000000000e+02 2.446764445486029729e+02 1.641430617399682319e+02
2.550000000000000000e+02 2.447467775955003617e+02 1.642471291305366776e+02
2.550000000000000000e+02 2.445661146264614842e+02 1.640610889774236512e+02
2.550000000000000000e+02 2.446445590188266408e+02 1.641523969481550864e+02
2.550000000000000000e+02 2.447777647579616200e+02 1.643083352863057485e+02
2.550000000000000000e+02 2.447256985131369902e+02 1.641549227924901686e+02
2.550000000000000000e+02 2.446027003098716364e+02 1.639408119157357362e+02
2.550000000000000000e+02 2.447481446761971711e+02 1.641202249824232524e+02
2.550000000000000000e+02 2.448802567507746915e+02 1.641204983985626029e+02
2.550000000000000000e+02 2.447844178840194900e+02 1.641339348488399423e+02
2.550000000000000000e+02 2.447658906856235319e+02 1.640740436945030467e+02
2.550000000000000000e+02 2.448981980574434374e+02 1.641256933052105182e+02
2.550000000000000000e+02 2.450147123922610319e+02 1.641990599692732360e+02
2.550000000000000000e+02 2.449290680415592476e+02 1.641962607087988033e+02
2.550000000000000000e+02 2.450112361013462419e+02 1.642639507330156619e+02
2.550000000000000000e+02 2.451153295315470189e+02 1.642732989610186678e+02
2.550000000000000000e+02 2.451869645600604031e+02 1.642268051975106005e+02
2.550000000000000000e+02 2.451226206285967351e+02 1.641694138478764557e+02
2.550000000000000000e+02 2.451525271463166860e+02 1.643033486967163981e+02
2.550000000000000000e+02 2.452734291591802673e+02 1.644186782282634169e+02
2.550000000000000000e+02 2.453970002343566819e+02 1.648301825378225658e+02
2.550000000000000000e+02 2.452746400020831743e+02 1.649177798609483716e+02
2.550000000000000000e+02 2.451862094107231087e+02 1.648977423638778248e+02
2.550000000000000000e+02 2.452173788506106291e+02 1.648813504153321219e+02
2.550000000000000000e+02 2.451554956644012293e+02 1.648770668958154317e+02
2.550000000000000000e+02 2.449804572559435485e+02 1.648936801812358510e+02
2.550000000000000000e+02 2.449831002786240788e+02 1.648614170767908718e+02
2.550000000000000000e+02 2.450236179465146051e+02 1.648949691430356950e+02
2.550000000000000000e+02 2.450435512850558553e+02 1.650331484519438447e+02
2.550000000000000000e+02 2.450204671510038281e+02 1.650013019816160238e+02
2.550000000000000000e+02 2.451085201676952181e+02 1.649960549957034743e+02
2.550000000000000000e+02 2.452265708408197327e+02 1.650389552899513035e+02
2.550000000000000000e+02 2.452781032731817845e+02 1.649948571726167188e+02
2.550000000000000000e+02 2.453111736062286923e+02 1.650087883759081251e+02
2.550000000000000000e+02 2.453223315886779687e+02 1.650229409160742762e+02
2.550000000000000000e+02 2.452838970913730634e+02 1.649248626409395229e+02
2.550000000000000000e+02 2.452762674791031827e+02 1.650166002656042394e+02
2.550000000000000000e+02 2.453094940499440213e+02 1.651359919797932321e+02
2.550000000000000000e+02 2.453966226596880347e+02 1.649988282165455757e+02
2.550000000000000000e+02 2.453934328047288034e+02 1.651398198057443381e+02
2.550000000000000000e+02 2.454496653907246753e+02 1.651159805223550165e+02
2.550000000000000000e+02 2.455011848032705757e+02 1.650389032106866694e+02
2.550000000000000000e+02 2.454717990781970229e+02 1.649351873551545395e+02
2.550000000000000000e+02 2.454938676665885566e+02 1.649685571439731291e+02
2.550000000000000000e+02 2.455233966096398603e+02 1.649968752441215543e+02
2.550000000000000000e+02 2.455322761242611307e+02 1.651139364112178782e+02
2.550000000000000000e+02 2.455099080800979152e+02 1.652439913548420805e+02
2.550000000000000000e+02 2.455267817618415336e+02 1.652466473973387622e+02
2.550000000000000000e+02 2.455534723849699219e+02 1.652944952217274590e+02
2.550000000000000000e+02 2.455772856287269121e+02 1.653561570710621424e+02
2.550000000000000000e+02 2.455783011743874056e+02 1.655033460927531621e+02
2.550000000000000000e+02 2.455708017602791529e+02 1.655692914616045641e+02
2.550000000000000000e+02 2.456206806759888650e+02 1.656657292399031292e+02
2.550000000000000000e+02 2.456223211728250533e+02 1.657691326198473973e+02
2.550000000000000000e+02 2.454671510038278370e+02 1.655474962893523809e+02
2.550000000000000000e+02 2.454224669947660402e+02 1.651940473400515543e+02
2.550000000000000000e+02 2.454004765252714719e+02 1.648135041533213609e+02
2.550000000000000000e+02 2.452932062599276151e+02 1.646202119626071010e+02
2.550000000000000000e+02 2.451952972424029440e+02 1.643968309767465996e+02
2.550000000000000000e+02 2.452779991146524878e+02 1.643824180402572779e+02
2.550000000000000000e+02 2.453609874228575904e+02 1.643398172017811021e+02
2.550000000000000000e+02 2.453535140483816406e+02 1.641797515819076523e+02
2.550000000000000000e+02 2.453806082858110074e+02 1.641518631356925368e+02
2.550000000000000000e+02 2.454671119443793543e+02 1.641892430278884376e+02
2.550000000000000000e+02 2.455566101606645191e+02 1.643053407285889023e+02
2.550000000000000000e+02 2.454972528187902014e+02 1.645086060984818914e+02
2.550000000000000000e+02 2.454434028591516324e+02 1.646344165820378578e+02
2.550000000000000000e+02 2.454690779366195272e+02 1.648510793427596752e+02
2.550000000000000000e+02 2.454976954925396342e+02 1.651177121579043217e+02
2.550000000000000000e+02 2.454995312866182360e+02 1.651824727234851480e+02
2.550000000000000000e+02 2.455311173606228579e+02 1.652840923886154769e+02
2.550000000000000000e+02 2.456318907377027756e+02 1.653764028851912542e+02
2.550000000000000000e+02 2.457035387860323397e+02 1.655519360466630303e+02
2.550000000000000000e+02 2.456170741869124754e+02 1.655562716454443546e+02
2.550000000000000000e+02 2.455813347915527345e+02 1.655064968882639391e+02
2.550000000000000000e+02 2.457564513189073807e+02 1.655326016196651437e+02
2.550000000000000000e+02 2.458407676483608100e+02 1.655834179621383839e+02
2.550000000000000000e+02 2.457446814050985608e+02 1.654650027341614020e+02
2.550000000000000000e+02 2.457463739811993833e+02 1.654599901049397204e+02
2.550000000000000000e+02 2.458735385256360075e+02 1.655240736400801893e+02
2.550000000000000000e+02 2.458805041272817107e+02 1.656661588938364105e+02
2.550000000000000000e+02 2.457987527016118463e+02 1.655898888107699918e+02
2.550000000000000000e+02 2.457350988204046587e+02 1.655012759419836925e+02
2.550000000000000000e+02 2.457156992943259581e+02 1.654183787724917352e+02
2.550000000000000000e+02 2.456230112230815337e+02 1.654065958388667639e+02
2.550000000000000000e+02 2.455344113741113858e+02 1.652937400723901646e+02
2.550000000000000000e+02 2.454860167174439596e+02 1.650605681847772246e+02
2.550000000000000000e+02 2.454893107309324876e+02 1.650660234877483390e+02
2.550000000000000000e+02 2.454259953649454360e+02 1.648820665052209335e+02
2.550000000000000000e+02 2.453666640627034212e+02 1.648535010285654892e+02
2.550000000000000000e+02 2.454139259953649344e+02 1.651284274666041654e+02
2.550000000000000000e+02 2.453746582298257977e+02 1.651220347368695229e+02
2.550000000000000000e+02 2.453200661406660856e+02 1.651525531859490172e+02
2.550000000000000000e+02 2.452729995052469860e+02 1.652629872666198025e+02
2.550000000000000000e+02 2.452642762284196465e+02 1.653765981824336677e+02
2.550000000000000000e+02 2.452586516678384498e+02 1.650999010493971753e+02
2.550000000000000000e+02 2.452730385646954687e+02 1.648056271645444326e+02
2.550000000000000000e+02 2.452655912298518217e+02 1.646515246204723724e+02
2.550000000000000000e+02 2.452832070411165830e+02 1.645164049683618543e+02
2.550000000000000000e+02 2.452477150222638898e+02 1.644898836028435198e+02
2.550000000000000000e+02 2.453145327187980058e+02 1.645871546493763447e+02
2.550000000000000000e+02 2.455095565450615709e+02 1.647007004661094243e+02
2.550000000000000000e+02 2.454999088612868832e+02 1.646592453714553415e+02
2.550000000000000000e+02 2.454952477671015174e+02 1.646161888394135815e+02
2.550000000000000000e+02 2.455376402885191283e+02 1.646742832591203864e+02
2.550000000000000000e+02 2.455947582220138941e+02 1.651815873759862541e+02
2.550000000000000000e+02 2.455675468062391076e+02 1.653330989766424466e+02
2.550000000000000000e+02 2.455352967216102797e+02 1.653090643960107400e+02
2.550000000000000000e+02 2.456018149623727425e+02 1.654507460354659827e+02
2.550000000000000000e+02 2.456290263781475289e+02 1.654130146082337376e+02
2.550000000000000000e+02 2.455808790979871503e+02 1.656135718563653825e+02
2.550000000000000000e+02 2.454797021066062541e+02 1.656727078613649837e+02
2.550000000000000000e+02 2.454675806577611183e+02 1.656899851574095806e+02
2.550000000000000000e+02 2.453949040439549094e+02 1.657256334140562046e+02
2.550000000000000000e+02 2.451334921750904812e+02 1.654260474442100985e+02
2.550000000000000000e+02 2.450836783584615830e+02 1.650990547613467641e+02
2.550000000000000000e+02 2.451201989427909211e+02 1.648705830273676440e+02
2.550000000000000000e+02 2.450409863812722904e+02 1.646256021664974014e+02
2.550000000000000000e+02 2.448446866130250328e+02 1.643854386376064269e+02
2.550000000000000000e+02 2.447635991979793175e+02 1.642013644767336018e+02
2.550000000000000000e+02 2.449545738614170887e+02 1.646646616149780016e+02
2.550000000000000000e+02 2.450058849569043957e+02 1.650889904434549464e+02
2.550000000000000000e+02 2.448788896700778537e+02 1.650747858240241612e+02
2.550000000000000000e+02 2.449155534723849712e+02 1.650696169570085772e+02
2.550000000000000000e+02 2.450303231518371092e+02 1.652105564669426769e+02
2.550000000000000000e+02 2.450685883915319039e+02 1.649459156836705347e+02
2.550000000000000000e+02 2.450870765304793792e+02 1.647395646173476109e+02
2.550000000000000000e+02 2.452239017785068995e+02 1.647933624977215459e+02
2.550000000000000000e+02 2.453988360284352837e+02 1.650745384475171136e+02
2.550000000000000000e+02 2.454179360987422740e+02 1.650361169700283881e+02
2.550000000000000000e+02 2.453599588573809456e+02 1.650765044397573149e+02
2.550000000000000000e+02 2.454640262479493913e+02 1.652567898341275452e+02
2.550000000000000000e+02 2.456613415618571423e+02 1.654780485899539144e+02
2.550000000000000000e+02 2.456531651173085322e+02 1.655261958701143215e+02
2.550000000000000000e+02 2.455808530583548190e+02 1.653686170351274711e+02
2.550000000000000000e+02 2.456938650626253207e+02 1.655145431346509497e+02
2.550000000000000000e+02 2.458157696013332156e+02 1.655852277165846544e+02
2.550000000000000000e+02 2.458090123167460774e+02 1.655912819310991324e+02
2.550000000000000000e+02 2.457983100278624136e+02 1.657201130120042762e+02
2.550000000000000000e+02 2.458388537353852428e+02 1.656667187459313197e+02
2.550000000000000000e+02 2.459298882899773560e+02 1.657398901127515956e+02
2.550000000000000000e+02 2.459163737208030511e+02 1.657087467124964064e+02
2.550000000000000000e+02 2.458373304168945026e+02 1.656065281358227139e+02
2.550000000000000000e+02 2.459205530817904730e+02 1.656381662890919984e+02
2.550000000000000000e+02 2.459795719084446546e+02 1.657458141291045024e+02
2.550000000000000000e+02 2.459772934406166200e+02 1.657170012759419819e+02
2.550000000000000000e+02 2.459341457698617432e+02 1.654489362810197122e+02
2.550000000000000000e+02 2.459612920865557442e+02 1.656180376533083347e+02
2.550000000000000000e+02 2.458992266229200823e+02 1.654752883889279360e+02
2.550000000000000000e+02 2.457987396817956949e+02 1.652188500898367352e+02
2.550000000000000000e+02 2.457035778454808224e+02 1.653169544046038197e+02
2.550000000000000000e+02 2.457536260188006167e+02 1.654768117074187046e+02
2.550000000000000000e+02 2.458247272348514514e+02 1.658126578652709497e+02
2.550000000000000000e+02 2.457935447751477795e+02 1.659324401739447410e+02
2.550000000000000000e+02 2.457430799677108553e+02 1.659094471786058307e+02
2.550000000000000000e+02 2.458045334999869738e+02 1.658292060516105551e+02
2.550000000000000000e+02 2.458705309481030099e+02 1.658726010988724795e+02
2.550000000000000000e+02 2.458520688487878658e+02 1.658383720021873273e+02
2.550000000000000000e+02 2.458092596932531251e+02 1.658041429055021752e+02
2.550000000000000000e+02 2.458089602374814433e+02 1.658883029971616736e+02
2.550000000000000000e+02 2.458514048381636883e+02 1.661869385204281002e+02
2.550000000000000000e+02 2.457725568314975533e+02 1.662889357602270763e+02
2.550000000000000000e+02 2.457255292555269079e+02 1.663235033721323930e+02
2.550000000000000000e+02 2.457808244147592518e+02 1.664635835741999301e+02
2.550000000000000000e+02 2.458052495898757854e+02 1.664860297372601110e+02
2.550000000000000000e+02 2.457774392625576070e+02 1.661869124807957689e+02
2.550000000000000000e+02 2.457722052964612089e+02 1.660262739890112869e+02
2.550000000000000000e+02 2.458894878004322493e+02 1.660107804077806293e+02
2.550000000000000000e+02 2.459404603806994203e+02 1.659102934666562419e+02
2.550000000000000000e+02 2.459030544488711882e+02 1.659425435512850697e+02
2.550000000000000000e+02 2.459027159336510238e+02 1.661400932218837170e+02
2.550000000000000000e+02 2.460309350831966242e+02 1.665447881675910651e+02
2.550000000000000000e+02 2.460706064630367393e+02 1.666832669322709251e+02
2.550000000000000000e+02 2.459291591802723644e+02 1.665400619743249138e+02
2.550000000000000000e+02 2.459783350259094448e+02 1.666810275238913732e+02
2.550000000000000000e+02 2.460422493034398315e+02 1.669143947087466984e+02
2.550000000000000000e+02 2.459592089159700947e+02 1.671490899148504070e+02
2.550000000000000000e+02 2.459868109262297082e+02 1.672872952633908881e+02
2.550000000000000000e+02 2.460507252037601233e+02 1.674031846470327878e+02
2.550000000000000000e+02 2.462319350050777302e+02 1.677547457229903785e+02
2.550000000000000000e+02 2.462631825638621876e+02 1.676456136239356169e+02
2.550000000000000000e+02 2.462692888576413281e+02 1.675430435122256085e+02
2.550000000000000000e+02 2.463055490456474672e+02 1.675006119313595434e+02
2.550000000000000000e+02 2.463143895008202549e+02 1.674561752988047942e+02
2.550000000000000000e+02 2.462751738145457523e+02 1.674714605629768585e+02
2.550000000000000000e+02 2.463914147332239679e+02 1.676582688852433307e+02
2.550000000000000000e+02 2.464271411087675574e+02 1.677238106397937543e+02
2.550000000000000000e+02 2.463731739707835402e+02 1.675249329479467804e+02
2.550000000000000000e+02 2.463158347004140296e+02 1.674589224800145928e+02
2.550000000000000000e+02 2.463588391531911554e+02 1.673745150118480467e+02
2.550000000000000000e+02 2.463621461864958349e+02 1.675001041585292683e+02
2.550000000000000000e+02 2.463216805978699711e+02 1.674983595031638117e+02
2.550000000000000000e+02 2.462600578079837419e+02 1.674966278676145066e+02
2.550000000000000000e+02 2.462900945238653208e+02 1.676196521105121917e+02
2.550000000000000000e+02 2.463525896414342640e+02 1.676729422180558799e+02
2.550000000000000000e+02 2.463409499257870436e+02 1.677283805952660032e+02
2.550000000000000000e+02 2.463797750175767476e+02 1.678905814649897081e+02
2.550000000000000000e+02 2.466137150743431619e+02 1.682042027966565172e+02
2.550000000000000000e+02 2.466473452594849221e+02 1.683728224357471959e+02
2.550000000000000000e+02 2.466764705882353041e+02 1.684531286618232855e+02
2.550000000000000000e+02 2.468012394864984458e+02 1.683794365023565831e+02
2.550000000000000000e+02 2.468587089550295559e+02 1.682733510402833019e+02
2.550000000000000000e+02 2.468408067078092927e+02 1.682090591880842680e+02
2.550000000000000000e+02 2.468619508892534498e+02 1.682362445642267517e+02
2.550000000000000000e+02 2.469496653907246753e+02 1.683395047261932689e+02
2.550000000000000000e+02 2.469501341041064393e+02 1.683355597218967148e+02
2.550000000000000000e+02 2.468317058563133060e+02 1.683749056063328453e+02
2.550000000000000000e+02 2.467273390099731785e+02 1.683123453896830881e+02
2.550000000000000000e+02 2.468158086607816983e+02 1.683645678723016488e+02
2.550000000000000000e+02 2.468542691977189349e+02 1.683846183891883470e+02
2.550000000000000000e+02 2.467736895555034664e+02 1.682973075020180715e+02
2.550000000000000000e+02 2.467951462125354851e+02 1.684716037809546094e+02
2.550000000000000000e+02 2.468442569590917515e+02 1.686779548472775616e+02
2.550000000000000000e+02 2.468854386376064269e+02 1.687190844465276029e+02
2.550000000000000000e+02 2.469156576309142395e+02 1.687783506496888322e+02
2.550000000000000000e+02 2.469145639663568090e+02 1.687222482618545314e+02
2.550000000000000000e+02 2.469545348019686060e+02 1.687674791031950576e+02
2.550000000000000000e+02 2.469525688097284046e+02 1.688544514751451686e+02
2.550000000000000000e+02 2.468011223081529977e+02 1.686800640574955139e+02
2.550000000000000000e+02 2.467164544436632525e+02 1.685111189230007938e+02
2.550000000000000000e+02 2.467160768689946053e+02 1.681349634143165872e+02
2.550000000000000000e+02 2.466455355050386800e+02 1.680491107465562663e+02
2.550000000000000000e+02 2.465721297815274795e+02 1.677815274848319120e+02
2.550000000000000000e+02 2.466629299794286965e+02 1.678764549644558883e+02
2.550000000000000000e+02 2.467939223498164267e+02 1.680225112621409664e+02
2.550000000000000000e+02 2.466385568835767970e+02 1.677975548785251192e+02
2.550000000000000000e+02 2.465185662578444408e+02 1.674420357784547946e+02
2.550000000000000000e+02 2.466017628831080799e+02 1.673849178449600288e+02
2.550000000000000000e+02 2.467036950238262705e+02 1.675765434992057976e+02
2.550000000000000000e+02 2.465936775772726151e+02 1.674488972215712295e+02
2.550000000000000000e+02 2.465820118219930634e+02 1.674771241830065378e+02
2.550000000000000000e+02 2.465872457880894615e+02 1.674476993984845024e+02
2.550000000000000000e+02 2.465491237663724178e+02 1.674995963856990215e+02
2.550000000000000000e+02 2.465059500559852097e+02 1.673930422102440048e+02
2.550000000000000000e+02 2.464865765695388404e+02 1.672207770226284538e+02
2.550000000000000000e+02 2.465308960237481415e+02 1.673056011249121298e+02
2.550000000000000000e+02 2.464725542275343173e+02 1.672887795224331455e+02
2.550000000000000000e+02 2.464954430643439309e+02 1.672622972163632937e+02
2.550000000000000000e+02 2.465391245475613857e+02 1.672370517928286802e+02
2.550000000000000000e+02 2.465106892690675124e+02 1.673178006926542309e+02
2.550000000000000000e+02 2.465788610264823149e+02 1.672321303023201438e+02
2.550000000000000000e+02 2.466311095487331784e+02 1.671508736296643463e+02
2.550000000000000000e+02 2.466390906960393750e+02 1.670824154362940419e+02
2.550000000000000000e+02 2.465460120303101235e+02 1.668829127932713732e+02
2.550000000000000000e+02 2.465943415878967926e+02 1.669685180845246464e+02
2.550000000000000000e+02 2.466131552222482526e+02 1.668899825534463446e+02
2.550000000000000000e+02 2.465366117230424834e+02 1.667541077519985322e+02
2.550000000000000000e+02 2.463825482384188774e+02 1.665320808270187172e+02
2.550000000000000000e+02 2.462969038877170931e+02 1.663876650261698273e+02
2.550000000000000000e+02 2.462819441189490419e+02 1.663001718615733182e+02
2.550000000000000000e+02 2.462170533552066161e+02 1.665859568262896175e+02
2.550000000000000000e+02 2.461999713564044612e+02 1.666111241309272657e+02
2.550000000000000000e+02 2.462751347550972696e+02 1.669266203161211308e+02
2.550000000000000000e+02 2.463293362497721546e+02 1.671451058511053702e+02
2.550000000000000000e+02 2.462394604588183142e+02 1.671110199723979974e+02
2.550000000000000000e+02 2.461798557404369490e+02 1.667786370856443625e+02
2.550000000000000000e+02 2.462387834283779853e+02 1.667632476629430016e+02
2.550000000000000000e+02 2.461991901674348355e+02 1.666269692471942392e+02
2.550000000000000000e+02 2.461603520558289802e+02 1.665366507824909377e+02
2.550000000000000000e+02 2.460520532250084500e+02 1.664518657396557444e+02
2.550000000000000000e+02 2.461343514829570722e+02 1.665896023748144614e+02
2.550000000000000000e+02 2.462199697940264969e+02 1.667759159440668668e+02
2.550000000000000000e+02 2.461861703512746260e+02 1.667543030492409457e+02
2.550000000000000000e+02 2.461996198213681168e+02 1.667548498815196751e+02
2.550000000000000000e+02 2.462746920813478084e+02 1.668634351482957072e+02
2.550000000000000000e+02 2.462840793687993255e+02 1.671541676431528742e+02
2.550000000000000000e+02 2.462008306642710238e+02 1.672666067755123436e+02
2.550000000000000000e+02 2.462395646173476109e+02 1.674491185584459458e+02
2.550000000000000000e+02 2.463419264119990544e+02 1.676636330495013283e+02
2.550000000000000000e+02 2.463056271645444326e+02 1.676170090878316898e+02
2.550000000000000000e+02 2.461441814441580220e+02 1.670820118219930634e+02
2.550000000000000000e+02 2.461690362732078086e+02 1.667977631955836841e+02
2.550000000000000000e+02 2.461940863995000370e+02 1.667854204098638036e+02
2.550000000000000000e+02 2.461181938911022655e+02 1.665556076348202055e+02
2.550000000000000000e+02 2.460491758456370519e+02 1.662497591334010281e+02
2.550000000000000000e+02 2.460909303960628165e+02 1.662168840975965338e+02
2.550000000000000000e+02 2.460727026534385402e+02 1.662866963518475245e+02
2.550000000000000000e+02 2.459051376194568093e+02 1.659298492305288732e+02
2.550000000000000000e+02 2.459571908444652877e+02 1.659528031664193009e+02
2.550000000000000000e+02 2.460360909303960568e+02 1.660648907637424259e+02
2.550000000000000000e+02 2.459642996640887418e+02 1.660585240736400863e+02
2.550000000000000000e+02 2.458722756034684664e+02 1.661909095643569572e+02
2.550000000000000000e+02 2.459954040048954482e+02 1.665394370231492189e+02
2.550000000000000000e+02 2.460370413769757647e+02 1.667287191104861677e+02
2.550000000000000000e+02 2.459672681821732567e+02 1.666752988047808799e+02
2.550000000000000000e+02 2.459873577585084377e+02 1.664978907897820477e+02
2.550000000000000000e+02 2.459974741556649178e+02 1.663357289795067970e+02
2.550000000000000000e+02 2.460680155196208716e+02 1.662083040387469737e+02
2.550000000000000000e+02 2.461097440304142765e+02 1.661405358956331497e+02
2.550000000000000000e+02 2.459807306720828990e+02 1.659452646928625370e+02
2.550000000000000000e+02 2.459196807541077590e+02 1.660028253001067640e+02
2.550000000000000000e+02 2.459402520636408553e+02 1.661145223029450904e+02
2.550000000000000000e+02 2.459431945420930674e+02 1.661564591307970602e+02
2.550000000000000000e+02 2.459698981850376356e+02 1.662625966721349755e+02
2.550000000000000000e+02 2.460387599927088900e+02 1.663951384006457772e+02
2.550000000000000000e+02 2.461347550972580223e+02 1.663893185428221670e+02
2.550000000000000000e+02 2.460421842043590459e+02 1.661646746347941530e+02
2.550000000000000000e+02 2.458646590110147656e+02 1.658357289795067970e+02
2.550000000000000000e+02 2.459295497747571915e+02 1.659749628935239514e+02
2.550000000000000000e+02 2.459094211389735278e+02 1.658994870192432813e+02
2.550000000000000000e+02 2.458381636851287624e+02 1.659342889878394942e+02
2.550000000000000000e+02 2.459133791630862049e+02 1.661990860089055673e+02
2.550000000000000000e+02 2.459307866572924013e+02 1.663804520480170765e+02
2.550000000000000000e+02 2.459723328906595725e+02 1.665261047314012046e+02
2.550000000000000000e+02 2.461057469468531167e+02 1.666406270343462666e+02
2.550000000000000000e+02 2.461920813478113814e+02 1.667445642267531127e+02
2.550000000000000000e+02 2.462011431398588570e+02 1.666040153113038116e+02
2.550000000000000000e+02 2.462114287946254194e+02 1.665447621279587622e+02
2.550000000000000000e+02 2.462330807488998232e+02 1.665340988985235526e+02
2.550000000000000000e+02 2.462499934900919243e+02 1.665800067703044078e+02
2.550000000000000000e+02 2.462437960575996669e+02 1.668023722105043873e+02
2.550000000000000000e+02 2.462206728640991571e+02 1.668424992839101151e+02
2.550000000000000000e+02 2.461196130510637090e+02 1.669122073796318091e+02
2.550000000000000000e+02 2.460889253443741325e+02 1.668971825117829439e+02
2.550000000000000000e+02 2.461667187459313197e+02 1.669447829596646216e+02
2.550000000000000000e+02 2.462560346847902508e+02 1.667738067338489145e+02
2.550000000000000000e+02 2.462550191391297574e+02 1.667268702965914144e+02
2.550000000000000000e+02 2.462698487097362090e+02 1.665326667187459293e+02
2.550000000000000000e+02 2.463600630159102138e+02 1.665415852928156539e+02
2.550000000000000000e+02 2.464334817592375657e+02 1.665207275473270272e+02
2.550000000000000000e+02 2.464960029164388118e+02 1.666216832018331786e+02
2.550000000000000000e+02 2.464309559149024835e+02 1.664702757597062828e+02
2.550000000000000000e+02 2.464525948493607359e+02 1.664665260526521422e+02
2.550000000000000000e+02 2.464224149155014061e+02 1.663746972892742804e+02
2.550000000000000000e+02 2.464529854438455345e+02 1.664123896570580428e+02
2.550000000000000000e+02 2.464986198994870108e+02 1.669057755904486555e+02
2.550000000000000000e+02 2.465134234304611596e+02 1.671160456214358305e+02
2.550000000000000000e+02 2.463586829153972246e+02 1.670338515220165050e+02
2.550000000000000000e+02 2.462192276645053823e+02 1.668596594016092354e+02
2.550000000000000000e+02 2.461437517902247123e+02 1.668679660443194450e+02
2.550000000000000000e+02 2.460812176132073148e+02 1.664216597661641117e+02
2.550000000000000000e+02 2.460839647944171134e+02 1.661770434601463364e+02
2.550000000000000000e+02 2.460596698174621793e+02 1.660946801031169571e+02
2.550000000000000000e+02 2.460546832278728289e+02 1.659035492018852835e+02
2.550000000000000000e+02 2.459847537952764185e+02 1.658505585501132771e+02
2.550000000000000000e+02 2.459870192432882732e+02 1.659851964690258512e+02
2.550000000000000000e+02 2.459674114001510361e+02 1.660379006848423273e+02
2.550000000000000000e+02 2.459370752284977755e+02 1.659138088170195147e+02
2.550000000000000000e+02 2.459044996484649630e+02 1.659399265682368423e+02
2.550000000000000000e+02 2.459339504726193297e+02 1.659340155717001153e+02
2.550000000000000000e+02 2.459946488555581539e+02 1.660605161055125905e+02
2.550000000000000000e+02 2.458924302788844614e+02 1.659826185454261349e+02
2.550000000000000000e+02 2.458882639377131909e+02 1.658320443715334704e+02
2.550000000000000000e+02 2.458904642866442600e+02 1.659126109939327591e+02
2.550000000000000000e+02 2.458615472749524713e+02 1.659288467046845312e+02
2.550000000000000000e+02 2.457854724891284661e+02 1.660421581647267146e+02
2.550000000000000000e+02 2.457918912584954398e+02 1.661306408353514144e+02
2.550000000000000000e+02 2.457933624977215459e+02 1.662622321172825082e+02
2.550000000000000000e+02 2.457544202275863938e+02 1.663203135171731333e+02
2.550000000000000000e+02 2.457208681613415706e+02 1.662723615342551398e+02
2.550000000000000000e+02 2.456994115043095519e+02 1.659107882196703372e+02
2.550000000000000000e+02 2.457434054631148683e+02 1.657731948024893995e+02
2.550000000000000000e+02 2.457825690701247368e+02 1.657543941879540625e+02
2.550000000000000000e+02 2.457590162226909456e+02 1.657090982475327507e+02
2.550000000000000000e+02 2.457033695284222574e+02 1.655740176548707154e+02
2.550000000000000000e+02 2.457887144233523316e+02 1.655962424810561799e+02
2.550000000000000000e+02 2.458973517693930262e+02 1.658337629872666241e+02
2.550000000000000000e+02 2.458740723380985855e+02 1.659203708043642393e+02
2.550000000000000000e+02 2.459311121526964143e+02 1.658989532067807318e+02
2.550000000000000000e+02 2.459371142879462582e+02 1.659107621800380059e+02
2.550000000000000000e+02 2.458916751295471670e+02 1.658326823425253167e+02
2.550000000000000000e+02 2.458145457386141572e+02 1.656564591307970602e+02
2.550000000000000000e+02 2.458142853422909582e+02 1.656767700440069859e+02
2.550000000000000000e+02 2.458044033018253742e+02 1.656947243704918833e+02
2.550000000000000000e+02 2.458030883003931990e+02 1.656844126760930180e+02
2.550000000000000000e+02 2.458153659870322656e+02 1.657512954717079481e+02
2.550000000000000000e+02 2.457446553654662296e+02 1.657621019191209086e+02
2.550000000000000000e+02 2.457113897351769367e+02 1.656159154232742310e+02
2.550000000000000000e+02 2.457093586438559498e+02 1.656775772726089144e+02
2.550000000000000000e+02 2.457241361351977673e+02 1.656655469624768955e+02
2.550000000000000000e+02 2.456873421347290503e+02 1.654515532640679112e+02
2.550000000000000000e+02 2.457009869020649546e+02 1.651275290992891200e+02
2.550000000000000000e+02 2.456764054891544902e+02 1.649554722287321340e+02
2.550000000000000000e+02 2.456176861182720188e+02 1.648269796630471546e+02
2.550000000000000000e+02 2.455777152826602219e+02 1.646501705595916860e+02
2.550000000000000000e+02 2.455929745071999548e+02 1.648191938129833716e+02
2.550000000000000000e+02 2.456061505611540667e+02 1.649695075905528086e+02
2.550000000000000000e+02 2.456567846262010733e+02 1.651890998099106866e+02
2.550000000000000000e+02 2.456413821836835609e+02 1.653420045308960198e+02
2.550000000000000000e+02 2.457018462099315173e+02 1.654467359320886430e+02
2.550000000000000000e+02 2.457215582115980510e+02 1.655414420748379030e+02
2.550000000000000000e+02 2.456976408093117641e+02 1.656673306772908347e+02
2.550000000000000000e+02 2.456453922870609006e+02 1.656262140978569448e+02
2.550000000000000000e+02 2.456802463349217476e+02 1.657790537197614640e+02
2.550000000000000000e+02 2.456580735880009456e+02 1.658829388329036760e+02
2.550000000000000000e+02 2.456512512043329934e+02 1.656618883941358717e+02
2.550000000000000000e+02 2.456495195687836883e+02 1.653839934380126522e+02
2.550000000000000000e+02 2.456159675025388651e+02 1.653727703564825617e+02
2.550000000000000000e+02 2.455883524724631002e+02 1.652969038877170931e+02
2.550000000000000000e+02 2.455569877353331663e+02 1.652544853266671794e+02
2.550000000000000000e+02 2.455315860740046219e+02 1.652271827721792476e+02
2.550000000000000000e+02 2.455800588495690420e+02 1.652593807775434129e+02
2.550000000000000000e+02 2.455876494023904399e+02 1.652772960445798560e+02
2.550000000000000000e+02 2.455952008957633552e+02 1.653536182069109088e+02
2.550000000000000000e+02 2.456115798244928783e+02 1.653988360284352837e+02
2.550000000000000000e+02 2.456697523630966202e+02 1.651792698487097368e+02
2.550000000000000000e+02 2.455533421868083224e+02 1.648120198942791035e+02
2.550000000000000000e+02 2.454854438455328989e+02 1.647093326042236185e+02
2.550000000000000000e+02 2.455944327266099094e+02 1.647030179933859415e+02
2.550000000000000000e+02 2.456104471004869367e+02 1.647474155664922080e+02
2.550000000000000000e+02 2.454811342863838775e+02 1.648561310314298396e+02
2.550000000000000000e+02 2.453915839908340502e+02 1.650331224123115419e+02
2.550000000000000000e+02 2.454780485899539144e+02 1.652355935734187540e+02
2.550000000000000000e+02 2.455640314558758348e+02 1.652248912845350617e+02
2.550000000000000000e+02 2.454986329193031906e+02 1.652657604874619039e+02
2.550000000000000000e+02 2.454428299872405717e+02 1.652773871832929728e+02
2.550000000000000000e+02 2.455263260682759210e+02 1.654131578262114886e+02
2.550000000000000000e+02 2.455070697601749998e+02 1.654248105616748603e+02
2.550000000000000000e+02 2.454455641486342188e+02 1.654332343827305181e+02
2.550000000000000000e+02 2.455379267244746586e+02 1.655281097830898602e+02
2.550000000000000000e+02 2.456598963622633676e+02 1.655939640132281454e+02
2.550000000000000000e+02 2.456690102335755057e+02 1.655609848188943545e+02
2.550000000000000000e+02 2.456119704189776769e+02 1.655135536286227591e+02
2.550000000000000000e+02 2.456203031013202178e+02 1.654740515063927262e+02
2.550000000000000000e+02 2.456457047626487622e+02 1.653514048381636883e+02
2.550000000000000000e+02 2.456186235450355468e+02 1.652734551988125986e+02
2.550000000000000000e+02 2.455769861729552304e+02 1.652063510663229522e+02
2.550000000000000000e+02 2.456131422024321012e+02 1.652573496862224260e+02
2.550000000000000000e+02 2.456016326849464804e+02 1.652829857042418666e+02
2.550000000000000000e+02 2.456233367184855467e+02 1.652739369320105141e+02
2.550000000000000000e+02 2.456525141265005345e+02 1.652396166966122451e+02
2.550000000000000000e+02 2.457245397494987458e+02 1.652489128453506169e+02
2.550000000000000000e+02 2.457801083248704401e+02 1.652677264797021053e+02
2.550000000000000000e+02 2.458238158477202262e+02 1.652798479285472411e+02
2.550000000000000000e+02 2.459190688227482156e+02 1.654652631304846011e+02
2.550000000000000000e+02 2.459828529021170311e+02 1.658677577272608801e+02
2.550000000000000000e+02 2.459885555815951932e+02 1.660722339400567762e+02
2.550000000000000000e+02 2.460592271437127181e+02 1.662870478868838404e+02
2.550000000000000000e+02 2.462167929588834170e+02 1.664776319558367845e+02
2.550000000000000000e+02 2.462783766893211350e+02 1.665902273259901563e+02
2.550000000000000000e+02 2.461864177277816736e+02 1.663438403249746216e+02
2.550000000000000000e+02 2.461482436267999958e+02 1.662476238835507729e+02
2.550000000000000000e+02 2.460962685206884828e+02 1.660646043277868955e+02
2.550000000000000000e+02 2.459548863370049219e+02 1.658708304038746917e+02
2.550000000000000000e+02 2.459360987422857647e+02 1.657433794234825370e+02
2.550000000000000000e+02 2.460074082753951643e+02 1.658079316720047984e+02
2.550000000000000000e+02 2.459294065567794121e+02 1.658448168111866323e+02
2.550000000000000000e+02 2.457872952633908881e+02 1.655817253860375615e+02
2.550000000000000000e+02 2.457614639481290624e+02 1.655680936385178370e+02
2.550000000000000000e+02 2.457924901700388034e+02 1.655677811629299754e+02
2.550000000000000000e+02 2.457920084368408595e+02 1.656014504075202467e+02
2.550000000000000000e+02 2.457923599718772039e+02 1.655969325313126603e+02
2.550000000000000000e+02 2.458158997994948436e+02 1.657680910345546010e+02
2.550000000000000000e+02 2.457927505663620025e+02 1.657497461135848766e+02
2.550000000000000000e+02 2.457515819076634500e+02 1.656887352550581909e+02
2.550000000000000000e+02 2.457578834986850040e+02 1.656671744394969039e+02
2.550000000000000000e+02 2.458237116891909579e+02 1.659188735255058305e+02
2.550000000000000000e+02 2.458141030648647245e+02 1.658177616332057482e+02
2.550000000000000000e+02 2.457968257688201561e+02 1.659311251725125658e+02
2.550000000000000000e+02 2.458392313100538900e+02 1.658359893758300245e+02
2.550000000000000000e+02 2.459240554123375659e+02 1.658622373252089801e+02
2.550000000000000000e+02 2.458921568627451109e+02 1.657785589667473971e+02
2.550000000000000000e+02 2.459030544488711882e+02 1.658045725594354565e+02
2.550000000000000000e+02 2.459092779209957484e+02 1.658661693096893543e+02
2.550000000000000000e+02 2.459196156550269450e+02 1.658255474832695313e+02
2.550000000000000000e+02 2.459014399916673312e+02 1.658712600578079730e+02
2.550000000000000000e+02 2.459216858057964146e+02 1.658313803609092929e+02
2.550000000000000000e+02 2.459575293596854522e+02 1.658884462151394530e+02
2.550000000000000000e+02 2.458916621097310156e+02 1.658873785902142970e+02
2.550000000000000000e+02 2.458211988646720272e+02 1.658239200062495229e+02
2.550000000000000000e+02 2.458833033877561718e+02 1.656710543447126440e+02
2.550000000000000000e+02 2.459189776840350987e+02 1.656603129963804975e+02
2.550000000000000000e+02 2.459363200791604811e+02 1.656511340259875453e+02
2.550000000000000000e+02 2.458306642710204812e+02 1.655122386271905839e+02
2.550000000000000000e+02 2.457544202275863938e+02 1.652873733822878535e+02
2.550000000000000000e+02 2.456833059917194078e+02 1.650226154206702631e+02
2.550000000000000000e+02 2.456308882118584620e+02 1.648385412597974096e+02
2.550000000000000000e+02 2.455643178918313652e+02 1.646516157591854892e+02
2.550000000000000000e+02 2.455937687159857319e+02 1.647013774965497532e+02
2.550000000000000000e+02 2.455779756789834209e+02 1.647284456943467887e+02
2.550000000000000000e+02 2.455037366872379891e+02 1.646489466968726276e+02
2.550000000000000000e+02 2.454909382079524960e+02 1.647531963648673354e+02
2.550000000000000000e+02 2.455510897586126191e+02 1.646801291565762995e+02
2.550000000000000000e+02 2.454225841731114883e+02 1.644195896153946421e+02
2.550000000000000000e+02 2.453643595552430838e+02 1.643358070984037624e+02
2.550000000000000000e+02 2.453803999687524424e+02 1.643244407988959210e+02
2.550000000000000000e+02 2.453855558159518750e+02 1.643965966200557318e+02
2.550000000000000000e+02 2.453060568184777139e+02 1.642768794104627261e+02
2.550000000000000000e+02 2.453185818816238282e+02 1.643607140067182115e+02
2.550000000000000000e+02 2.453935760227065543e+02 1.644594432726609909e+02
2.550000000000000000e+02 2.453360674947269615e+02 1.645516886701559827e+02
2.550000000000000000e+02 2.453140509856000904e+02 1.646654948832122614e+02
2.550000000000000000e+02 2.452949899747415543e+02 1.646383225268859292e+02
2.550000000000000000e+02 2.453072806811967723e+02 1.646548967528578373e+02
2.550000000000000000e+02 2.454413066687498315e+02 1.649319714605629770e+02
2.550000000000000000e+02 2.455221467072884991e+02 1.652319610447100615e+02
2.550000000000000000e+02 2.455808790979871503e+02 1.653979506809363897e+02
2.550000000000000000e+02 2.456288701403536265e+02 1.655741218133999837e+02
2.550000000000000000e+02 2.456091971981355755e+02 1.655945238653230263e+02
2.550000000000000000e+02 2.456160846808843132e+02 1.656598442829987334e+02
2.550000000000000000e+02 2.456505741738926645e+02 1.653086738015259129e+02
2.550000000000000000e+02 2.455905658412103207e+02 1.650677551232976725e+02
2.550000000000000000e+02 2.454869801838397905e+02 1.648099367236934540e+02
2.550000000000000000e+02 2.454461760799937622e+02 1.647110772595891035e+02
2.550000000000000000e+02 2.454255657110121547e+02 1.646701429575814473e+02
2.550000000000000000e+02 2.454606150561154152e+02 1.647371689711741283e+02
2.550000000000000000e+02 2.454503424211650042e+02 1.647727391089237869e+02
2.550000000000000000e+02 2.455442673749446669e+02 1.647310496575788363e+02
2.550000000000000000e+02 2.455298804780876480e+02 1.648351821472280676e+02
2.550000000000000000e+02 2.455130588756086638e+02 1.648157696013332156e+02
2.550000000000000000e+02 2.455077077311668461e+02 1.647790406999453126e+02
2.550000000000000000e+02 2.455677941827461268e+02 1.648138817279900081e+02
2.550000000000000000e+02 2.455132802124834086e+02 1.646624612660469325e+02
2.550000000000000000e+02 2.454023253391662251e+02 1.644731661588938323e+02
2.550000000000000000e+02 2.453798531364737130e+02 1.643385282399812581e+02
2.550000000000000000e+02 2.455057677785589760e+02 1.645067182251386555e+02
2.550000000000000000e+02 2.455072910970497162e+02 1.645588625888602508e+02
2.550000000000000000e+02 2.454332734421790008e+02 1.645691873030752674e+02
2.550000000000000000e+02 2.454522302945082401e+02 1.645710361169700207e+02
2.550000000000000000e+02 2.455160404135093586e+02 1.646834882691456414e+02
2.550000000000000000e+02 2.454497174699893378e+02 1.647823737728823232e+02
2.550000000000000000e+02 2.454108012394864886e+02 1.647471161107205262e+02
2.550000000000000000e+02 2.454723198708434211e+02 1.648935890425227058e+02
2.550000000000000000e+02 2.455027081217613159e+02 1.650039189646642228e+02
2.550000000000000000e+02 2.454576855974793546e+02 1.649649766945290708e+02
2.550000000000000000e+02 2.454293674973309294e+02 1.647218446475535814e+02
2.550000000000000000e+02 2.454874619170377343e+02 1.644289638830299793e+02
2.550000000000000000e+02 2.455855011327240049e+02 1.643327995208707648e+02
2.550000000000000000e+02 2.455517016899721341e+02 1.640181496237273109e+02
2.550000000000000000e+02 2.455006900502564804e+02 1.640175116527354646e+02
2.550000000000000000e+02 2.455450746035465954e+02 1.643158086607816983e+02
2.550000000000000000e+02 2.456271645444366243e+02 1.646164882951852633e+02
2.550000000000000000e+02 2.455854230138270395e+02 1.647504101242090542e+02
2.550000000000000000e+02 2.455476655469624632e+02 1.648069942452412704e+02
2.550000000000000000e+02 2.455932869827878164e+02 1.649841418639168751e+02
2.550000000000000000e+02 2.456654688435799301e+02 1.649995963856990215e+02
2.550000000000000000e+02 2.456085722469598807e+02 1.649612269874749302e+02
2.550000000000000000e+02 2.456351717313751521e+02 1.648389839335468707e+02
2.550000000000000000e+02 2.456690362732078086e+02 1.649219071426711594e+02
2.550000000000000000e+02 2.456855323802827797e+02 1.649091737624664802e+02
2.550000000000000000e+02 2.456360180194255634e+02 1.648386844777751605e+02
2.550000000000000000e+02 2.455863995000390503e+02 1.647564773585396836e+02
2.550000000000000000e+02 2.455963987188500823e+02 1.647771007473374425e+02
2.550000000000000000e+02 2.455828320704111718e+02 1.646578782907585321e+02
2.550000000000000000e+02 2.454510194516053332e+02 1.645658672499544366e+02
2.550000000000000000e+02 2.454302919042783060e+02 1.645566231804806989e+02
2.550000000000000000e+02 2.455337603833033882e+02 1.648375647735853988e+02
2.550000000000000000e+02 2.456072702653438569e+02 1.649938286071400739e+02
2.550000000000000000e+02 2.455582897169491901e+02 1.650284613181261761e+02
2.550000000000000000e+02 2.455459078717808552e+02 1.649885555815951932e+02
2.550000000000000000e+02 2.455683930942895188e+02 1.643465354269197860e+02
2.550000000000000000e+02 2.457080176027914433e+02 1.641881884227794615e+02
2.550000000000000000e+02 2.457274692081347780e+02 1.639877743926255675e+02
2.550000000000000000e+02 2.456974194724370477e+02 1.638296096659115051e+02
2.550000000000000000e+02 2.458079577116371013e+02 1.638590865296982031e+02
2.550000000000000000e+02 2.458768455589407154e+02 1.641539723459104891e+02
2.550000000000000000e+02 2.458778350649688775e+02 1.642366481785277301e+02
2.550000000000000000e+02 2.458593729656537334e+02 1.643086868213420928e+02
2.550000000000000000e+02 2.458971174127021300e+02 1.643093378121500905e+02
2.550000000000000000e+02 2.459083274744160690e+02 1.643919355258703661e+02
2.550000000000000000e+02 2.458909590396583553e+02 1.644670728849308716e+02
2.550000000000000000e+02 2.458903210686665091e+02 1.647244486107856289e+02
2.550000000000000000e+02 2.459654063484623521e+02 1.650894070775720763e+02
2.550000000000000000e+02 2.460258703747103084e+02 1.653199880217691202e+02
2.550000000000000000e+02 2.460187094758221917e+02 1.653263807515037911e+02
2.550000000000000000e+02 2.460644871494414474e+02 1.652105174074941942e+02
2.550000000000000000e+02 2.460353748405072452e+02 1.649611879280264475e+02
2.550000000000000000e+02 2.460186053172929235e+02 1.649011014764471668e+02
2.550000000000000000e+02 2.459760956175298929e+02 1.648346483347655180e+02
2.550000000000000000e+02 2.460253105226154275e+02 1.648394135874801520e+02
2.550000000000000000e+02 2.460658672499544366e+02 1.649768117074187046e+02
2.550000000000000000e+02 2.459953649454469655e+02 1.650996666927063075e+02
2.550000000000000000e+02 2.460023175272765172e+02 1.650874280655157236e+02
2.550000000000000000e+02 2.460612582350337334e+02 1.650686665104288693e+02
2.550000000000000000e+02 2.461120875973231250e+02 1.651726037028357155e+02
2.550000000000000000e+02 2.460460510897586062e+02 1.652012212587558224e+02
2.550000000000000000e+02 2.460172252167799343e+02 1.652829206051610527e+02
2.550000000000000000e+02 2.459646642189412376e+02 1.652248392052704276e+02
2.550000000000000000e+02 2.458885764133010525e+02 1.651615628987318587e+02
2.550000000000000000e+02 2.457961096789313444e+02 1.651482436267999958e+02
2.550000000000000000e+02 2.457709293544775164e+02 1.647877249173241694e+02
2.550000000000000000e+02 2.458391141317084703e+02 1.647470119521912295e+02
2.550000000000000000e+02 2.458304299143296134e+02 1.647406843215373726e+02
2.550000000000000000e+02 2.457543290888732770e+02 1.645548785251152140e+02
2.550000000000000000e+02 2.457927896258104852e+02 1.646342212847954727e+02
2.550000000000000000e+02 2.458562742494075906e+02 1.646374111397547040e+02
2.550000000000000000e+02 2.458307163502851438e+02 1.644467098924563118e+02
2.550000000000000000e+02 2.457321433221362952e+02 1.644026638543863896e+02
2.550000000000000000e+02 2.458335025909434250e+02 1.642943520037497080e+02
2.550000000000000000e+02 2.458703356508605964e+02 1.643781215009244079e+02
2.550000000000000000e+02 2.457489909642475823e+02 1.643294534281176027e+02
2.550000000000000000e+02 2.456550790302840994e+02 1.641889565919329357e+02
2.550000000000000000e+02 2.457399161523839268e+02 1.642837799130276153e+02
2.550000000000000000e+02 2.458033096372679154e+02 1.642529489883602878e+02
2.550000000000000000e+02 2.457169882561258305e+02 1.643143634611879236e+02
2.550000000000000000e+02 2.456489076374241733e+02 1.643451553264067968e+02
2.550000000000000000e+02 2.457263104444965336e+02 1.643942921125953660e+02
2.550000000000000000e+02 2.457230815300887912e+02 1.643150274718121011e+02
2.550000000000000000e+02 2.455506080254146752e+02 1.642216753899434991e+02
2.550000000000000000e+02 2.455248287894174837e+02 1.641506913522381126e+02
2.550000000000000000e+02 2.456630211181418133e+02 1.644588704007499302e+02
2.550000000000000000e+02 2.456251334531156374e+02 1.646832669322709251e+02
2.550000000000000000e+02 2.456062677394995148e+02 1.647670754888941076e+02
2.550000000000000000e+02 2.456449105538629851e+02 1.648310158060568256e+02
2.550000000000000000e+02 2.457432622451370889e+02 1.648219409941931701e+02
2.550000000000000000e+02 2.457062078483451728e+02 1.645891727208811801e+02
2.550000000000000000e+02 2.455494232221440996e+02 1.644224149155014061e+02
2.550000000000000000e+02 2.455251933442699794e+02 1.641751946462515832e+02
2.550000000000000000e+02 2.455751503788766570e+02 1.642496159154232771e+02
2.550000000000000000e+02 2.455188006145353086e+02 1.640883134130146175e+02
2.550000000000000000e+02 2.453875087883758965e+02 1.640014582194099546e+02
2.550000000000000000e+02 2.453972476108637295e+02 1.641102908626930059e+02
2.550000000000000000e+02 2.454959117777256949e+02 1.641116839830221465e+02
2.550000000000000000e+02 2.455249459677629318e+02 1.641947764497565174e+02
2.550000000000000000e+02 2.454356560685363036e+02 1.640857354894149012e+02
2.550000000000000000e+02 2.454578157956409541e+02 1.639904304351222493e+02
2.550000000000000000e+02 2.455544879306304153e+02 1.639788297789235116e+02
2.550000000000000000e+02 2.455132541728510773e+02 1.640236960654115705e+02
2.550000000000000000e+02 2.453925214175975782e+02 1.638177355935734170e+02
2.550000000000000000e+02 2.454055282139416079e+02 1.637779209957555508e+02
2.550000000000000000e+02 2.454277270004947411e+02 1.637418561049917969e+02
2.550000000000000000e+02 2.453376038330338815e+02 1.636088196234669283e+02
2.550000000000000000e+02 2.452730646043278000e+02 1.634442491472020436e+02
2.550000000000000000e+02 2.453809598208473233e+02 1.635451787620758921e+02
2.550000000000000000e+02 2.454271411087675574e+02 1.636910658021508596e+02
2.550000000000000000e+02 2.454668775876884581e+02 1.634892716714840049e+02
2.550000000000000000e+02 2.453946696872640132e+02 1.630071348592557854e+02
2.550000000000000000e+02 2.455568705569877466e+02 1.630990157018982813e+02
2.550000000000000000e+02 2.455413899955732688e+02 1.630105981303543956e+02
2.550000000000000000e+02 2.454096554956643956e+02 1.628316537770486718e+02
2.550000000000000000e+02 2.455159753144285730e+02 1.631125693305210405e+02
2.550000000000000000e+02 2.456087805640184456e+02 1.634564747545764760e+02
2.550000000000000000e+02 2.455719995833658800e+02 1.637514126500533678e+02
2.550000000000000000e+02 2.455470405957867968e+02 1.637517641850897121e+02
2.550000000000000000e+02 2.455975054032236926e+02 1.638471994375439351e+02
2.550000000000000000e+02 2.456638674061922245e+02 1.639961591542327426e+02
2.550000000000000000e+02 2.456299768247272368e+02 1.640011197041897901e+02
2.550000000000000000e+02 2.455727807723355056e+02 1.638793453636434663e+02
2.550000000000000000e+02 2.456276072181860854e+02 1.640844725672473601e+02
2.550000000000000000e+02 2.457351769393016241e+02 1.641843866364606868e+02
2.550000000000000000e+02 2.456613415618571423e+02 1.641108767544202180e+02
2.550000000000000000e+02 2.455127854594693133e+02 1.641990078900086019e+02
2.550000000000000000e+02 2.454149936202900903e+02 1.642337187198916695e+02
2.550000000000000000e+02 2.453046767179647532e+02 1.641001484259042229e+02
2.550000000000000000e+02 2.452501887873343094e+02 1.641135978959977137e+02
2.550000000000000000e+02 2.451779939067260443e+02 1.641848553498424508e+02
