2.550000000000000000e+02 2.410853813100868592e+02 1.640672200068008237e+02
2.550000000000000000e+02 2.408158984821787385e+02 1.639873257287705997e+02
2.550000000000000000e+02 2.407243809700454449e+02 1.637991900831555938e+02
2.550000000000000000e+02 2.405708831803146950e+02 1.638937370552412744e+02
2.550000000000000000e+02 2.402900089647284290e+02 1.635099539398435695e+02
2.550000000000000000e+02 2.396331571300503924e+02 1.627240563850505453e+02
2.550000000000000000e+02 2.391146248724844554e+02 1.623140591672076312e+02
2.550000000000000000e+02 2.387715385328758089e+02 1.620673436582274576e+02
2.550000000000000000e+02 2.384195029212649501e+02 1.617724040928622173e+02
2.550000000000000000e+02 2.386344554700299909e+02 1.619448050944387774e+02
2.550000000000000000e+02 2.388472132059723663e+02 1.621572691582429115e+02
2.550000000000000000e+02 2.388982657887415257e+02 1.622747534699681466e+02
2.550000000000000000e+02 2.388471977495440228e+02 1.623685430770657376e+02
2.550000000000000000e+02 2.390014065349778889e+02 1.625010974064113327e+02
2.550000000000000000e+02 2.392252001607468515e+02 1.627440415468793447e+02
2.550000000000000000e+02 2.391171751831586789e+02 1.626880429070450305e+02
2.550000000000000000e+02 2.391229713437818702e+02 1.627840427833936019e+02
2.550000000000000000e+02 2.391905468484342521e+02 1.627455253639988939e+02
2.550000000000000000e+02 2.392309654085134127e+02 1.628111069893968761e+02
2.550000000000000000e+02 2.392378435191195933e+02 1.628013076138365989e+02
2.550000000000000000e+02 2.393412006553525657e+02 1.629334446196172905e+02
2.550000000000000000e+02 2.394807103774459733e+02 1.631220903273671468e+02
2.550000000000000000e+02 2.397212896843797409e+02 1.633281708862716073e+02
2.550000000000000000e+02 2.399081424464434633e+02 1.634070604964604740e+02
2.550000000000000000e+02 2.399661195091038337e+02 1.634226560326439710e+02
2.550000000000000000e+02 2.400032767628056547e+02 1.633857460817954177e+02
2.550000000000000000e+02 2.400299700145290558e+02 1.633540913165785753e+02
2.550000000000000000e+02 2.400550094284212719e+02 1.634032891279483124e+02
2.550000000000000000e+02 2.401340690593217744e+02 1.634923026986923844e+02
2.550000000000000000e+02 2.401620915638814324e+02 1.634273393304275146e+02
2.550000000000000000e+02 2.402350768184487890e+02 1.635489350520881544e+02
2.550000000000000000e+02 2.401960184240625722e+02 1.634897678444465043e+02
2.550000000000000000e+02 2.402960215153482295e+02 1.634586695106494858e+02
2.550000000000000000e+02 2.405285943924077969e+02 1.635828928251259811e+02
2.550000000000000000e+02 2.404963677393427872e+02 1.635704504003215050e+02
2.550000000000000000e+02 2.404452842437169693e+02 1.635604500911929335e+02
2.550000000000000000e+02 2.406619833688831136e+02 1.636893567034529724e+02
2.550000000000000000e+02 2.405388883736746095e+02 1.635511916906241368e+02
2.550000000000000000e+02 2.399731212711366766e+02 1.630617793440291905e+02
2.550000000000000000e+02 2.391668521438066080e+02 1.624726112090018262e+02
2.550000000000000000e+02 2.386320906364957182e+02 1.620965099384834218e+02
2.550000000000000000e+02 2.383147856193390908e+02 1.618014312652632327e+02
2.550000000000000000e+02 2.381199109709728248e+02 1.616550125197069576e+02
2.550000000000000000e+02 2.379931218893937910e+02 1.615389347429595830e+02
2.550000000000000000e+02 2.380223190825064137e+02 1.614524405700330760e+02
2.550000000000000000e+02 2.382096819067049864e+02 1.616982596061702111e+02
2.550000000000000000e+02 2.382526044081733687e+02 1.617846146712417692e+02
2.550000000000000000e+02 2.382466073139818832e+02 1.618886673467495143e+02
2.550000000000000000e+02 2.383546477479983992e+02 1.620370645151318456e+02
2.550000000000000000e+02 2.383731645491359927e+02 1.621522303626078099e+02
2.550000000000000000e+02 2.383672292806578241e+02 1.621509165661998964e+02
2.550000000000000000e+02 2.382704411264645046e+02 1.621441311941636627e+02
2.550000000000000000e+02 2.383538594701536510e+02 1.621459241398497682e+02
2.550000000000000000e+02 2.384514822714767206e+02 1.622960987974898899e+02
2.550000000000000000e+02 2.384575411913814946e+02 1.621381650128288356e+02
2.550000000000000000e+02 2.386128473832266934e+02 1.622637021237132444e+02
2.550000000000000000e+02 2.388539212958669395e+02 1.624253454511731434e+02
2.550000000000000000e+02 2.391281956165569227e+02 1.623312776283656262e+02
2.550000000000000000e+02 2.394465053015549074e+02 1.621369439549908691e+02
2.550000000000000000e+02 2.398636897585705867e+02 1.622994219295805181e+02
2.550000000000000000e+02 2.400225663853596814e+02 1.622804878048780495e+02
2.550000000000000000e+02 2.397925283625459940e+02 1.621133265325048569e+02
2.550000000000000000e+02 2.398320813626387178e+02 1.624400908837985753e+02
2.550000000000000000e+02 2.399750069553927574e+02 1.627473801353983163e+02
2.550000000000000000e+02 2.398502581223530967e+02 1.626788927014745525e+02
2.550000000000000000e+02 2.398208599956722082e+02 1.626606077467618832e+02
2.550000000000000000e+02 2.400288571516893796e+02 1.629037528207981609e+02
2.550000000000000000e+02 2.402892052304553374e+02 1.632200377136851159e+02
2.550000000000000000e+02 2.402696373921914130e+02 1.631540387647222587e+02
2.550000000000000000e+02 2.402649386379795260e+02 1.630946860799406579e+02
2.550000000000000000e+02 2.404230733562088460e+02 1.632397292033756742e+02
2.550000000000000000e+02 2.404241862190484937e+02 1.632993137345821992e+02
2.550000000000000000e+02 2.403262852020155265e+02 1.631709017280286957e+02
2.550000000000000000e+02 2.402579677888033700e+02 1.633230238956381868e+02
2.550000000000000000e+02 2.401964202911991038e+02 1.632780611456304598e+02
2.550000000000000000e+02 2.398362855111440979e+02 1.629927509351139179e+02
2.550000000000000000e+02 2.392241954929054941e+02 1.625493369192247144e+02
2.550000000000000000e+02 2.384626108998732548e+02 1.619138767813533661e+02
2.550000000000000000e+02 2.380638195925685352e+02 1.614956876564963295e+02
2.550000000000000000e+02 2.379137531299267323e+02 1.613190052242727859e+02
2.550000000000000000e+02 2.379352221088750809e+02 1.613071346873164487e+02
2.550000000000000000e+02 2.380669417910909260e+02 1.613300102012426862e+02
2.550000000000000000e+02 2.380267241645800596e+02 1.612962842746298122e+02
2.550000000000000000e+02 2.378801353983121487e+02 1.611777798386348763e+02
2.550000000000000000e+02 2.380051315342050771e+02 1.613975238801817795e+02
2.550000000000000000e+02 2.381679650066462557e+02 1.615720114995826862e+02
2.550000000000000000e+02 2.380846857708120865e+02 1.615424278957618469e+02
2.550000000000000000e+02 2.379295341432501800e+02 1.615807289251599741e+02
2.550000000000000000e+02 2.378116788772450434e+02 1.617569322081053542e+02
2.550000000000000000e+02 2.371224612816470483e+02 1.614693035333395130e+02
2.550000000000000000e+02 2.364248508454666364e+02 1.609201830041114079e+02
2.550000000000000000e+02 2.362990973445856184e+02 1.608961018887755472e+02
2.550000000000000000e+02 2.365274506167114907e+02 1.608469968159757570e+02
2.550000000000000000e+02 2.365179603697177697e+02 1.607091718445701645e+02
2.550000000000000000e+02 2.365454882685708924e+02 1.605649169989798679e+02
2.550000000000000000e+02 2.366279637701319984e+02 1.606225849330736537e+02
2.550000000000000000e+02 2.368688522056323222e+02 1.607356177934402979e+02
2.550000000000000000e+02 2.369814213731490895e+02 1.609766607932239140e+02
2.550000000000000000e+02 2.370138025904973915e+02 1.610660453182478591e+02
2.550000000000000000e+02 2.369905715787195959e+02 1.611489535998021552e+02
2.550000000000000000e+02 2.371724319144332185e+02 1.614096262635630126e+02
2.550000000000000000e+02 2.373292992055395700e+02 1.615617948004575055e+02
2.550000000000000000e+02 2.373622986800210128e+02 1.613718043834430773e+02
2.550000000000000000e+02 2.375419023771986815e+02 1.612074716374540060e+02
2.550000000000000000e+02 2.376797891743175910e+02 1.612312127113666520e+02
2.550000000000000000e+02 2.377913845868496594e+02 1.612590806516430177e+02
2.550000000000000000e+02 2.377535317938730657e+02 1.612171937308726797e+02
2.550000000000000000e+02 2.377267148907230592e+02 1.611662184302451521e+02
2.550000000000000000e+02 2.376532350304491672e+02 1.609331973167640513e+02
2.550000000000000000e+02 2.373169340628767543e+02 1.607919410182695117e+02
2.550000000000000000e+02 2.367885715168938816e+02 1.604049429657794690e+02
2.550000000000000000e+02 2.364884695044669058e+02 1.602059878203344851e+02
2.550000000000000000e+02 2.365619339083124544e+02 1.602966397724813703e+02
2.550000000000000000e+02 2.366389069213886103e+02 1.603107978608303199e+02
2.550000000000000000e+02 2.367756963120961871e+02 1.604480200315311151e+02
2.550000000000000000e+02 2.369039382979381116e+02 1.604562737642585546e+02
2.550000000000000000e+02 2.370968808927632949e+02 1.604985934650221111e+02
2.550000000000000000e+02 2.372454326254289185e+02 1.606817985100003057e+02
2.550000000000000000e+02 2.375311292466536770e+02 1.610593681412099158e+02
2.550000000000000000e+02 2.375799097344585675e+02 1.610721351510092916e+02
2.550000000000000000e+02 2.375321802837800362e+02 1.612139015116386815e+02
2.550000000000000000e+02 2.374916226158459267e+02 1.612084453924387049e+02
2.550000000000000000e+02 2.374729976197100427e+02 1.609991653528702500e+02
2.550000000000000000e+02 2.375466784135522005e+02 1.610683019567838130e+02
2.550000000000000000e+02 2.378167640421651470e+02 1.612939194410955395e+02
2.550000000000000000e+02 2.380363689758570729e+02 1.615058888991931667e+02
2.550000000000000000e+02 2.381686141766360549e+02 1.617222634393644398e+02
2.550000000000000000e+02 2.382631302358651055e+02 1.618297165291044450e+02
2.550000000000000000e+02 2.384015734644038389e+02 1.623061918451884083e+02
2.550000000000000000e+02 2.387930384246808160e+02 1.627049213267798109e+02
2.550000000000000000e+02 2.388796717054623002e+02 1.628178614485764513e+02
2.550000000000000000e+02 2.389438777087390520e+02 1.629261028161612330e+02
2.550000000000000000e+02 2.389719465825836835e+02 1.624863210609292423e+02
2.550000000000000000e+02 2.390024575721042481e+02 1.622901171597267194e+02
2.550000000000000000e+02 2.390038022813688201e+02 1.620018547713994224e+02
2.550000000000000000e+02 2.391130792296516177e+02 1.620830783022659034e+02
2.550000000000000000e+02 2.391708553587436938e+02 1.620144672169155058e+02
2.550000000000000000e+02 2.391680732016445745e+02 1.621314414665059189e+02
2.550000000000000000e+02 2.393054190237719752e+02 1.623764103990849890e+02
2.550000000000000000e+02 2.395264459488701334e+02 1.625479612971034555e+02
2.550000000000000000e+02 2.394036600822281855e+02 1.624521159850381764e+02
2.550000000000000000e+02 2.394484528115243052e+02 1.625045287335002513e+02
2.550000000000000000e+02 2.393982194194565523e+02 1.624095644378496957e+02
2.550000000000000000e+02 2.389393953445237742e+02 1.620639896132801709e+02
2.550000000000000000e+02 2.385036940863705297e+02 1.617807660205879756e+02
2.550000000000000000e+02 2.382193730872670017e+02 1.616410244520696153e+02
2.550000000000000000e+02 2.379913134872793705e+02 1.615346842251692578e+02
2.550000000000000000e+02 2.377406875019320580e+02 1.614073850814553737e+02
2.550000000000000000e+02 2.376796036971776687e+02 1.614297041639617873e+02
2.550000000000000000e+02 2.377717240100157596e+02 1.616610559831834166e+02
2.550000000000000000e+02 2.377941049182354902e+02 1.616846270363844269e+02
2.550000000000000000e+02 2.378601656929116928e+02 1.617415994312034400e+02
2.550000000000000000e+02 2.380079755170175417e+02 1.617178274444341355e+02
2.550000000000000000e+02 2.382544128102877892e+02 1.617086463260069991e+02
2.550000000000000000e+02 2.382294197656805466e+02 1.616299112801013962e+02
2.550000000000000000e+02 2.381962657269158115e+02 1.615328449101981505e+02
2.550000000000000000e+02 2.383205044978206502e+02 1.615388110915329776e+02
2.550000000000000000e+02 2.384124702463754772e+02 1.616880892763300324e+02
2.550000000000000000e+02 2.384816995888590156e+02 1.617283996414108742e+02
2.550000000000000000e+02 2.384213113233793990e+02 1.617799931991715425e+02
2.550000000000000000e+02 2.386089369068595545e+02 1.619044483600729620e+02
2.550000000000000000e+02 2.387548301338526642e+02 1.620915484249899521e+02
2.550000000000000000e+02 2.387414448669201477e+02 1.619742959596896412e+02
2.550000000000000000e+02 2.387526662338866856e+02 1.619231197254938195e+02
2.550000000000000000e+02 2.387098519274166222e+02 1.617008717425577231e+02
2.550000000000000000e+02 2.386729110637114104e+02 1.615719033045843673e+02
2.550000000000000000e+02 2.384952239636464810e+02 1.614112646449658541e+02
2.550000000000000000e+02 2.382113821138211449e+02 1.614212031283810802e+02
2.550000000000000000e+02 2.381703452966088719e+02 1.613753748183869732e+02
2.550000000000000000e+02 2.386329871093387851e+02 1.618970138180469291e+02
2.550000000000000000e+02 2.389180345605737443e+02 1.622656032643976687e+02
2.550000000000000000e+02 2.390499088070728533e+02 1.622794367677517187e+02
2.550000000000000000e+02 2.392416921697734153e+02 1.623563324986862142e+02
2.550000000000000000e+02 2.393371819839871364e+02 1.622918791925561948e+02
2.550000000000000000e+02 2.395259667995919415e+02 1.623165321957401943e+02
2.550000000000000000e+02 2.394684843426381065e+02 1.621763114779436705e+02
2.550000000000000000e+02 2.394856255216544696e+02 1.621652601316887683e+02
2.550000000000000000e+02 2.395999567220006838e+02 1.621565117932548219e+02
2.550000000000000000e+02 2.396429719620390131e+02 1.621027697919564616e+02
2.550000000000000000e+02 2.394902315372963528e+02 1.620358280008655640e+02
2.550000000000000000e+02 2.391547961297103484e+02 1.618985594608797669e+02
2.550000000000000000e+02 2.391064484218986763e+02 1.619147423413397746e+02
2.550000000000000000e+02 2.388874617453398912e+02 1.621210856595257894e+02
2.550000000000000000e+02 2.386769451915051548e+02 1.622768246313641782e+02
2.550000000000000000e+02 2.386014559955485481e+02 1.624120065535256003e+02
2.550000000000000000e+02 2.385605737426195674e+02 1.623891001267427043e+02
2.550000000000000000e+02 2.386293548486815723e+02 1.624205694148196244e+02
2.550000000000000000e+02 2.386608859624717809e+02 1.620940214535225152e+02
2.550000000000000000e+02 2.386610868960400751e+02 1.617663297165290999e+02
2.550000000000000000e+02 2.387754799220996063e+02 1.615843766422455019e+02
2.550000000000000000e+02 2.389210640205261313e+02 1.616078549568765652e+02
2.550000000000000000e+02 2.388978020958916773e+02 1.615080991684441472e+02
2.550000000000000000e+02 2.387069770317474990e+02 1.616457850319948193e+02
2.550000000000000000e+02 2.388325295990602513e+02 1.618709233670283538e+02
2.550000000000000000e+02 2.389217131905159306e+02 1.621954774490710633e+02
2.550000000000000000e+02 2.387448607375807512e+02 1.621500200933568294e+02
2.550000000000000000e+02 2.387297907199604197e+02 1.622863148783578993e+02
2.550000000000000000e+02 2.390044978206435928e+02 1.622241182107638622e+02
2.550000000000000000e+02 2.390926303749729414e+02 1.620621193854524051e+02
2.550000000000000000e+02 2.390805743608766818e+02 1.618550187022782723e+02
2.550000000000000000e+02 2.391580728925160031e+02 1.617816779498593576e+02
2.550000000000000000e+02 2.394125320720887942e+02 1.617931002503941329e+02
2.550000000000000000e+02 2.396068657454635513e+02 1.621191690624130501e+02
2.550000000000000000e+02 2.396595103403505505e+02 1.622123558688058438e+02
2.550000000000000000e+02 2.396468515255494651e+02 1.622614609416056055e+02
2.550000000000000000e+02 2.397175183158675793e+02 1.622546910259977153e+02
2.550000000000000000e+02 2.397408266097870069e+02 1.622625274351602798e+02
2.550000000000000000e+02 2.397192803486970263e+02 1.621463414634146432e+02
2.550000000000000000e+02 2.398374601996970625e+02 1.622070234010325009e+02
2.550000000000000000e+02 2.399701381804692630e+02 1.621770379300751301e+02
2.550000000000000000e+02 2.402273022349995415e+02 1.623685894463507395e+02
2.550000000000000000e+02 2.401589229960740681e+02 1.623663637206714156e+02
2.550000000000000000e+02 2.401309314043710685e+02 1.622928065782558917e+02
2.550000000000000000e+02 2.402260038950199430e+02 1.623836749203993861e+02
2.550000000000000000e+02 2.402345976691705971e+02 1.625024730285325631e+02
2.550000000000000000e+02 2.399943429472317575e+02 1.623096849979906722e+02
2.550000000000000000e+02 2.397469473554051262e+02 1.622352777520170548e+02
2.550000000000000000e+02 2.394288695168320373e+02 1.620430616093233311e+02
2.550000000000000000e+02 2.389269065504343246e+02 1.616829268292682968e+02
2.550000000000000000e+02 2.385836965593990442e+02 1.612524034746050745e+02
2.550000000000000000e+02 2.385921203128381194e+02 1.612183993322823028e+02
2.550000000000000000e+02 2.388575226436674939e+02 1.615113759312498019e+02
2.550000000000000000e+02 2.388100250394138868e+02 1.616418745556276804e+02
2.550000000000000000e+02 2.387611827258957078e+02 1.617249374014652687e+02
2.550000000000000000e+02 2.388436427710284704e+02 1.618276917369934154e+02
2.550000000000000000e+02 2.391315342050758943e+02 1.620693066246251703e+02
2.550000000000000000e+02 2.394008160994157492e+02 1.621744567065442482e+02
2.550000000000000000e+02 2.393831339454079057e+02 1.621651673931187929e+02
2.550000000000000000e+02 2.393004111409935319e+02 1.620236174224860122e+02
2.550000000000000000e+02 2.392412748462085403e+02 1.619899996908714286e+02
2.550000000000000000e+02 2.393212154935237663e+02 1.619856255216544696e+02
2.550000000000000000e+02 2.393807072861603160e+02 1.622201149958267763e+02
2.550000000000000000e+02 2.393955300009273799e+02 1.621277010108504157e+02
2.550000000000000000e+02 2.396308077529444631e+02 1.621914278648490040e+02
2.550000000000000000e+02 2.396577792203777619e+02 1.622973662246128299e+02
2.550000000000000000e+02 2.396312096200809947e+02 1.622211042072397902e+02
2.550000000000000000e+02 2.396617824353148478e+02 1.622190639587004171e+02
2.550000000000000000e+02 2.398867662060650900e+02 1.620880243593310581e+02
2.550000000000000000e+02 2.401858171813657350e+02 1.621891248570280482e+02
2.550000000000000000e+02 2.404841726173915788e+02 1.623530557358805595e+02
2.550000000000000000e+02 2.407188630251321513e+02 1.626186435438498847e+02
2.550000000000000000e+02 2.406924170762620179e+02 1.625807752944449476e+02
2.550000000000000000e+02 2.405505888899193110e+02 1.623212154935237663e+02
2.550000000000000000e+02 2.405993075520108846e+02 1.622265757828680819e+02
2.550000000000000000e+02 2.407407184147887165e+02 1.623910940059971040e+02
2.550000000000000000e+02 2.406837305635413884e+02 1.622658041979659345e+02
2.550000000000000000e+02 2.407897307490185028e+02 1.624600605891990597e+02
2.550000000000000000e+02 2.408247241027543453e+02 1.625450400321493589e+02
2.550000000000000000e+02 2.407356487062969563e+02 1.624446505301554851e+02
2.550000000000000000e+02 2.402335620884726097e+02 1.621077776747349333e+02
2.550000000000000000e+02 2.397160499551763451e+02 1.616534205075891180e+02
2.550000000000000000e+02 2.393082939194410983e+02 1.612829144641256391e+02
2.550000000000000000e+02 2.390840984265356042e+02 1.612311045163683616e+02
2.550000000000000000e+02 2.391249497666079264e+02 1.613410770039259319e+02
2.550000000000000000e+02 2.392058177996228494e+02 1.615034158706606036e+02
2.550000000000000000e+02 2.391851061856626188e+02 1.616678258987913068e+02
2.550000000000000000e+02 2.393189743114161274e+02 1.617111966366811941e+02
2.550000000000000000e+02 2.394351602831617640e+02 1.618231475470648206e+02
2.550000000000000000e+02 2.395363380630004144e+02 1.617586633280781427e+02
2.550000000000000000e+02 2.396006831741321150e+02 1.616487990355188629e+02
2.550000000000000000e+02 2.396655074345420360e+02 1.616296639772481285e+02
2.550000000000000000e+02 2.396529568147392411e+02 1.615970354570465872e+02
2.550000000000000000e+02 2.394476181643945836e+02 1.616675785959380391e+02
2.550000000000000000e+02 2.392554638474141484e+02 1.614498902593588809e+02
2.550000000000000000e+02 2.394031500200933635e+02 1.616832514142631965e+02
2.550000000000000000e+02 2.395254876503137780e+02 1.617231908250641368e+02
2.550000000000000000e+02 2.396350428143064732e+02 1.618795635104640098e+02
2.550000000000000000e+02 2.398333487897616578e+02 1.620930940678228183e+02
2.550000000000000000e+02 2.400139880676373423e+02 1.622018764103990804e+02
2.550000000000000000e+02 2.401108689604006372e+02 1.621876719527651574e+02
2.550000000000000000e+02 2.401451513184333351e+02 1.620952270549321383e+02
2.550000000000000000e+02 2.402259575257349411e+02 1.621921697734087502e+02
2.550000000000000000e+02 2.402542737024328403e+02 1.623662555256731252e+02
2.550000000000000000e+02 2.402661596958174925e+02 1.624094871557080637e+02
2.550000000000000000e+02 2.401307459272311462e+02 1.622448143682957777e+02
2.550000000000000000e+02 2.400888126371758062e+02 1.624189928591300998e+02
2.550000000000000000e+02 2.403066555380382567e+02 1.625140498933506308e+02
2.550000000000000000e+02 2.404674642183684057e+02 1.627371170669881622e+02
2.550000000000000000e+02 2.403878017867631058e+02 1.625751027852483901e+02
2.550000000000000000e+02 2.404169216977340966e+02 1.625162447061732962e+02
2.550000000000000000e+02 2.406728337815697500e+02 1.626516739311879860e+02
2.550000000000000000e+02 2.406897431141611889e+02 1.625348542458808652e+02
2.550000000000000000e+02 2.402548146774243492e+02 1.623274444341401477e+02
2.550000000000000000e+02 2.395647778911249191e+02 1.616155368017558374e+02
2.550000000000000000e+02 2.391255525673127522e+02 1.613105196451203938e+02
2.550000000000000000e+02 2.388289127948313819e+02 1.610977155398930449e+02
2.550000000000000000e+02 2.385452873350026266e+02 1.609821787381371792e+02
2.550000000000000000e+02 2.385209898296701567e+02 1.611658629323935941e+02
2.550000000000000000e+02 2.386529259018825826e+02 1.612126649973724000e+02
2.550000000000000000e+02 2.387879996290457143e+02 1.614540480385792591e+02
2.550000000000000000e+02 2.388339979597514571e+02 1.615583480169402435e+02
2.550000000000000000e+02 2.389642492812760963e+02 1.616206992488175729e+02
2.550000000000000000e+02 2.391206992488175729e+02 1.615687811060620049e+02
2.550000000000000000e+02 2.392528826238832664e+02 1.614957494822096464e+02
2.550000000000000000e+02 2.392367615691366041e+02 1.614153760549012304e+02
2.550000000000000000e+02 2.392266685214380573e+02 1.612425113604748219e+02
2.550000000000000000e+02 2.393653126835450848e+02 1.612639957958514856e+02
2.550000000000000000e+02 2.393912331138520528e+02 1.612156790008964720e+02
2.550000000000000000e+02 2.395063989613280171e+02 1.612637639494265613e+02
2.550000000000000000e+02 2.396946118890846833e+02 1.615200315311138013e+02
2.550000000000000000e+02 2.401450276670067012e+02 1.619487928529475482e+02
2.550000000000000000e+02 2.401351510093047636e+02 1.618615258586045798e+02
2.550000000000000000e+02 2.400777458344925606e+02 1.618392531453831680e+02
2.550000000000000000e+02 2.401721227858666339e+02 1.618749111255371247e+02
2.550000000000000000e+02 2.402143961173452169e+02 1.617849547126649838e+02
2.550000000000000000e+02 2.402531299267365341e+02 1.617536709017280145e+02
2.550000000000000000e+02 2.402241800364771791e+02 1.616696343009057557e+02
2.550000000000000000e+02 2.403096540851340137e+02 1.618198244149741925e+02
2.550000000000000000e+02 2.404308479396580935e+02 1.619181427555720347e+02
2.550000000000000000e+02 2.405580388883736873e+02 1.620548703205663230e+02
2.550000000000000000e+02 2.405850258122353011e+02 1.621823394849918145e+02
2.550000000000000000e+02 2.407001607468546069e+02 1.622482920646696982e+02
2.550000000000000000e+02 2.407623883273053309e+02 1.623763022040866701e+02
2.550000000000000000e+02 2.407955732789266960e+02 1.623083557451544152e+02
2.550000000000000000e+02 2.407974744196111203e+02 1.622874277411975754e+02
2.550000000000000000e+02 2.409682834090698407e+02 1.623915422424186090e+02
2.550000000000000000e+02 2.411259235215926253e+02 1.625121642090945500e+02
2.550000000000000000e+02 2.410840984265356042e+02 1.623928714952548660e+02
2.550000000000000000e+02 2.406625552567312809e+02 1.620837892979690196e+02
2.550000000000000000e+02 2.402696992179047299e+02 1.617657732851092760e+02
2.550000000000000000e+02 2.399972332993291957e+02 1.615326903459148582e+02
2.550000000000000000e+02 2.397242573186188110e+02 1.613025286716745370e+02
2.550000000000000000e+02 2.395264923181551069e+02 1.613136263872144411e+02
2.550000000000000000e+02 2.394987634857337184e+02 1.614806949210176583e+02
2.550000000000000000e+02 2.396093387739961145e+02 1.618467495131225178e+02
2.550000000000000000e+02 2.396339299514668255e+02 1.620268478160066650e+02
2.550000000000000000e+02 2.396261708244458930e+02 1.620827228044143453e+02
2.550000000000000000e+02 2.397507032674889444e+02 1.618771832205013936e+02
2.550000000000000000e+02 2.398725926612878254e+02 1.617215215308046652e+02
2.550000000000000000e+02 2.399787783239049190e+02 1.616867909363504339e+02
2.550000000000000000e+02 2.399064886086123352e+02 1.616847043185260873e+02
2.550000000000000000e+02 2.399576802992364435e+02 1.615998948962873669e+02
2.550000000000000000e+02 2.400250548703205595e+02 1.619340010510371144e+02
2.550000000000000000e+02 2.399102136078394949e+02 1.620193050789823417e+02
2.550000000000000000e+02 2.398466567745525424e+02 1.619593959627809170e+02
2.550000000000000000e+02 2.400735725988438674e+02 1.622902098982966947e+02
2.550000000000000000e+02 2.405141580883489496e+02 1.627264830442981349e+02
2.550000000000000000e+02 2.406590311910723585e+02 1.628570280379609869e+02
2.550000000000000000e+02 2.407209960122414998e+02 1.625938359763825645e+02
2.550000000000000000e+02 2.407838263933970211e+02 1.624196420291198990e+02
2.550000000000000000e+02 2.407918328232711929e+02 1.622724659185755343e+02
2.550000000000000000e+02 2.408559615444063127e+02 1.622693591764814869e+02
2.550000000000000000e+02 2.410847939658103769e+02 1.625934341092460329e+02
2.550000000000000000e+02 2.411496182262202979e+02 1.625183931497109597e+02
2.550000000000000000e+02 2.410258122353086776e+02 1.625877925129061055e+02
2.550000000000000000e+02 2.411893103341679705e+02 1.626912887569940267e+02
2.550000000000000000e+02 2.414146341463414558e+02 1.629511113171968191e+02
2.550000000000000000e+02 2.416339299514668255e+02 1.631526013168876830e+02
2.550000000000000000e+02 2.418815419332900660e+02 1.632393427926674576e+02
2.550000000000000000e+02 2.420075736498809817e+02 1.633274444341401477e+02
2.550000000000000000e+02 2.419945129679433649e+02 1.631947355405112887e+02
2.550000000000000000e+02 2.418812482611518249e+02 1.631483353426690144e+02
2.550000000000000000e+02 2.414868156666357493e+02 1.629980370336022872e+02
2.550000000000000000e+02 2.410385483322513949e+02 1.629391789545271934e+02
2.550000000000000000e+02 2.409212649540943971e+02 1.630216853689449579e+02
2.550000000000000000e+02 2.408248941234659526e+02 1.631059229033355109e+02
2.550000000000000000e+02 2.408199635228291413e+02 1.632935948561006398e+02
2.550000000000000000e+02 2.410125351633744515e+02 1.631853689449442015e+02
2.550000000000000000e+02 2.410078518655909079e+02 1.631302049522396374e+02
2.550000000000000000e+02 2.410002009335682658e+02 1.630415623357754384e+02
2.550000000000000000e+02 2.411813657300071156e+02 1.629166589384525139e+02
2.550000000000000000e+02 2.412522643667501256e+02 1.628835203561161222e+02
2.550000000000000000e+02 2.413200717178274317e+02 1.629578657763763943e+02
2.550000000000000000e+02 2.413247550156110037e+02 1.629377878759776195e+02
2.550000000000000000e+02 2.414054221150576609e+02 1.629014189001205466e+02
2.550000000000000000e+02 2.414453460694302862e+02 1.629114810349624349e+02
2.550000000000000000e+02 2.414159324863210543e+02 1.628769513740764694e+02
2.550000000000000000e+02 2.413932888188197410e+02 1.629854400445145188e+02
2.550000000000000000e+02 2.414510804043401606e+02 1.630717178274444450e+02
2.550000000000000000e+02 2.414118674456706515e+02 1.629461034344183759e+02
2.550000000000000000e+02 2.414001360165692915e+02 1.629810195060125579e+02
2.550000000000000000e+02 2.414566292621101127e+02 1.629467835172648336e+02
2.550000000000000000e+02 2.416446412562984847e+02 1.632258647871649941e+02
2.550000000000000000e+02 2.418799190083155679e+02 1.633750193205354151e+02
2.550000000000000000e+02 2.420012056014096231e+02 1.636614114810349747e+02
2.550000000000000000e+02 2.419784537389100194e+02 1.636260626294475742e+02
2.550000000000000000e+02 2.418622986800210128e+02 1.635022566385359539e+02
2.550000000000000000e+02 2.417864230733562181e+02 1.634105381928343945e+02
2.550000000000000000e+02 2.420094129648520891e+02 1.637573186188135708e+02
2.550000000000000000e+02 2.421312096200809947e+02 1.640275588117097811e+02
2.550000000000000000e+02 2.420316856780735009e+02 1.639627345512998886e+02
2.550000000000000000e+02 2.417505641596339956e+02 1.638412933939225411e+02
2.550000000000000000e+02 2.413125135243747934e+02 1.632724968314321927e+02
2.550000000000000000e+02 2.408794553154656910e+02 1.628681257535008911e+02
2.550000000000000000e+02 2.406875173884818651e+02 1.625904973878636213e+02
2.550000000000000000e+02 2.406383350335404430e+02 1.626107143961173449e+02
2.550000000000000000e+02 2.406191999752697086e+02 1.625718723917277089e+02
2.550000000000000000e+02 2.406427710284707473e+02 1.623913413088503432e+02
2.550000000000000000e+02 2.407186775479922005e+02 1.624250981483198757e+02
2.550000000000000000e+02 2.408627469164425463e+02 1.623832112275495376e+02
2.550000000000000000e+02 2.409408482487866650e+02 1.624717456490154177e+02
2.550000000000000000e+02 2.408901357074407201e+02 1.624045720114995959e+02
2.550000000000000000e+02 2.410212062196667659e+02 1.625063371356147002e+02
2.550000000000000000e+02 2.411191690624130501e+02 1.626977650004637042e+02
2.550000000000000000e+02 2.410712386781662531e+02 1.627682926829268411e+02
2.550000000000000000e+02 2.408058827166218521e+02 1.625289498902593550e+02
2.550000000000000000e+02 2.406207765309592332e+02 1.623612630993229970e+02
2.550000000000000000e+02 2.407284150978391892e+02 1.624226560326439710e+02
2.550000000000000000e+02 2.408614331200346328e+02 1.626627098210145732e+02
2.550000000000000000e+02 2.409588240749327781e+02 1.628208599956722082e+02
2.550000000000000000e+02 2.409979133821756534e+02 1.628539367522952830e+02
2.550000000000000000e+02 2.408966428637670276e+02 1.626141148103496334e+02
2.550000000000000000e+02 2.408197935021175340e+02 1.625172030047296801e+02
2.550000000000000000e+02 2.410093047698537703e+02 1.627793285727533998e+02
2.550000000000000000e+02 2.411478252805341640e+02 1.630441126464496620e+02
2.550000000000000000e+02 2.411906859562892294e+02 1.630668645089492657e+02
2.550000000000000000e+02 2.412904108318649605e+02 1.631821694642802072e+02
2.550000000000000000e+02 2.413028068873844632e+02 1.631475006955392644e+02
2.550000000000000000e+02 2.412495440353642948e+02 1.631147639803394327e+02
2.550000000000000000e+02 2.406370057807041860e+02 1.626799128257442248e+02
2.550000000000000000e+02 2.399638165012828779e+02 1.619958885900645953e+02
2.550000000000000000e+02 2.394714519768771765e+02 1.617213205972363994e+02
2.550000000000000000e+02 2.391922006862654086e+02 1.615227054932146302e+02
2.550000000000000000e+02 2.388530093665955576e+02 1.613381866518284937e+02
2.550000000000000000e+02 2.386394015270951172e+02 1.610776840087792436e+02
2.550000000000000000e+02 2.386027543355281466e+02 1.610788741537605517e+02
2.550000000000000000e+02 2.385042814306470120e+02 1.609723793625769019e+02
2.550000000000000000e+02 2.385056879656249009e+02 1.610430616093233311e+02
2.550000000000000000e+02 2.384897523880181893e+02 1.611602367924819816e+02
2.550000000000000000e+02 2.384749760425360989e+02 1.611987542118767180e+02
2.550000000000000000e+02 2.384333209681906567e+02 1.611153358681875716e+02
2.550000000000000000e+02 2.383582027265139516e+02 1.609874648366255485e+02
2.550000000000000000e+02 2.383486661102352571e+02 1.608439982688800285e+02
2.550000000000000000e+02 2.383251105134625618e+02 1.607119230888126253e+02
2.550000000000000000e+02 2.383066709944666002e+02 1.606084577575813910e+02
2.550000000000000000e+02 2.383773223283563709e+02 1.606248415716096360e+02
2.550000000000000000e+02 2.385057807041948763e+02 1.607498222510742210e+02
2.550000000000000000e+02 2.385298927323873954e+02 1.604628582027265224e+02
2.550000000000000000e+02 2.385926149185446263e+02 1.603904139231506463e+02
2.550000000000000000e+02 2.386019042319700816e+02 1.603854833225138350e+02
2.550000000000000000e+02 2.386596494482054993e+02 1.604966923243376868e+02
2.550000000000000000e+02 2.387324183127762751e+02 1.604759961668057713e+02
2.550000000000000000e+02 2.388460539738477166e+02 1.607074252681690325e+02
2.550000000000000000e+02 2.388037188166558451e+02 1.607325419642029090e+02
2.550000000000000000e+02 2.386999907261429996e+02 1.607359423784351975e+02
2.550000000000000000e+02 2.383987140251630592e+02 1.606056910569105582e+02
2.550000000000000000e+02 2.380511607777674783e+02 1.604372778138427691e+02
2.550000000000000000e+02 2.374646820612692864e+02 1.601049955176357855e+02
2.550000000000000000e+02 2.369775263532102940e+02 1.599057003307675586e+02
2.550000000000000000e+02 2.366141766360629504e+02 1.599165043741692216e+02
2.550000000000000000e+02 2.365417169000587307e+02 1.598123898729481596e+02
2.550000000000000000e+02 2.366121363875235772e+02 1.600234937710593783e+02
2.550000000000000000e+02 2.366062165754737521e+02 1.599554854864138065e+02
2.550000000000000000e+02 2.366711799437385935e+02 1.597155244366131797e+02
2.550000000000000000e+02 2.368751893412470224e+02 1.598186806392778863e+02
2.550000000000000000e+02 2.369777272867785598e+02 1.599549754242789561e+02
2.550000000000000000e+02 2.370335095366162648e+02 1.599391789545271934e+02
2.550000000000000000e+02 2.370109276948282684e+02 1.598606293857615412e+02
2.550000000000000000e+02 2.370922439642647248e+02 1.600015456428328662e+02
2.550000000000000000e+02 2.370687347367770315e+02 1.600136480262140992e+02
2.550000000000000000e+02 2.369184827969952778e+02 1.599533988685894599e+02
2.550000000000000000e+02 2.369153142291879135e+02 1.598697641349037042e+02
2.550000000000000000e+02 2.370177439797211605e+02 1.599653621441157441e+02
2.550000000000000000e+02 2.370096293548486699e+02 1.600743763331169305e+02
2.550000000000000000e+02 2.368702123713252377e+02 1.600747627438251470e+02
2.550000000000000000e+02 2.369343565488886725e+02 1.603141055364926331e+02
2.550000000000000000e+02 2.369544808185724492e+02 1.603737364369841316e+02
2.550000000000000000e+02 2.370138953290673669e+02 1.599425639123311385e+02
2.550000000000000000e+02 2.369653466876874006e+02 1.596373767349840875e+02
2.550000000000000000e+02 2.371737611672694754e+02 1.595121487526662349e+02
2.550000000000000000e+02 2.374437386008841031e+02 1.595763856687996451e+02
2.550000000000000000e+02 2.375319948066400855e+02 1.595269869238616423e+02
2.550000000000000000e+02 2.375706977031747442e+02 1.596667130359516591e+02
2.550000000000000000e+02 2.377403165476521565e+02 1.598567807351077192e+02
2.550000000000000000e+02 2.380115459519614092e+02 1.600720578688676596e+02
2.550000000000000000e+02 2.380957062042103303e+02 1.602262666543015257e+02
2.550000000000000000e+02 2.382277659278493900e+02 1.602404247426504753e+02
2.550000000000000000e+02 2.385088101641472633e+02 1.606158768431790804e+02
2.550000000000000000e+02 2.387343194534606994e+02 1.608100714086988887e+02
2.550000000000000000e+02 2.388981421373149203e+02 1.609639246962811967e+02
2.550000000000000000e+02 2.390400939750842326e+02 1.612396828340907007e+02
2.550000000000000000e+02 2.392776283656372698e+02 1.614164889177408782e+02
2.550000000000000000e+02 2.393762867476583551e+02 1.615951497727905064e+02
2.550000000000000000e+02 2.393164394571702474e+02 1.615496924170762725e+02
2.550000000000000000e+02 2.394467062351232016e+02 1.617076725710223002e+02
2.550000000000000000e+02 2.395312219852236524e+02 1.616920306655538013e+02
2.550000000000000000e+02 2.395233082939194276e+02 1.616406071285047403e+02
2.550000000000000000e+02 2.394666604840953426e+02 1.616292466536832535e+02
2.550000000000000000e+02 2.395820272651395726e+02 1.616808865807289237e+02
2.550000000000000000e+02 2.398020031531113716e+02 1.618765495069399378e+02
2.550000000000000000e+02 2.399910198151411294e+02 1.621647964388389198e+02
2.550000000000000000e+02 2.398811091532968476e+02 1.619998454357167077e+02
2.550000000000000000e+02 2.398536430801570418e+02 1.615427833936134050e+02
2.550000000000000000e+02 2.399450678537203601e+02 1.613847414139540604e+02
2.550000000000000000e+02 2.397809824105845564e+02 1.612123867816625022e+02
2.550000000000000000e+02 2.390405885807907396e+02 1.605242356796191530e+02
2.550000000000000000e+02 2.383575381000958373e+02 1.600112213669665095e+02
2.550000000000000000e+02 2.380927849392562337e+02 1.599985161828804507e+02
2.550000000000000000e+02 2.378142910136325838e+02 1.599864756252125346e+02
2.550000000000000000e+02 2.374879130730470820e+02 1.597461745339886932e+02
2.550000000000000000e+02 2.374494729357940059e+02 1.597199604315434840e+02
2.550000000000000000e+02 2.375694457324801476e+02 1.597708429936010361e+02
2.550000000000000000e+02 2.375566478098241134e+02 1.597030047296670716e+02
2.550000000000000000e+02 2.375162137933166377e+02 1.596485671890939386e+02
2.550000000000000000e+02 2.377036693560851859e+02 1.596993415561532004e+02
2.550000000000000000e+02 2.379040928622214039e+02 1.599885313301802228e+02
2.550000000000000000e+02 2.380147145197687735e+02 1.601497109647902448e+02
2.550000000000000000e+02 2.377754180963862893e+02 1.599421929580512654e+02
2.550000000000000000e+02 2.374864601687841912e+02 1.595625367090172801e+02
2.550000000000000000e+02 2.373066709944666002e+02 1.593599647593433986e+02
2.550000000000000000e+02 2.370911156449967621e+02 1.591504528733500194e+02
2.550000000000000000e+02 2.368333642461900013e+02 1.590469257164054397e+02
2.550000000000000000e+02 2.367358805527218806e+02 1.590104485455501049e+02
2.550000000000000000e+02 2.366834059785464888e+02 1.588961328016322057e+02
2.550000000000000000e+02 2.365482085999567232e+02 1.587103001638381272e+02
2.550000000000000000e+02 2.365247921110389768e+02 1.588349098890228390e+02
2.550000000000000000e+02 2.366635290117159798e+02 1.589321462796376920e+02
2.550000000000000000e+02 2.368444001360165601e+02 1.591555071254134646e+02
2.550000000000000000e+02 2.369917153544159021e+02 1.593236885220563295e+02
2.550000000000000000e+02 2.371115335868187515e+02 1.594558564406936796e+02
2.550000000000000000e+02 2.372632538872917110e+02 1.595411759250672219e+02
2.550000000000000000e+02 2.374475254258246082e+02 1.596163559924572724e+02
2.550000000000000000e+02 2.374712201304522523e+02 1.596565272496831369e+02
2.550000000000000000e+02 2.374668150483786349e+02 1.595642523725617536e+02
2.550000000000000000e+02 2.375320102630684005e+02 1.595093975084237456e+02
2.550000000000000000e+02 2.377933166403907421e+02 1.597052922810596840e+02
2.550000000000000000e+02 2.378177377971498458e+02 1.596815048378620645e+02
2.550000000000000000e+02 2.379612816470369978e+02 1.598377229589786452e+02
2.550000000000000000e+02 2.380463692849856159e+02 1.599202139169680663e+02
2.550000000000000000e+02 2.381760641750904313e+02 1.598611703607530501e+02
2.550000000000000000e+02 2.382981235896009196e+02 1.599263192061578422e+02
2.550000000000000000e+02 2.384680361062165730e+02 1.600790905437571610e+02
2.550000000000000000e+02 2.387055241274846082e+02 1.605331694951930501e+02
2.550000000000000000e+02 2.387732078271353089e+02 1.606863117870722419e+02
2.550000000000000000e+02 2.388438746174533946e+02 1.608260842684472607e+02
2.550000000000000000e+02 2.386962657269158115e+02 1.608053417416303432e+02
2.550000000000000000e+02 2.384568147392500634e+02 1.605656743639679860e+02
2.550000000000000000e+02 2.379467680608364901e+02 1.601588920832174097e+02
2.550000000000000000e+02 2.376158613867507370e+02 1.599168907848774381e+02
2.550000000000000000e+02 2.374316825867878435e+02 1.596668676002349514e+02
2.550000000000000000e+02 2.374130575906519596e+02 1.596423073356208988e+02
2.550000000000000000e+02 2.375294444959658620e+02 1.596832205014065380e+02
2.550000000000000000e+02 2.375418096386287061e+02 1.597519243253269110e+02
2.550000000000000000e+02 2.375399239543726253e+02 1.598015085474048647e+02
2.550000000000000000e+02 2.375881634671860070e+02 1.598214937092336640e+02
2.550000000000000000e+02 2.375616402361742132e+02 1.597260502643049165e+02
2.550000000000000000e+02 2.376470215462611009e+02 1.598148783579090662e+02
2.550000000000000000e+02 2.378772605026430540e+02 1.599050975300627613e+02
2.550000000000000000e+02 2.378886055210361974e+02 1.598486661102352571e+02
2.550000000000000000e+02 2.377590342823580443e+02 1.597580914402300039e+02
2.550000000000000000e+02 2.378368573989922368e+02 1.597882314754706385e+02
2.550000000000000000e+02 2.379568920213916954e+02 1.598458530402794509e+02
2.550000000000000000e+02 2.380806825558750006e+02 1.599747287396828312e+02
2.550000000000000000e+02 2.381162323410306385e+02 1.600962317227734957e+02
2.550000000000000000e+02 2.381742557729759824e+02 1.602058023431945344e+02
2.550000000000000000e+02 2.383458221274227924e+02 1.603790379919008444e+02
2.550000000000000000e+02 2.383862252310736096e+02 1.603497635166465614e+02
2.550000000000000000e+02 2.384840335095366299e+02 1.602029429039537547e+02
2.550000000000000000e+02 2.385706358774614273e+02 1.602660051315342002e+02
2.550000000000000000e+02 2.386399115892299676e+02 1.603206899749605725e+02
2.550000000000000000e+02 2.387043494389316436e+02 1.602965624903397384e+02
2.550000000000000000e+02 2.388533803208754591e+02 1.603949426566508976e+02
2.550000000000000000e+02 2.390208970911001813e+02 1.607163281708862712e+02
2.550000000000000000e+02 2.391851834678042508e+02 1.609463507372716435e+02
2.550000000000000000e+02 2.391617515224581894e+02 1.610302018609539800e+02
2.550000000000000000e+02 2.392587560666481181e+02 1.611816903150020153e+02
2.550000000000000000e+02 2.393735355034158658e+02 1.612614609416056055e+02
2.550000000000000000e+02 2.394076014714519829e+02 1.612103774459797876e+02
2.550000000000000000e+02 2.394140931713499754e+02 1.609897833008748478e+02
2.550000000000000000e+02 2.395230764474945033e+02 1.610500324584994871e+02
2.550000000000000000e+02 2.395489041392314959e+02 1.611221057837954902e+02
2.550000000000000000e+02 2.395537883705833337e+02 1.611146248724844554e+02
2.550000000000000000e+02 2.394993971992951742e+02 1.610055179449132936e+02
2.550000000000000000e+02 2.393930415159665017e+02 1.607892206868836809e+02
2.550000000000000000e+02 2.391673158366564564e+02 1.606551516275619065e+02
2.550000000000000000e+02 2.387894061640236316e+02 1.605408822529289807e+02
2.550000000000000000e+02 2.381808092985872918e+02 1.601126928189434011e+02
2.550000000000000000e+02 2.375185786268509105e+02 1.593840922439642611e+02
2.550000000000000000e+02 2.372956351046400130e+02 1.590049615134934697e+02
2.550000000000000000e+02 2.373863179696435850e+02 1.590564005069708458e+02
2.550000000000000000e+02 2.373873535503416008e+02 1.589124547899471338e+02
2.550000000000000000e+02 2.371091532968561637e+02 1.586735756901295247e+02
2.550000000000000000e+02 2.369676187826516980e+02 1.584725957525734827e+02
2.550000000000000000e+02 2.371375931249806683e+02 1.584768153575071779e+02
2.550000000000000000e+02 2.374614671241769486e+02 1.587133914495038596e+02
2.550000000000000000e+02 2.376117654332436757e+02 1.588198089585458490e+02
2.550000000000000000e+02 2.376020278833967154e+02 1.588449411110080689e+02
2.550000000000000000e+02 2.375525827691737106e+02 1.590997867012890765e+02
2.550000000000000000e+02 2.374602769791956405e+02 1.590817954187146483e+02
2.550000000000000000e+02 2.373746019969705401e+02 1.591788617886178940e+02
2.550000000000000000e+02 2.373468577081208082e+02 1.592196203901202409e+02
2.550000000000000000e+02 2.375441590157346354e+02 1.594926427401156275e+02
2.550000000000000000e+02 2.376256762187393861e+02 1.592205632322482813e+02
2.550000000000000000e+02 2.375672818325141407e+02 1.587845837583851107e+02
2.550000000000000000e+02 2.375821972858511799e+02 1.587016445639741562e+02
2.550000000000000000e+02 2.378066091687532833e+02 1.587460199697054009e+02
2.550000000000000000e+02 2.378507063587746018e+02 1.588012612445515970e+02
2.550000000000000000e+02 2.378091903922841368e+02 1.589044947293579355e+02
2.550000000000000000e+02 2.379216049955176402e+02 1.593095768029923534e+02
2.550000000000000000e+02 2.381558007975517057e+02 1.595741753995486647e+02
2.550000000000000000e+02 2.382218152029429064e+02 1.596989551454449838e+02
2.550000000000000000e+02 2.382930693375374744e+02 1.598105969272620541e+02
2.550000000000000000e+02 2.384381124609725191e+02 1.598807072861603160e+02
2.550000000000000000e+02 2.386271136665739334e+02 1.599135058270734930e+02
2.550000000000000000e+02 2.387813842777211164e+02 1.601307922965161197e+02
2.550000000000000000e+02 2.387593279544962854e+02 1.600441435593063204e+02
2.550000000000000000e+02 2.388630560450091309e+02 1.601321524622090351e+02
2.550000000000000000e+02 2.390728461467124077e+02 1.604723948190052170e+02
2.550000000000000000e+02 2.391962039012025230e+02 1.605811771615815076e+02
2.550000000000000000e+02 2.392668552350922653e+02 1.606974867847537780e+02
2.550000000000000000e+02 2.394819623481405984e+02 1.608420043896256573e+02
2.550000000000000000e+02 2.393321741012086932e+02 1.607901635290117213e+02
2.550000000000000000e+02 2.388327150762002020e+02 1.604840025966799715e+02
2.550000000000000000e+02 2.383357136232959306e+02 1.599854864137994923e+02
2.550000000000000000e+02 2.380120869269529180e+02 1.597887415376054889e+02
2.550000000000000000e+02 2.377832390491205388e+02 1.596818448792853076e+02
2.550000000000000000e+02 2.377367461127082890e+02 1.596416890784877296e+02
2.550000000000000000e+02 2.379558409842653646e+02 1.598805063525920502e+02
2.550000000000000000e+02 2.381210702030974744e+02 1.599180500170020593e+02
2.550000000000000000e+02 2.381759250672354540e+02 1.600031067420940474e+02
2.550000000000000000e+02 2.382478747411048232e+02 1.600680701103588888e+02
2.550000000000000000e+02 2.385056879656249009e+02 1.601984759961667919e+02
2.550000000000000000e+02 2.385372963615567699e+02 1.602177501622925035e+02
2.550000000000000000e+02 2.384725957525734827e+02 1.601248879408946095e+02
2.550000000000000000e+02 2.384313116325079704e+02 1.601295094129648646e+02
2.550000000000000000e+02 2.384889331973167543e+02 1.600770502952177878e+02
2.550000000000000000e+02 2.382514297196204041e+02 1.598703514791801865e+02
2.550000000000000000e+02 2.380455810071408678e+02 1.598607994064731486e+02
2.550000000000000000e+02 2.380040804970787462e+02 1.598574608179541769e+02
2.550000000000000000e+02 2.381590775603573604e+02 1.600699867074716281e+02
2.550000000000000000e+02 2.380361371294321202e+02 1.599843426381031861e+02
2.550000000000000000e+02 2.379813286345791141e+02 1.599658412933939360e+02
2.550000000000000000e+02 2.382155708058981816e+02 1.602004235061361896e+02
2.550000000000000000e+02 2.383650808371201606e+02 1.603137809514977334e+02
2.550000000000000000e+02 2.384617607963151897e+02 1.604677269776500168e+02
2.550000000000000000e+02 2.385225972982163398e+02 1.603771213947881051e+02
2.550000000000000000e+02 2.386149340010510400e+02 1.604513277071934283e+02
2.550000000000000000e+02 2.387427895761847481e+02 1.604884695044669058e+02
2.550000000000000000e+02 2.387053077374880274e+02 1.604663358991004429e+02
2.550000000000000000e+02 2.387228507836409221e+02 1.603559770008346561e+02
2.550000000000000000e+02 2.387761445485177205e+02 1.604359640174348556e+02
2.550000000000000000e+02 2.389646356919842844e+02 1.605422578750502396e+02
2.550000000000000000e+02 2.389626572691582567e+02 1.604903706451513301e+02
2.550000000000000000e+02 2.390956134656403549e+02 1.603901666202973786e+02
2.550000000000000000e+02 2.392642430987047533e+02 1.605307582923738039e+02
2.550000000000000000e+02 2.391708862716003523e+02 1.604398435809453076e+02
2.550000000000000000e+02 2.389763980339423028e+02 1.602056168660545836e+02
2.550000000000000000e+02 2.388944635073727056e+02 1.604599833070573993e+02
2.550000000000000000e+02 2.386242387709048103e+02 1.606087205168629737e+02
2.550000000000000000e+02 2.380598318340597928e+02 1.603705214998917938e+02
2.550000000000000000e+02 2.375419487464836550e+02 1.601194627345512913e+02
2.550000000000000000e+02 2.374237379826269887e+02 1.600058734427648517e+02
2.550000000000000000e+02 2.375712386781662531e+02 1.600454418992859189e+02
2.550000000000000000e+02 2.376435747627438388e+02 1.600503879563510452e+02
2.550000000000000000e+02 2.376181643945716928e+02 1.599565056106834788e+02
2.550000000000000000e+02 2.377255247457417511e+02 1.600299081888157389e+02
2.550000000000000000e+02 2.378443846795882450e+02 1.600111131719682191e+02
2.550000000000000000e+02 2.380482240563850382e+02 1.600039413892237690e+02
2.550000000000000000e+02 2.381302358650962958e+02 1.597884787783239062e+02
2.550000000000000000e+02 2.382158490216080793e+02 1.597598689294877659e+02
2.550000000000000000e+02 2.381101888775541795e+02 1.594095798942780391e+02
2.550000000000000000e+02 2.379515131843333506e+02 1.593627932857275482e+02
2.550000000000000000e+02 2.378450956752913612e+02 1.594005687965624816e+02
2.550000000000000000e+02 2.378298710933877373e+02 1.594780673282018029e+02
2.550000000000000000e+02 2.379110327985409015e+02 1.598219574020835125e+02
2.550000000000000000e+02 2.378248168413243206e+02 1.597174719465825774e+02
2.550000000000000000e+02 2.377004389625645331e+02 1.596395097220934076e+02
2.550000000000000000e+02 2.375877925129061055e+02 1.596702680144672115e+02
2.550000000000000000e+02 2.375771894030727367e+02 1.597553092831308561e+02
2.550000000000000000e+02 2.377539336610096257e+02 1.598658227456799352e+02
2.550000000000000000e+02 2.380223036260780987e+02 1.602700083464712861e+02
2.550000000000000000e+02 2.380976537141797280e+02 1.603969829051902707e+02
2.550000000000000000e+02 2.383046616587838855e+02 1.603195925685492682e+02
2.550000000000000000e+02 2.383040897709357182e+02 1.601909796284274705e+02
2.550000000000000000e+02 2.383728399641410931e+02 1.601412872113511980e+02
2.550000000000000000e+02 2.384401063402268903e+02 1.601224612816470483e+02
2.550000000000000000e+02 2.384513586200500868e+02 1.599819468917122549e+02
2.550000000000000000e+02 2.384241707626201787e+02 1.599159479427493977e+02
2.550000000000000000e+02 2.382810287798695583e+02 1.598339515904664836e+02
2.550000000000000000e+02 2.379925036322606502e+02 1.596060001854771428e+02
2.550000000000000000e+02 2.375187950168475197e+02 1.593266406998670845e+02
2.550000000000000000e+02 2.372700547157562880e+02 1.592013354354076000e+02
2.550000000000000000e+02 2.372173637515842870e+02 1.597195894772635825e+02
2.550000000000000000e+02 2.372028037960988058e+02 1.598424526260471623e+02
2.550000000000000000e+02 2.372577823116634193e+02 1.601814120992920891e+02
2.550000000000000000e+02 2.372137314909270742e+02 1.602790349006151587e+02
2.550000000000000000e+02 2.373626850907292294e+02 1.604798602738879083e+02
2.550000000000000000e+02 2.375610838047543893e+02 1.604851309159479342e+02
2.550000000000000000e+02 2.375636804847135863e+02 1.603497016909332729e+02
2.550000000000000000e+02 2.375067544591795752e+02 1.601718600265850512e+02
2.550000000000000000e+02 2.372600234937710582e+02 1.598370583325605025e+02
2.550000000000000000e+02 2.371005131534205077e+02 1.595796469751769848e+02
2.550000000000000000e+02 2.368440137253083435e+02 1.593629633064391555e+02
2.550000000000000000e+02 2.367122167609508665e+02 1.591787999629045771e+02
2.550000000000000000e+02 2.366614114810349747e+02 1.591479025626758244e+02
2.550000000000000000e+02 2.365372499922717964e+02 1.590162447061732962e+02
2.550000000000000000e+02 2.365500942842128040e+02 1.590006646264181143e+02
2.550000000000000000e+02 2.364947293579399741e+02 1.588906766824322290e+02
2.550000000000000000e+02 2.366471142848310478e+02 1.590835729079724388e+02
2.550000000000000000e+02 2.368635661071439529e+02 1.593177687100065043e+02
2.550000000000000000e+02 2.369768771832204948e+02 1.593226374849299702e+02
2.550000000000000000e+02 2.371231413644935060e+02 1.595148999969087242e+02
2.550000000000000000e+02 2.373709851927416707e+02 1.595366162787103121e+02
2.550000000000000000e+02 2.376248261151812926e+02 1.597203932115366740e+02
2.550000000000000000e+02 2.377117221552443596e+02 1.596957865776376480e+02
2.550000000000000000e+02 2.377435005718878358e+02 1.597203004729666986e+02
2.550000000000000000e+02 2.376460323348480586e+02 1.596449503848650693e+02
2.550000000000000000e+02 2.373054499366286336e+02 1.595802188630251237e+02
2.550000000000000000e+02 2.367553711088441730e+02 1.594671705462301645e+02
2.550000000000000000e+02 2.365390120251012434e+02 1.594630591362947882e+02
2.550000000000000000e+02 2.363664255463847326e+02 1.595191196018424193e+02
2.550000000000000000e+02 2.362840582398219453e+02 1.595240656589075456e+02
2.550000000000000000e+02 2.363213855142353736e+02 1.595571269591022769e+02
2.550000000000000000e+02 2.365475285171102655e+02 1.597476738075365574e+02
2.550000000000000000e+02 2.367093882345667453e+02 1.597677517079353322e+02
2.550000000000000000e+02 2.366940090883798575e+02 1.597137469473554177e+02
2.550000000000000000e+02 2.368611703607530501e+02 1.598605521036199093e+02
2.550000000000000000e+02 2.370354879594423210e+02 1.598839376796809688e+02
2.550000000000000000e+02 2.370828155429843207e+02 1.599215895390892967e+02
2.550000000000000000e+02 2.371059538161921409e+02 1.598648799035518948e+02
2.550000000000000000e+02 2.370621502983090636e+02 1.598663946335280741e+02
2.550000000000000000e+02 2.370369408637052118e+02 1.597405947633620826e+02
2.550000000000000000e+02 2.371074376333116902e+02 1.596154904324708639e+02
2.550000000000000000e+02 2.371079940647315141e+02 1.596370676064175029e+02
2.550000000000000000e+02 2.371655538038270095e+02 1.596113635661071442e+02
2.550000000000000000e+02 2.372872268076292812e+02 1.597313363627932858e+02
2.550000000000000000e+02 2.373717425577297604e+02 1.597879068904757389e+02
2.550000000000000000e+02 2.373428390367553789e+02 1.596135583789298096e+02
2.550000000000000000e+02 2.373940307273795156e+02 1.594590250085010439e+02
2.550000000000000000e+02 2.374267983554360342e+02 1.593846795882407434e+02
2.550000000000000000e+02 2.376473615876843155e+02 1.593669819778045564e+02
2.550000000000000000e+02 2.376875019320535500e+02 1.594262573804445253e+02
2.550000000000000000e+02 2.378194534606942909e+02 1.597795604191783241e+02
2.550000000000000000e+02 2.378479860273887994e+02 1.599536616278710426e+02
2.550000000000000000e+02 2.379640328912794871e+02 1.601847197749544023e+02
2.550000000000000000e+02 2.379934155615320321e+02 1.602889270147454397e+02
2.550000000000000000e+02 2.379042628829330113e+02 1.603164394571702474e+02
2.550000000000000000e+02 2.375661071439611760e+02 1.599845590280997953e+02
2.550000000000000000e+02 2.368564870629694781e+02 1.595434171071748608e+02
2.550000000000000000e+02 2.365421651364802642e+02 1.591867754799220904e+02
2.550000000000000000e+02 2.364279730439889988e+02 1.591731119972796762e+02
2.550000000000000000e+02 2.364850845466629607e+02 1.593285418405514804e+02
2.550000000000000000e+02 2.366145785031994819e+02 1.596682277659278384e+02
2.550000000000000000e+02 2.365362762372870975e+02 1.599059476336208263e+02
2.550000000000000000e+02 2.366518439518995933e+02 1.600019011406844243e+02
2.550000000000000000e+02 2.366931898976784510e+02 1.601627561902995467e+02
2.550000000000000000e+02 2.369040310365080870e+02 1.602401001576555757e+02
2.550000000000000000e+02 2.370435871278864965e+02 1.603615413150329232e+02
2.550000000000000000e+02 2.371496027697919544e+02 1.602715849021608108e+02
2.550000000000000000e+02 2.371625707131595959e+02 1.600933413706760575e+02
2.550000000000000000e+02 2.371898203963028209e+02 1.601205292281059656e+02
2.550000000000000000e+02 2.371373458221274291e+02 1.600510834956258179e+02
2.550000000000000000e+02 2.371017032984018158e+02 1.598243840613311022e+02
2.550000000000000000e+02 2.370208661782435229e+02 1.596638845095675379e+02
2.550000000000000000e+02 2.369968159757643207e+02 1.595419023771986815e+02
2.550000000000000000e+02 2.370419642029119984e+02 1.595453182478592851e+02
2.550000000000000000e+02 2.370963399177718145e+02 1.596310705122260458e+02
2.550000000000000000e+02 2.371503755912083875e+02 1.596936845033849579e+02
2.550000000000000000e+02 2.372699465207579692e+02 1.597462672725586685e+02
2.550000000000000000e+02 2.373990849794429607e+02 1.598010912238399897e+02
2.550000000000000000e+02 2.375000772821416319e+02 1.598103959936937883e+02
2.550000000000000000e+02 2.375687501932053465e+02 1.598547713994250330e+02
2.550000000000000000e+02 2.376157686481807900e+02 1.599390398466722445e+02
2.550000000000000000e+02 2.375638968747101956e+02 1.598370119632755291e+02
2.550000000000000000e+02 2.375979319298896542e+02 1.597624192401619894e+02
2.550000000000000000e+02 2.377159417601780547e+02 1.598904293795789613e+02
2.550000000000000000e+02 2.376292002843982800e+02 1.597548301338526642e+02
2.550000000000000000e+02 2.377641812729914363e+02 1.600661535132461495e+02
2.550000000000000000e+02 2.378475068781106074e+02 1.603241676713345214e+02
2.550000000000000000e+02 2.375978082784630203e+02 1.602318464249281362e+02
2.550000000000000000e+02 2.370315002009335785e+02 1.599222850783640979e+02
2.550000000000000000e+02 2.367999010788587100e+02 1.597325883334879109e+02
2.550000000000000000e+02 2.365836038208290688e+02 1.594287767782620904e+02
2.550000000000000000e+02 2.365555504034127807e+02 1.591284429194101904e+02
2.550000000000000000e+02 2.365994621162941769e+02 1.591402052613682088e+02
2.550000000000000000e+02 2.367348295155955498e+02 1.592040866796500609e+02
2.550000000000000000e+02 2.367205786886766248e+02 1.591343163621750421e+02
2.550000000000000000e+02 2.367079816995888564e+02 1.590962626356301541e+02
2.550000000000000000e+02 2.368132245200779096e+02 1.590446381650128274e+02
2.550000000000000000e+02 2.370166774861664862e+02 1.591662184302451521e+02
2.550000000000000000e+02 2.370569414819623546e+02 1.592528207981699495e+02
2.550000000000000000e+02 2.369759343410924544e+02 1.591618751738848232e+02
2.550000000000000000e+02 2.368784661040526771e+02 1.592811988005811656e+02
2.550000000000000000e+02 2.368541222294352337e+02 1.592211042072397902e+02
2.550000000000000000e+02 2.368885282388945654e+02 1.594179881912887708e+02
2.550000000000000000e+02 2.368763794862283305e+02 1.595074036291693744e+02
2.550000000000000000e+02 2.368340752418931174e+02 1.594309561346564124e+02
2.550000000000000000e+02 2.369501993879254371e+02 1.594160561377476881e+02
2.550000000000000000e+02 2.369969705400476130e+02 1.593956072830690402e+02
2.550000000000000000e+02 2.369029799993817562e+02 1.592971498346162207e+02
2.550000000000000000e+02 2.371737302544128170e+02 1.593359300132925398e+02
2.550000000000000000e+02 2.373240594763362026e+02 1.595298772759590804e+02
2.550000000000000000e+02 2.375468793471204663e+02 1.598863797953569019e+02
2.550000000000000000e+02 2.375683792389254734e+02 1.600598318340597928e+02
2.550000000000000000e+02 2.375616093233175548e+02 1.600987665770193757e+02
2.550000000000000000e+02 2.377281832514142650e+02 1.602729141549970677e+02
2.550000000000000000e+02 2.378268880027203238e+02 1.602990509753006165e+02
2.550000000000000000e+02 2.378017558502581323e+02 1.604312034375096516e+02
2.550000000000000000e+02 2.378699805249003134e+02 1.605412841200655407e+02
2.550000000000000000e+02 2.380256885838820438e+02 1.607097282759899883e+02
2.550000000000000000e+02 2.380193205354106851e+02 1.608158366564654216e+02
2.550000000000000000e+02 2.381614423938916332e+02 1.608817583232866468e+02
2.550000000000000000e+02 2.382000061825713431e+02 1.609271538532875923e+02
2.550000000000000000e+02 2.382050449782064447e+02 1.607429595968963554e+02
2.550000000000000000e+02 2.381423691613341873e+02 1.605387028965346587e+02
2.550000000000000000e+02 2.379684843426381065e+02 1.603358991004358813e+02
2.550000000000000000e+02 2.375580852576586608e+02 1.599697517697610465e+02
2.550000000000000000e+02 2.371073758075983733e+02 1.596547497604253749e+02
2.550000000000000000e+02 2.365775603573526098e+02 1.593253578163158011e+02
2.550000000000000000e+02 2.363723608148629012e+02 1.591240687501932030e+02
2.550000000000000000e+02 2.365380846394015180e+02 1.592330829391944178e+02
2.550000000000000000e+02 2.367038239203684782e+02 1.594184827969952778e+02
2.550000000000000000e+02 2.368649417292652117e+02 1.595681628489288642e+02
2.550000000000000000e+02 2.368951745030758218e+02 1.597133296237905427e+02
2.550000000000000000e+02 2.370023184642492708e+02 1.597492349067977386e+02
2.550000000000000000e+02 2.371919688398404844e+02 1.598618195307428493e+02
2.550000000000000000e+02 2.372254629200284342e+02 1.599119292713839684e+02
2.550000000000000000e+02 2.371115490432470949e+02 1.597712757735942262e+02
2.550000000000000000e+02 2.370051006213484186e+02 1.596606850289035151e+02
2.550000000000000000e+02 2.370827073479860303e+02 1.597191566972703924e+02
2.550000000000000000e+02 2.370054715756282917e+02 1.596541933290055226e+02
2.550000000000000000e+02 2.370607283069028313e+02 1.596819067049985961e+02
2.550000000000000000e+02 2.373246159077560264e+02 1.598492379980833960e+02
2.550000000000000000e+02 2.375323348480633001e+02 1.597960060589199145e+02
2.550000000000000000e+02 2.376207456181025748e+02 1.598549259637082969e+02
2.550000000000000000e+02 2.378670128906612149e+02 1.599632755262913975e+02
2.550000000000000000e+02 2.380774521623543194e+02 1.601744103372592747e+02
2.550000000000000000e+02 2.382363751584283875e+02 1.604520541593248595e+02
2.550000000000000000e+02 2.383366564654239710e+02 1.606529877275958995e+02
2.550000000000000000e+02 2.383744319762589328e+02 1.606825095057034218e+02
2.550000000000000000e+02 2.384316053046462116e+02 1.608542304244335241e+02
2.550000000000000000e+02 2.384201830041114079e+02 1.608610467093264162e+02
2.550000000000000000e+02 2.383163158057436135e+02 1.607020000618257143e+02
2.550000000000000000e+02 2.383668274135212926e+02 1.606273300565705142e+02
2.550000000000000000e+02 2.384747132832545162e+02 1.606796036971776687e+02
2.550000000000000000e+02 2.384101517821261780e+02 1.605322575659216682e+02
2.550000000000000000e+02 2.383771523076447636e+02 1.603593774150669162e+02
2.550000000000000000e+02 2.384116665121023857e+02 1.604191165105567336e+02
2.550000000000000000e+02 2.382494976660793213e+02 1.603489906952301567e+02
2.550000000000000000e+02 2.376374385606974045e+02 1.599621317505950628e+02
2.550000000000000000e+02 2.372095582552783810e+02 1.596893721598812874e+02
2.550000000000000000e+02 2.370438035178830773e+02 1.595930476985378164e+02
2.550000000000000000e+02 2.368602738879099832e+02 1.596366039135676544e+02
2.550000000000000000e+02 2.366553525611301723e+02 1.596360165692911721e+02
2.550000000000000000e+02 2.367961451667748634e+02 1.598013385266932573e+02
2.550000000000000000e+02 2.370665399239543660e+02 1.600584562119385339e+02
2.550000000000000000e+02 2.371818139664286491e+02 1.602601935144826655e+02
2.550000000000000000e+02 2.372920183004111436e+02 1.601575473739528377e+02
2.550000000000000000e+02 2.374720702340103173e+02 1.601857862685090765e+02
2.550000000000000000e+02 2.375121023833812615e+02 1.601064793347553348e+02
2.550000000000000000e+02 2.374897833008748478e+02 1.599720547775820023e+02
2.550000000000000000e+02 2.374923181551207279e+02 1.600142508269189250e+02
2.550000000000000000e+02 2.376066648118952571e+02 1.599153451420445720e+02
2.550000000000000000e+02 2.376554607561284627e+02 1.599449905715787281e+02
2.550000000000000000e+02 2.377225107422176791e+02 1.599243562397601295e+02
2.550000000000000000e+02 2.378039661195091128e+02 1.598663482642431006e+02
2.550000000000000000e+02 2.378903830102939878e+02 1.599419301987696542e+02
2.550000000000000000e+02 2.379522550928931253e+02 1.601678413552196218e+02
2.550000000000000000e+02 2.380660916875328326e+02 1.602661596958174925e+02
2.550000000000000000e+02 2.381227394973569460e+02 1.603223283563634141e+02
2.550000000000000000e+02 2.381760950879470897e+02 1.603385112368233933e+02
2.550000000000000000e+02 2.382526971467433441e+02 1.603859624717920269e+02
2.550000000000000000e+02 2.383555442208414377e+02 1.604969396271909545e+02
2.550000000000000000e+02 2.383836285511144126e+02 1.602773346934990286e+02
2.550000000000000000e+02 2.383813255432934568e+02 1.601283810936968734e+02
2.550000000000000000e+02 2.380210516553834736e+02 1.597767009799375444e+02
2.550000000000000000e+02 2.373840767875359461e+02 1.593685894463507395e+02
2.550000000000000000e+02 2.370796006058919829e+02 1.592206096015332832e+02
2.550000000000000000e+02 2.369678660855049657e+02 1.591234814059167206e+02
2.550000000000000000e+02 2.369471081022597332e+02 1.591608550496151224e+02
2.550000000000000000e+02 2.369698908776159954e+02 1.592201922779684082e+02
2.550000000000000000e+02 2.371111935453955368e+02 1.593238430863396218e+02
2.550000000000000000e+02 2.373519274166125683e+02 1.594661349655321771e+02
2.550000000000000000e+02 2.374331818603357078e+02 1.594700299854709442e+02
2.550000000000000000e+02 2.375131379640792488e+02 1.596005904355621396e+02
2.550000000000000000e+02 2.377138705987820231e+02 1.597256638535966999e+02
2.550000000000000000e+02 2.377988191288756923e+02 1.597220161365111721e+02
2.550000000000000000e+02 2.377614918544622640e+02 1.595775758137809532e+02
2.550000000000000000e+02 2.377092800395684549e+02 1.594554700299854630e+02
2.550000000000000000e+02 2.377579059630900531e+02 1.593898111224458205e+02
2.550000000000000000e+02 2.378560851958329465e+02 1.593930106031098433e+02
2.550000000000000000e+02 2.379210640205261313e+02 1.594242635011901541e+02
2.550000000000000000e+02 2.379499057157871960e+02 1.596543942625738168e+02
2.550000000000000000e+02 2.380441899285912939e+02 1.599052675507743686e+02
2.550000000000000000e+02 2.381938236112399068e+02 1.601494172926520037e+02
2.550000000000000000e+02 2.383042907045040124e+02 1.602187548301338609e+02
2.550000000000000000e+02 2.383109215122569537e+02 1.601600976846270328e+02
2.550000000000000000e+02 2.383564870629694781e+02 1.601513802590497448e+02
2.550000000000000000e+02 2.384867538409224323e+02 1.599972178429008522e+02
2.550000000000000000e+02 2.385529537234535837e+02 1.600502797613527548e+02
2.550000000000000000e+02 2.386998670747163658e+02 1.600309437695137547e+02
2.550000000000000000e+02 2.388505054252063360e+02 1.602222634393644398e+02
2.550000000000000000e+02 2.389859501066493692e+02 1.604013107051222562e+02
2.550000000000000000e+02 2.389844662895298200e+02 1.604563201335435281e+02
2.550000000000000000e+02 2.391728956072830670e+02 1.606827413521283461e+02
2.550000000000000000e+02 2.392750471421064162e+02 1.607523571053201010e+02
2.550000000000000000e+02 2.393582490957989535e+02 1.608081238987294910e+02
2.550000000000000000e+02 2.393725308355745085e+02 1.608838913103959953e+02
2.550000000000000000e+02 2.395553803827011734e+02 1.611233113852051133e+02
2.550000000000000000e+02 2.397603944480509313e+02 1.612785866641936252e+02
2.550000000000000000e+02 2.398930260595381583e+02 1.614530433707379018e+02
2.550000000000000000e+02 2.399402918173668411e+02 1.615255649324554099e+02
2.550000000000000000e+02 2.400494451142230048e+02 1.616581347182293200e+02
2.550000000000000000e+02 2.398399950539429426e+02 1.614857955423660769e+02
2.550000000000000000e+02 2.390536028934433830e+02 1.609515131843333506e+02
2.550000000000000000e+02 2.384475099693962648e+02 1.606185198924232509e+02
2.550000000000000000e+02 2.382773965192123455e+02 1.604306779189464862e+02
2.550000000000000000e+02 2.380971900213298795e+02 1.602589879130730424e+02
2.550000000000000000e+02 2.379626263563015982e+02 1.600826609787010284e+02
2.550000000000000000e+02 2.380714396117345188e+02 1.602155244366131797e+02
2.550000000000000000e+02 2.382785712077653102e+02 1.602579214195183681e+02
2.550000000000000000e+02 2.382807969334446057e+02 1.602946613496553141e+02
2.550000000000000000e+02 2.381162323410306385e+02 1.603869207703483823e+02
2.550000000000000000e+02 2.381626789081579147e+02 1.605438189743114208e+02
2.550000000000000000e+02 2.383522829144641264e+02 1.608363009675724129e+02
2.550000000000000000e+02 2.383785433861943091e+02 1.609250363226065588e+02
2.550000000000000000e+02 2.382355095984419791e+02 1.608176141457232120e+02
2.550000000000000000e+02 2.383126835450864007e+02 1.609209867383844994e+02
2.550000000000000000e+02 2.383873226374849423e+02 1.609020062443970573e+02
2.550000000000000000e+02 2.383203344771090428e+02 1.608695477449070950e+02
2.550000000000000000e+02 2.382752017063896801e+02 1.607801013941698329e+02
2.550000000000000000e+02 2.385446381650128274e+02 1.609982997928838699e+02
2.550000000000000000e+02 2.387584160252249035e+02 1.609859501066493692e+02
2.550000000000000000e+02 2.386895576370212382e+02 1.607674116665120891e+02
2.550000000000000000e+02 2.387232681072057972e+02 1.607244273393304184e+02
2.550000000000000000e+02 2.388905375745772801e+02 1.607401001576555757e+02
2.550000000000000000e+02 2.389631055055797617e+02 1.606364648057127056e+02
2.550000000000000000e+02 2.389801848588828079e+02 1.608014467216915477e+02
2.550000000000000000e+02 2.390691675167702215e+02 1.609499211722155110e+02
2.550000000000000000e+02 2.392774428884973190e+02 1.613764413119416474e+02
2.550000000000000000e+02 2.393768895483631525e+02 1.615477603635351898e+02
2.550000000000000000e+02 2.394327645367708328e+02 1.616273146001421992e+02
2.550000000000000000e+02 2.396612414603233390e+02 1.619023462858202720e+02
2.550000000000000000e+02 2.399450523972920450e+02 1.623146619679124569e+02
2.550000000000000000e+02 2.400678691767906230e+02 1.624460416087050589e+02
2.550000000000000000e+02 2.400250085010355861e+02 1.624407709666450330e+02
2.550000000000000000e+02 2.401362484157160964e+02 1.625877925129061055e+02
2.550000000000000000e+02 2.402136542087854423e+02 1.624029336300967543e+02
2.550000000000000000e+02 2.403562861294012123e+02 1.621831895885498795e+02
2.550000000000000000e+02 2.402349995363071571e+02 1.618612630993229970e+02
2.550000000000000000e+02 2.398412161117808807e+02 1.615459055921357674e+02
2.550000000000000000e+02 2.392530062753099003e+02 1.610124887940894496e+02
2.550000000000000000e+02 2.386276855544220723e+02 1.607080435253021733e+02
2.550000000000000000e+02 2.380455964635692112e+02 1.604670468948035591e+02
2.550000000000000000e+02 2.378343225447463567e+02 1.604678815419332807e+02
2.550000000000000000e+02 2.380163992704565885e+02 1.606555071254134646e+02
2.550000000000000000e+02 2.381595876224921824e+02 1.608577544900924181e+02
2.550000000000000000e+02 2.380161055983183473e+02 1.606953847105010880e+02
2.550000000000000000e+02 2.380176821540078436e+02 1.606410399084979304e+02
2.550000000000000000e+02 2.381776871000649294e+02 1.607490648860861313e+02
2.550000000000000000e+02 2.382400537883705738e+02 1.607073943553123740e+02
2.550000000000000000e+02 2.381575782868094961e+02 1.606012086926952804e+02
2.550000000000000000e+02 2.382210578379548167e+02 1.605520108813255433e+02
2.550000000000000000e+02 2.383389440168165834e+02 1.605308201180871208e+02
2.550000000000000000e+02 2.382792822034684264e+02 1.604642338248477529e+02
2.550000000000000000e+02 2.381858944635073669e+02 1.603989149587313250e+02
2.550000000000000000e+02 2.381851834678042508e+02 1.603489134130884963e+02
2.550000000000000000e+02 2.382435778540294962e+02 1.605705276824631369e+02
2.550000000000000000e+02 2.382204704936783344e+02 1.606458004884231343e+02
2.550000000000000000e+02 2.381211011159541329e+02 1.606019196883983966e+02
2.550000000000000000e+02 2.381556771461250719e+02 1.604623172277350136e+02
2.550000000000000000e+02 2.383557760672663619e+02 1.607195276515502940e+02
2.550000000000000000e+02 2.383986058301647688e+02 1.606350582707347883e+02
2.550000000000000000e+02 2.383629787628674706e+02 1.605593990540665743e+02
2.550000000000000000e+02 2.384099199357012537e+02 1.604212958669510556e+02
2.550000000000000000e+02 2.385595845312065251e+02 1.604689944047729568e+02
2.550000000000000000e+02 2.385809607715848983e+02 1.605185168011375936e+02
2.550000000000000000e+02 2.386438838913103950e+02 1.607173946644409455e+02
2.550000000000000000e+02 2.387136851216421007e+02 1.608939689016661987e+02
2.550000000000000000e+02 2.389141549970632923e+02 1.610529073541686103e+02
2.550000000000000000e+02 2.390268478160066650e+02 1.610848403350953788e+02
2.550000000000000000e+02 2.390851803765185934e+02 1.612528517110266080e+02
2.550000000000000000e+02 2.392319391634981116e+02 1.614230115304955291e+02
2.550000000000000000e+02 2.393110451636835876e+02 1.616632198831493952e+02
2.550000000000000000e+02 2.394521778107514933e+02 1.617458963182787670e+02
2.550000000000000000e+02 2.396875483013385235e+02 1.621171133574453620e+02
2.550000000000000000e+02 2.398058363473368502e+02 1.622612600080373397e+02
2.550000000000000000e+02 2.396457695755664759e+02 1.619605861077622251e+02
2.550000000000000000e+02 2.390820272651395726e+02 1.614431976258926227e+02
2.550000000000000000e+02 2.384889795666017562e+02 1.609707718940307188e+02
2.550000000000000000e+02 2.382396673776623572e+02 1.607393891619524595e+02
2.550000000000000000e+02 2.379998454357167077e+02 1.606299885622430281e+02
2.550000000000000000e+02 2.379342174410337236e+02 1.603470895545457324e+02
2.550000000000000000e+02 2.380628149247272063e+02 1.602987263903057169e+02
2.550000000000000000e+02 2.382053077374880274e+02 1.603940152709512006e+02
2.550000000000000000e+02 2.382819407091409403e+02 1.602359578348635125e+02
2.550000000000000000e+02 2.384336764660422148e+02 1.601830041114099288e+02
2.550000000000000000e+02 2.386506538069182852e+02 1.607598534730594508e+02
2.550000000000000000e+02 2.388163003493152701e+02 1.610248075674673203e+02
2.550000000000000000e+02 2.387462209032736666e+02 1.612605799251908820e+02
2.550000000000000000e+02 2.387610590744690739e+02 1.614832916009768553e+02
2.550000000000000000e+02 2.387816470370026991e+02 1.615607901326161482e+02
2.550000000000000000e+02 2.387599152987727678e+02 1.613480478531021163e+02
2.550000000000000000e+02 2.386627561902995467e+02 1.611513802590497448e+02
2.550000000000000000e+02 2.387765464156542805e+02 1.611630807752944463e+02
2.550000000000000000e+02 2.389568301956783785e+02 1.612631766051500790e+02
2.550000000000000000e+02 2.389998608921450511e+02 1.613364709882840202e+02
2.550000000000000000e+02 2.390969427184766118e+02 1.611725246530031939e+02
2.550000000000000000e+02 2.392076725710223002e+02 1.610714550681628623e+02
2.550000000000000000e+02 2.394203066555380417e+02 1.613016631116881570e+02
2.550000000000000000e+02 2.395680082846455718e+02 1.612255865714550680e+02
2.550000000000000000e+02 2.396048564097808367e+02 1.612881387369006632e+02
2.550000000000000000e+02 2.396786299421929698e+02 1.614453615258586012e+02
2.550000000000000000e+02 2.398773377847846859e+02 1.617205014065349644e+02
2.550000000000000000e+02 2.399423011530495558e+02 1.618633188042907136e+02
2.550000000000000000e+02 2.399563046771152131e+02 1.619122229435222096e+02
2.550000000000000000e+02 2.400520727070388602e+02 1.619086834214349722e+02
2.550000000000000000e+02 2.400989056848743530e+02 1.619485610065226240e+02
2.550000000000000000e+02 2.401247179201830022e+02 1.619838480323966792e+02
2.550000000000000000e+02 2.400512380599091102e+02 1.618947880923676053e+02
2.550000000000000000e+02 2.400008810164147235e+02 1.618241367584778629e+02
2.550000000000000000e+02 2.397284923799808212e+02 1.616483971683823313e+02
2.550000000000000000e+02 2.391275155337104650e+02 1.612466845961235151e+02
2.550000000000000000e+02 2.385218863025132237e+02 1.607205786886766248e+02
2.550000000000000000e+02 2.383208599956722082e+02 1.604914989644192929e+02
2.550000000000000000e+02 2.382475656125382670e+02 1.604439549908807123e+02
2.550000000000000000e+02 2.383412933939225411e+02 1.606941018269498329e+02
2.550000000000000000e+02 2.384647747998392617e+02 1.608685276206374226e+02
2.550000000000000000e+02 2.386323843086339593e+02 1.610421496800519208e+02
2.550000000000000000e+02 2.387369934155615283e+02 1.611830504806949307e+02
2.550000000000000000e+02 2.386941636526631498e+02 1.610788896101888668e+02
2.550000000000000000e+02 2.387176883365791866e+02 1.610445145135861935e+02
2.550000000000000000e+02 2.387113666573928015e+02 1.611530031840242430e+02
2.550000000000000000e+02 2.387045967417849113e+02 1.612528053417416345e+02
2.550000000000000000e+02 2.385691211474852480e+02 1.613823456675631292e+02
2.550000000000000000e+02 2.384040310365080870e+02 1.613205817799622821e+02
2.550000000000000000e+02 2.384261028161612330e+02 1.613685585334940811e+02
2.550000000000000000e+02 2.385259667995919415e+02 1.615077745834492475e+02
2.550000000000000000e+02 2.385156419054684704e+02 1.615580698012303458e+02
2.550000000000000000e+02 2.385090574670005310e+02 1.616060310983338013e+02
2.550000000000000000e+02 2.388018949581130812e+02 1.619253763640298018e+02
2.550000000000000000e+02 2.388955918266406968e+02 1.619197965934031913e+02
2.550000000000000000e+02 2.388688676620606373e+02 1.617518006739002772e+02
2.550000000000000000e+02 2.388514946366193783e+02 1.615618875390274809e+02
2.550000000000000000e+02 2.390531855698785080e+02 1.614809885931558995e+02
2.550000000000000000e+02 2.390317320473585028e+02 1.614139540634949981e+02
2.550000000000000000e+02 2.389700763547559461e+02 1.613951435902191633e+02
2.550000000000000000e+02 2.389420229373396296e+02 1.612992673652972258e+02
2.550000000000000000e+02 2.390547775819963476e+02 1.613691922470555369e+02
2.550000000000000000e+02 2.390753191752449709e+02 1.613043988995023028e+02
2.550000000000000000e+02 2.390263686667285015e+02 1.612123094995208419e+02
2.550000000000000000e+02 2.389512967943367698e+02 1.611803919750224168e+02
2.550000000000000000e+02 2.386033107669479705e+02 1.607059569074778267e+02
2.550000000000000000e+02 2.378587127886488020e+02 1.601744412501159331e+02
2.550000000000000000e+02 2.372343349098890144e+02 1.597501159232124621e+02
2.550000000000000000e+02 2.368952208723608237e+02 1.595373427308417433e+02
2.550000000000000000e+02 2.367906735911465717e+02 1.593354508640143479e+02
2.550000000000000000e+02 2.367710902964543038e+02 1.593963182787721280e+02
2.550000000000000000e+02 2.368891928653126797e+02 1.593686976413490299e+02
2.550000000000000000e+02 2.371074994590250071e+02 1.595829391944109545e+02
2.550000000000000000e+02 2.372764845899409636e+02 1.597491576246561067e+02
2.550000000000000000e+02 2.373818510618566222e+02 1.598752975362453128e+02
2.550000000000000000e+02 2.374574329963832042e+02 1.601426010077591400e+02
2.550000000000000000e+02 2.375748554823951224e+02 1.605142353704905815e+02
2.550000000000000000e+02 2.374716529104454423e+02 1.606088441682895791e+02
2.550000000000000000e+02 2.373576617515224711e+02 1.606097715539893045e+02
2.550000000000000000e+02 2.373134718229311488e+02 1.605985038177377930e+02
2.550000000000000000e+02 2.373323750347769590e+02 1.599570929549599612e+02
2.550000000000000000e+02 2.373485888280935967e+02 1.597766855235092294e+02
2.550000000000000000e+02 2.374881603759003497e+02 1.595443599493029012e+02
2.550000000000000000e+02 2.374465671272682243e+02 1.593800581161705168e+02
2.550000000000000000e+02 2.375435562150298381e+02 1.594368759467062375e+02
2.550000000000000000e+02 2.377019382361123974e+02 1.597761445485177205e+02
2.550000000000000000e+02 2.377830072026956145e+02 1.599118365328139930e+02
2.550000000000000000e+02 2.379163652663142727e+02 1.601326161550588836e+02
2.550000000000000000e+02 2.380198460539738505e+02 1.602162818016012977e+02
2.550000000000000000e+02 2.380610219790410724e+02 1.602920646696961171e+02
2.550000000000000000e+02 2.381059383597638259e+02 1.605031531113790209e+02
2.550000000000000000e+02 2.382483384339546717e+02 1.606813193607221137e+02
2.550000000000000000e+02 2.380923057899780417e+02 1.609410028130699573e+02
2.550000000000000000e+02 2.375978701041763372e+02 1.607052768246313690e+02
2.550000000000000000e+02 2.369833070574051703e+02 1.604037373643698459e+02
2.550000000000000000e+02 2.366422145970509234e+02 1.598735664162725243e+02
2.550000000000000000e+02 2.365300472966706877e+02 1.597472719404000259e+02
2.550000000000000000e+02 2.365928313085412356e+02 1.596126619060867426e+02
2.550000000000000000e+02 2.367170082537327289e+02 1.596031716590930216e+02
2.550000000000000000e+02 2.367856038826547831e+02 1.596296639772481285e+02
2.550000000000000000e+02 2.369322544746360109e+02 1.595977928220346769e+02
2.550000000000000000e+02 2.371529413583109260e+02 1.596843488206745292e+02
2.550000000000000000e+02 2.373346007604562828e+02 1.597445825218708535e+02
2.550000000000000000e+02 2.375039413892237690e+02 1.599281894339856080e+02
2.550000000000000000e+02 2.374776963739219013e+02 1.599181891248570366e+02
2.550000000000000000e+02 2.375111595412532211e+02 1.598849114346656677e+02
2.550000000000000000e+02 2.375857677207950758e+02 1.599234443104887191e+02
2.550000000000000000e+02 2.375920121178398006e+02 1.599038764722247947e+02
2.550000000000000000e+02 2.377420476676249734e+02 1.600675136789390649e+02
2.550000000000000000e+02 2.378718662091563942e+02 1.602108565952579795e+02
2.550000000000000000e+02 2.380347769637392332e+02 1.603384648675384199e+02
2.550000000000000000e+02 2.382660978701041756e+02 1.605714550681628623e+02
2.550000000000000000e+02 2.384461188908466909e+02 1.605807443815882891e+02
2.550000000000000000e+02 2.385901418900120632e+02 1.607522489103218106e+02
2.550000000000000000e+02 2.387126186280874265e+02 1.608951590466475068e+02
2.550000000000000000e+02 2.388612785557513405e+02 1.607895298154502370e+02
2.550000000000000000e+02 2.390338495780395078e+02 1.608051253516337340e+02
2.550000000000000000e+02 2.392402547219388680e+02 1.608458066709944774e+02
2.550000000000000000e+02 2.393576308386658127e+02 1.608846641318124284e+02
2.550000000000000000e+02 2.394825187795604222e+02 1.609510649479118456e+02
2.550000000000000000e+02 2.395746236359701982e+02 1.611658320195369356e+02
2.550000000000000000e+02 2.396162787103156120e+02 1.613245849948993680e+02
2.550000000000000000e+02 2.397536245324430411e+02 1.615731707317073074e+02
2.550000000000000000e+02 2.398778633033478513e+02 1.616400970663698899e+02
2.550000000000000000e+02 2.400500942842128040e+02 1.617449843890073851e+02
2.550000000000000000e+02 2.401364957185693640e+02 1.618932733623914260e+02
2.550000000000000000e+02 2.402099446659865976e+02 1.619350984574484471e+02
2.550000000000000000e+02 2.402978453738909934e+02 1.620753346316733143e+02
2.550000000000000000e+02 2.403883736746112731e+02 1.621629107545828390e+02
2.550000000000000000e+02 2.405886889857491724e+02 1.623186033571362259e+02
2.550000000000000000e+02 2.407104238152647611e+02 1.622301462178119777e+02
2.550000000000000000e+02 2.409918080929858775e+02 1.623368573989922368e+02
2.550000000000000000e+02 2.412696528486197280e+02 1.625528455284552933e+02
2.550000000000000000e+02 2.414697054004760446e+02 1.626259235215926253e+02
2.550000000000000000e+02 2.415456119199975262e+02 1.626608859624717809e+02
2.550000000000000000e+02 2.416270982101455900e+02 1.626476088905375832e+02
2.550000000000000000e+02 2.418450338495780443e+02 1.628058981730501671e+02
2.550000000000000000e+02 2.419897369315898459e+02 1.628763022040866701e+02
2.550000000000000000e+02 2.417931620761074498e+02 1.626261708244458930e+02
2.550000000000000000e+02 2.411864663513555342e+02 1.620626912733005724e+02
2.550000000000000000e+02 2.403847723268107188e+02 1.616378867971189095e+02
2.550000000000000000e+02 2.396628180160128636e+02 1.612710593835976454e+02
2.550000000000000000e+02 2.391902222634393524e+02 1.610742217688336666e+02
2.550000000000000000e+02 2.391125073418034503e+02 1.609810658752975314e+02
2.550000000000000000e+02 2.391695570187640953e+02 1.609540634950075741e+02
2.550000000000000000e+02 2.392803486970231006e+02 1.613999196265726823e+02
2.550000000000000000e+02 2.393027296052428312e+02 1.614674642183684057e+02
2.550000000000000000e+02 2.393137191257844165e+02 1.616451976877183085e+02
2.550000000000000000e+02 2.394364277102847041e+02 1.618171349964450201e+02
2.550000000000000000e+02 2.394642183684194379e+02 1.618667501313796322e+02
2.550000000000000000e+02 2.394569074778200388e+02 1.615336177316145836e+02
2.550000000000000000e+02 2.394371850752727937e+02 1.610211289375251056e+02
2.550000000000000000e+02 2.394155769884694962e+02 1.609016971158304727e+02
2.550000000000000000e+02 2.393360845775758037e+02 1.607151534823333066e+02
2.550000000000000000e+02 2.392246437293270276e+02 1.606102352468391530e+02
2.550000000000000000e+02 2.392960524282048880e+02 1.608004111409935319e+02
2.550000000000000000e+02 2.392857275340814169e+02 1.608240903891928610e+02
2.550000000000000000e+02 2.394521159850381764e+02 1.610540820427215749e+02
2.550000000000000000e+02 2.395188568425608082e+02 1.611015487341185235e+02
2.550000000000000000e+02 2.396736220594144982e+02 1.612149216359083823e+02
2.550000000000000000e+02 2.398598565643451082e+02 1.613632415221490533e+02
2.550000000000000000e+02 2.399975424278957519e+02 1.615077745834492475e+02
2.550000000000000000e+02 2.400334631673312913e+02 1.614265974218677684e+02
2.550000000000000000e+02 2.400311292466536770e+02 1.613028841695260951e+02
2.550000000000000000e+02 2.401276391851370988e+02 1.614938947108102241e+02
2.550000000000000000e+02 2.401621533895947209e+02 1.615096293548486699e+02
2.550000000000000000e+02 2.401415345142044657e+02 1.615123651426628442e+02
2.550000000000000000e+02 2.400032613063773113e+02 1.612762836563726978e+02
2.550000000000000000e+02 2.399803857924510737e+02 1.612208259915298640e+02
2.550000000000000000e+02 2.400201242696837483e+02 1.612672261893721668e+02
2.550000000000000000e+02 2.401059383597638259e+02 1.611378558842622510e+02
2.550000000000000000e+02 2.401701598194689211e+02 1.611000340041423158e+02
2.550000000000000000e+02 2.403151565736189639e+02 1.610812699001514829e+02
2.550000000000000000e+02 2.405892145043123378e+02 1.614389934773872426e+02
2.550000000000000000e+02 2.406350891835914467e+02 1.613338124826115063e+02
2.550000000000000000e+02 2.407365606355683383e+02 1.614478345543911644e+02
2.550000000000000000e+02 2.408007975517017485e+02 1.614511731429101360e+02
2.550000000000000000e+02 2.407556338681257557e+02 1.615522427277504676e+02
2.550000000000000000e+02 2.401693560851958296e+02 1.611529259018825826e+02
2.550000000000000000e+02 2.394209249126711825e+02 1.606406071285047403e+02
2.550000000000000000e+02 2.390475594299669240e+02 1.603784351911960186e+02
2.550000000000000000e+02 2.388471204674023909e+02 1.603729481591393835e+02
2.550000000000000000e+02 2.386739002751244243e+02 1.604361804074314648e+02
2.550000000000000000e+02 2.387113821138211449e+02 1.603806145475903406e+02
2.550000000000000000e+02 2.387934712046740344e+02 1.605345296608859655e+02
2.550000000000000000e+02 2.388523447401774433e+02 1.604230888126371894e+02
2.550000000000000000e+02 2.389053602893443440e+02 1.603164703700269058e+02
2.550000000000000000e+02 2.389757952332375055e+02 1.601073912640267167e+02
2.550000000000000000e+02 2.391971776561872218e+02 1.598380784568302033e+02
2.550000000000000000e+02 2.391722618937216112e+02 1.599135521963584665e+02
2.550000000000000000e+02 2.390167083990231447e+02 1.598896874710191867e+02
2.550000000000000000e+02 2.389391634980988499e+02 1.598373520046987437e+02
2.550000000000000000e+02 2.388699650684719700e+02 1.597490339732294728e+02
2.550000000000000000e+02 2.387007790039877477e+02 1.596099570311292553e+02
2.550000000000000000e+02 2.386374385606974045e+02 1.595579461498037119e+02
2.550000000000000000e+02 2.386954929054994068e+02 1.599583294692262427e+02
2.550000000000000000e+02 2.387655723515410102e+02 1.602322328356363528e+02
2.550000000000000000e+02 2.387092645831401398e+02 1.603116788772450434e+02
2.550000000000000000e+02 2.388063154966150421e+02 1.603908157902871778e+02
2.550000000000000000e+02 2.390479922099601140e+02 1.605453955300009170e+02
2.550000000000000000e+02 2.391967603326223468e+02 1.610434016507465458e+02
2.550000000000000000e+02 2.392308572135150939e+02 1.611845033849577931e+02
2.550000000000000000e+02 2.392952177810751380e+02 1.612164981915978785e+02
2.550000000000000000e+02 2.394933537358187152e+02 1.614463043679866416e+02
2.550000000000000000e+02 2.394729821632816993e+02 1.613660082228198576e+02
2.550000000000000000e+02 2.394232588333487968e+02 1.613699959813286284e+02
2.550000000000000000e+02 2.395362916937154125e+02 1.613926860181149436e+02
2.550000000000000000e+02 2.395794614980370341e+02 1.613882809360412978e+02
2.550000000000000000e+02 2.395031994806639943e+02 1.611864199820705323e+02
2.550000000000000000e+02 2.396313178150792851e+02 1.612459581439920839e+02
2.550000000000000000e+02 2.398332405947633674e+02 1.610840984265356042e+02
2.550000000000000000e+02 2.398356981668675871e+02 1.609566138056817692e+02
2.550000000000000000e+02 2.395698785124733377e+02 1.605754582830999482e+02
2.550000000000000000e+02 2.389998299792883927e+02 1.600430306964666727e+02
2.550000000000000000e+02 2.385706204210331123e+02 1.597440879161643466e+02
2.550000000000000000e+02 2.382445979782991685e+02 1.594811277010108483e+02
2.550000000000000000e+02 2.379075241893103225e+02 1.593412779374941977e+02
2.550000000000000000e+02 2.378441064638783189e+02 1.593796871618906437e+02
2.550000000000000000e+02 2.380675136789390649e+02 1.595442208414479524e+02
2.550000000000000000e+02 2.380834801694024634e+02 1.596582274567992954e+02
2.550000000000000000e+02 2.381576710253794431e+02 1.595784722866240202e+02
2.550000000000000000e+02 2.383050171566354436e+02 1.597228507836409221e+02
2.550000000000000000e+02 2.385498315249312213e+02 1.599133203499335423e+02
2.550000000000000000e+02 2.385288880645460381e+02 1.598646326006986271e+02
2.550000000000000000e+02 2.384752388018176816e+02 1.597696528486197280e+02
2.550000000000000000e+02 2.384140468020649735e+02 1.596170669881603885e+02
2.550000000000000000e+02 2.383472441188290247e+02 1.595756746730965290e+02
2.550000000000000000e+02 2.382485857368079394e+02 1.594123775078055019e+02
2.550000000000000000e+02 2.382492812760827121e+02 1.593927633002565756e+02
2.550000000000000000e+02 2.383735200469875508e+02 1.594010943151256470e+02
2.550000000000000000e+02 2.383608303193298070e+02 1.595393984358094599e+02
