2.550000000000000000e+02 2.117406318616509679e+02 1.565970657085306641e+02
2.550000000000000000e+02 2.111762570998239710e+02 1.565396229154191019e+02
2.550000000000000000e+02 2.115509009744678508e+02 1.567594860906962708e+02
2.550000000000000000e+02 2.115064510860689211e+02 1.567905892173408233e+02
2.550000000000000000e+02 2.116649518210027736e+02 1.570790462191736196e+02
2.550000000000000000e+02 2.126520224290924830e+02 1.575653365271199675e+02
2.550000000000000000e+02 2.134598780554194661e+02 1.581211824269149133e+02
2.550000000000000000e+02 2.135729943564338384e+02 1.584331482388807331e+02
2.550000000000000000e+02 2.138152684776888464e+02 1.587414030885368561e+02
2.550000000000000000e+02 2.144849111728092623e+02 1.592359500607908274e+02
2.550000000000000000e+02 2.143579400076215222e+02 1.593250403759957976e+02
2.550000000000000000e+02 2.138105322372838373e+02 1.591738799063639931e+02
2.550000000000000000e+02 2.138480047906799371e+02 1.589918522147821420e+02
2.550000000000000000e+02 2.140366015206779480e+02 1.589544703939608326e+02
2.550000000000000000e+02 2.139241747872321184e+02 1.588794617743662343e+02
2.550000000000000000e+02 2.139152920681583225e+02 1.586181973252036812e+02
2.550000000000000000e+02 2.144861723555991091e+02 1.590540766145861653e+02
2.550000000000000000e+02 2.150393779374671226e+02 1.590750993521694170e+02
2.550000000000000000e+02 2.150341154481281762e+02 1.589450342061807078e+02
2.550000000000000000e+02 2.150782659190302581e+02 1.586864100749451154e+02
2.550000000000000000e+02 2.157966592265955228e+02 1.590277278748616254e+02
2.550000000000000000e+02 2.161321066289219175e+02 1.592047652748289579e+02
2.550000000000000000e+02 2.158077921135245845e+02 1.592123595913404870e+02
2.550000000000000000e+02 2.150357849275046647e+02 1.588788810858874569e+02
2.550000000000000000e+02 2.142261146496815343e+02 1.587320031937866247e+02
2.550000000000000000e+02 2.131511967626617263e+02 1.582802457038125965e+02
2.550000000000000000e+02 2.119499337652203792e+02 1.576737982470466477e+02
2.550000000000000000e+02 2.114714101656776677e+02 1.574478378427423024e+02
2.550000000000000000e+02 2.117000018146515004e+02 1.576838604895929734e+02
2.550000000000000000e+02 2.118258297493966325e+02 1.577411308908124283e+02
2.550000000000000000e+02 2.115289618378790237e+02 1.575955414012738913e+02
2.550000000000000000e+02 2.118652984194385454e+02 1.577626254377846635e+02
2.550000000000000000e+02 2.128266917088573109e+02 1.580302683869562941e+02
2.550000000000000000e+02 2.130583954851470878e+02 1.582075053985882107e+02
2.550000000000000000e+02 2.128618868746257249e+02 1.579397535703268147e+02
2.550000000000000000e+02 2.129884769629992434e+02 1.580825303500462837e+02
2.550000000000000000e+02 2.130534505598199928e+02 1.580240078392944554e+02
2.550000000000000000e+02 2.125332716351824729e+02 1.578212205345963355e+02
2.550000000000000000e+02 2.124489084871250384e+02 1.578425517629339367e+02
2.550000000000000000e+02 2.129679351080625054e+02 1.583508537935289553e+02
2.550000000000000000e+02 2.133739180140454152e+02 1.586419511132886839e+02
2.550000000000000000e+02 2.130804253543107052e+02 1.584781425227285183e+02
2.550000000000000000e+02 2.127502585878382035e+02 1.579885858420890372e+02
2.550000000000000000e+02 2.131855390422269352e+02 1.581628740450396435e+02
2.550000000000000000e+02 2.139352532346162832e+02 1.586123178543560641e+02
2.550000000000000000e+02 2.138008057052643096e+02 1.585140726223528702e+02
2.550000000000000000e+02 2.137711452265592413e+02 1.585227648030195837e+02
2.550000000000000000e+02 2.144145752808173313e+02 1.589253633839621216e+02
2.550000000000000000e+02 2.148095704719908667e+02 1.591627651659498781e+02
2.550000000000000000e+02 2.143674760012339675e+02 1.588839984031066876e+02
2.550000000000000000e+02 2.134757108897236151e+02 1.584251909920699859e+02
2.550000000000000000e+02 2.124393089807102513e+02 1.580835374816266494e+02
2.550000000000000000e+02 2.110859056018291824e+02 1.576326782441432215e+02
2.550000000000000000e+02 2.097277478360281009e+02 1.571783893153319980e+02
2.550000000000000000e+02 2.094220788647540132e+02 1.568723120474712971e+02
2.550000000000000000e+02 2.095013882083945873e+02 1.569191482025877065e+02
2.550000000000000000e+02 2.095278911934962878e+02 1.570986263088173871e+02
2.550000000000000000e+02 2.094673544195837280e+02 1.569497069337833750e+02
2.550000000000000000e+02 2.098745894350989829e+02 1.571303554902281121e+02
2.550000000000000000e+02 2.103230351860925111e+02 1.571741883971183427e+02
2.550000000000000000e+02 2.105489683706244080e+02 1.571271979966247443e+02
2.550000000000000000e+02 2.104321683270727874e+02 1.571396646524034963e+02
2.550000000000000000e+02 2.105955232547589162e+02 1.571489647413214357e+02
2.550000000000000000e+02 2.107888925181918864e+02 1.572530168581124030e+02
2.550000000000000000e+02 2.104545066869907544e+02 1.570012430362748717e+02
2.550000000000000000e+02 2.103525686391928389e+02 1.569644419039323395e+02
2.550000000000000000e+02 2.107535158872738350e+02 1.571232874226504919e+02
2.550000000000000000e+02 2.110474622098825819e+02 1.573201045239261759e+02
2.550000000000000000e+02 2.110748906672473595e+02 1.570857967227393885e+02
2.550000000000000000e+02 2.113730197615547866e+02 1.572942457401056231e+02
2.550000000000000000e+02 2.119590796087611295e+02 1.576128441032899730e+02
2.550000000000000000e+02 2.122599851198577312e+02 1.577045475166494271e+02
2.550000000000000000e+02 2.121116555065599698e+02 1.577811621028181435e+02
2.550000000000000000e+02 2.123400838368991117e+02 1.579329486272161489e+02
2.550000000000000000e+02 2.130345600377447397e+02 1.583964650588854397e+02
2.550000000000000000e+02 2.131442920137187684e+02 1.585306313172555122e+02
2.550000000000000000e+02 2.124506324060464237e+02 1.582628704157366712e+02
2.550000000000000000e+02 2.116977970130836297e+02 1.579350808427241475e+02
2.550000000000000000e+02 2.111493095251057071e+02 1.574818897780681084e+02
2.550000000000000000e+02 2.104186401001687727e+02 1.571669116446186649e+02
2.549999909267425267e+02 2.098258841889415010e+02 1.568529406427495587e+02
2.550000000000000000e+02 2.099545066869907544e+02 1.568970457473642170e+02
2.550000000000000000e+02 2.104098118206398453e+02 1.570769502966955145e+02
2.550000000000000000e+02 2.105993340229009050e+02 1.571153846153846132e+02
2.550000000000000000e+02 2.109775981272796628e+02 1.572995082294445410e+02
2.550000000000000000e+02 2.119067722793837447e+02 1.577122416389932198e+02
2.550000000000000000e+02 2.120789917796287227e+02 1.578864663291414843e+02
2.550000000000000000e+02 2.115149527283285238e+02 1.575574155733391422e+02
2.550000000000000000e+02 2.112362494782877036e+02 1.574620284174424398e+02
2.550000000000000000e+02 2.113202496960458632e+02 1.577094561489466003e+02
2.550000000000000000e+02 2.110425898706153589e+02 1.575716061480392796e+02
2.550000000000000000e+02 2.106027637142286721e+02 1.574332117516831033e+02
2.550000000000000000e+02 2.106467599397535650e+02 1.574074346271798390e+02
2.550000000000000000e+02 2.110467454225415906e+02 1.576751138693813914e+02
2.550000000000000000e+02 2.112353058595096797e+02 1.577594316511514023e+02
2.550000000000000000e+02 2.111780808245776484e+02 1.577809261981236375e+02
2.550000000000000000e+02 2.114233581940588351e+02 1.579836681365343907e+02
2.550000000000000000e+02 2.117511024007839353e+02 1.580806340392327627e+02
2.550000000000000000e+02 2.117546137514290479e+02 1.581202206616219428e+02
2.550000000000000000e+02 2.117417660188360742e+02 1.579691146315350068e+02
2.550000000000000000e+02 2.121393652349066485e+02 1.582549131689258957e+02
2.550000000000000000e+02 2.125606184332299051e+02 1.584888761863284117e+02
2.550000000000000000e+02 2.124050211406899393e+02 1.584652131308182277e+02
2.550000000000000000e+02 2.122586241312355924e+02 1.583667682871504496e+02
2.550000000000000000e+02 2.125352314587983358e+02 1.584884406699693216e+02
2.550000000000000000e+02 2.126809570471990867e+02 1.585449307710454150e+02
2.550000000000000000e+02 2.124371495454298042e+02 1.584671275881466954e+02
2.550000000000000000e+02 2.124421761300742162e+02 1.588189794399985431e+02
2.550000000000000000e+02 2.129217250077122685e+02 1.591756854846026954e+02
2.550000000000000000e+02 2.134451067922405514e+02 1.596642803999491775e+02
2.550000000000000000e+02 2.135455386792966408e+02 1.598054058468071332e+02
2.550000000000000000e+02 2.135624693777560026e+02 1.598690184550057154e+02
2.550000000000000000e+02 2.138732284464768441e+02 1.599067813526412181e+02
2.550000000000000000e+02 2.137825230914402823e+02 1.598207305786923484e+02
2.550000000000000000e+02 2.125331264630627572e+02 1.593098063766853443e+02
2.550000000000000000e+02 2.109310704629176030e+02 1.584345727403052138e+02
2.550000000000000000e+02 2.093898778739543047e+02 1.578496107572540552e+02
2.550000000000000000e+02 2.076284682526720644e+02 1.567850454570199759e+02
2.550000000000000000e+02 2.061989583900411844e+02 1.558182172863701567e+02
2.550000000000000000e+02 2.059235305859509708e+02 1.555511096593899083e+02
2.550000000000000000e+02 2.059631716478850194e+02 1.555581232874226600e+02
2.550000000000000000e+02 2.054765184096394250e+02 1.553546191953835205e+02
2.550000000000000000e+02 2.051374779973506008e+02 1.550233908577857562e+02
2.550000000000000000e+02 2.055509281942402993e+02 1.551425045819950412e+02
2.550000000000000000e+02 2.061941132705463815e+02 1.553675758070662596e+02
2.550000000000000000e+02 2.060708077013809429e+02 1.554122434536447201e+02
2.550000000000000000e+02 2.059468307111619083e+02 1.554179414593427282e+02
2.550000000000000000e+02 2.062118787086940017e+02 1.557633331518681814e+02
2.550000000000000000e+02 2.063448291505616226e+02 1.561164098934799540e+02
2.550000000000000000e+02 2.060959315513455579e+02 1.563162756092692405e+02
2.550000000000000000e+02 2.063753334422124226e+02 1.566121454624639284e+02
2.550000000000000000e+02 2.071991670749632419e+02 1.572526720743281317e+02
2.550000000000000000e+02 2.076005226196309081e+02 1.571114558948953857e+02
2.550000000000000000e+02 2.075607000925472221e+02 1.568351389115720451e+02
2.550000000000000000e+02 2.077368936795688512e+02 1.567241276062932229e+02
2.550000000000000000e+02 2.082629067087665931e+02 1.568789083056599054e+02
2.550000000000000000e+02 2.086618396936868294e+02 1.569293556172537194e+02
2.550000000000000000e+02 2.088394214891030174e+02 1.573151868183715294e+02
2.550000000000000000e+02 2.091353367085851289e+02 1.574974231948754380e+02
2.550000000000000000e+02 2.094032518554811588e+02 1.578282432358865606e+02
2.550000000000000000e+02 2.091814016368156501e+02 1.577777868510352448e+02
2.550000000000000000e+02 2.087354328851144203e+02 1.575734117262779819e+02
2.550000000000000000e+02 2.084954815177745218e+02 1.572331192044567842e+02
2.550000000000000000e+02 2.080034478378427423e+02 1.569389188306385847e+02
2.550000000000000000e+02 2.068532309869889616e+02 1.564433012140018491e+02
2.550000000000000000e+02 2.060176111927704312e+02 1.560557733137351022e+02
2.550000000000000000e+02 2.060779483550184068e+02 1.560465185911045864e+02
2.550000000000000000e+02 2.061794508864572606e+02 1.561967626617308156e+02
2.550000000000000000e+02 2.061564229589707224e+02 1.560523980619522035e+02
2.550000000000000000e+02 2.063396120275101282e+02 1.561784165351044464e+02
2.550000000000000000e+02 2.067509481554067463e+02 1.563127007458217577e+02
2.550000000000000000e+02 2.068724572195909843e+02 1.562760810786288630e+02
2.550000000000000000e+02 2.068328705972018042e+02 1.561700509917070292e+02
2.550000000000000000e+02 2.067316584100023533e+02 1.561163282341626370e+02
2.550000000000000000e+02 2.067587602300978062e+02 1.561362440343332025e+02
2.550000000000000000e+02 2.066371604333387779e+02 1.561614676901301095e+02
2.550000000000000000e+02 2.064546246393380216e+02 1.561023372711270838e+02
2.550000000000000000e+02 2.066533652711996751e+02 1.561358811040339845e+02
2.550000000000000000e+02 2.069232583882265430e+02 1.561095051445369961e+02
2.550000000000000000e+02 2.070622606928339451e+02 1.562347160977734291e+02
2.550000000000000000e+02 2.074318053967735409e+02 1.563501370061879641e+02
2.550000000000000000e+02 2.080952601302919902e+02 1.565604641878527161e+02
2.550000000000000000e+02 2.086267443337507075e+02 1.570889451430852830e+02
2.550000000000000000e+02 2.086668753515887147e+02 1.573523781007857565e+02
2.550000000000000000e+02 2.087942094470757013e+02 1.575330175839729918e+02
2.550000000000000000e+02 2.092973578674215673e+02 1.579270237900811082e+02
2.550000000000000000e+02 2.095663164389279132e+02 1.581312809624911608e+02
2.550000000000000000e+02 2.095951240314297763e+02 1.579728074473297283e+02
2.550000000000000000e+02 2.097726150942711456e+02 1.579091585461012244e+02
2.550000000000000000e+02 2.099313154408695823e+02 1.578875641932966687e+02
2.550000000000000000e+02 2.099887491607236711e+02 1.578563340410474041e+02
2.550000000000000000e+02 2.101858384597238114e+02 1.579713012865879023e+02
2.550000000000000000e+02 2.103427967408859161e+02 1.580341063748707029e+02
2.550000000000000000e+02 2.104465675866949823e+02 1.580398678933710812e+02
2.550000000000000000e+02 2.104081877075507521e+02 1.579641061934055699e+02
2.550000000000000000e+02 2.104582630155878462e+02 1.579799662474821673e+02
2.550000000000000000e+02 2.105094906273250217e+02 1.579410419728891100e+02
2.550000000000000000e+02 2.105897072967136694e+02 1.579700854700854791e+02
2.550000000000000000e+02 2.105932549403887037e+02 1.579852378100785870e+02
2.550000000000000000e+02 2.109452610376177120e+02 1.581666122271217887e+02
2.550000000000000000e+02 2.116325875115684028e+02 1.585002268314370326e+02
2.549999818534850249e+02 2.116005770591757766e+02 1.584701308363728742e+02
2.550000000000000000e+02 2.108617689222784861e+02 1.577565372820149889e+02
2.550000000000000000e+02 2.096419057470012888e+02 1.571492823053332586e+02
2.550000000000000000e+02 2.085515814687789202e+02 1.566893770301413724e+02
2.550000000000000000e+02 2.075057524452429050e+02 1.561431760030486089e+02
2.550000000000000000e+02 2.069431560418821618e+02 1.558695809969695460e+02
2.550000000000000000e+02 2.071324786324786373e+02 1.561045602192099011e+02
2.550000000000000000e+02 2.073365452664815791e+02 1.564568022211334437e+02
2.550000000000000000e+02 2.072659099569927719e+02 1.565772950804797858e+02
2.550000000000000000e+02 2.072728872919955734e+02 1.564949643420980863e+02
2.550000000000000000e+02 2.077555210771771215e+02 1.567522184114540664e+02
2.550000000000000000e+02 2.080533961202750959e+02 1.567792476454896757e+02
2.550000000000000000e+02 2.078637741121817442e+02 1.565429255811421285e+02
2.550000000000000000e+02 2.076710853430598718e+02 1.563629302992360408e+02
2.550000000000000000e+02 2.076583737093291120e+02 1.562378826646342702e+02
2.550000000000000000e+02 2.075768504908632224e+02 1.562712541056490068e+02
2.550000000000000000e+02 2.075058885441050904e+02 1.561151668572050824e+02
2.550000000000000000e+02 2.076953563068212816e+02 1.560495853521331355e+02
2.550000000000000000e+02 2.081566134973778333e+02 1.563632660097628388e+02
2.550000000000000000e+02 2.083637105993794023e+02 1.563986154209084134e+02
2.550000000000000000e+02 2.086524579454515731e+02 1.565654000399223378e+02
2.550000000000000000e+02 2.089004119258896424e+02 1.566827989184677108e+02
2.550000000000000000e+02 2.094363329522565209e+02 1.570025495853521420e+02
2.550000000000000000e+02 2.097613188887074216e+02 1.572464568929537165e+02
2.550000000000000000e+02 2.097239915074310090e+02 1.570979095214763959e+02
2.550000000000000000e+02 2.096261364254994817e+02 1.569784237937104194e+02
2.550000000000000000e+02 2.097588418894151516e+02 1.570176928520877482e+02
2.550000000000000000e+02 2.098630845446132014e+02 1.569626544722086123e+02
2.550000000000000000e+02 2.098147150089825175e+02 1.569066906200664278e+02
2.550000000000000000e+02 2.097916507884660859e+02 1.567514653310831534e+02
2.550000000000000000e+02 2.099761373328252319e+02 1.568519607309416131e+02
2.550000000000000000e+02 2.097872321120728714e+02 1.568315005353221920e+02
2.550000000000000000e+02 2.088495563177091867e+02 1.565275827027419382e+02
2.550000000000000000e+02 2.074919792403868826e+02 1.561094507049920992e+02
2.550000000000000000e+02 2.062038670223383576e+02 1.554978950042644215e+02
2.550000000000000000e+02 2.050872302974213710e+02 1.550461828805777884e+02
2.550000000000000000e+02 2.043080552379915389e+02 1.547530168581124030e+02
2.550000000000000000e+02 2.038148420345872580e+02 1.545344965249423979e+02
2.550000000000000000e+02 2.034951095142178019e+02 1.543095341789609165e+02
2.550000000000000000e+02 2.032535068140163617e+02 1.541974340827844117e+02
2.550000000000000000e+02 2.033802874407969909e+02 1.543101239406971956e+02
2.550000000000000000e+02 2.036707405592756004e+02 1.544003030467998485e+02
2.550000000000000000e+02 2.039078066307365589e+02 1.543347487615003502e+02
2.550000000000000000e+02 2.038768668227266971e+02 1.542860435153428682e+02
2.550000000000000000e+02 2.035234271508156780e+02 1.541805487506124450e+02
2.550000000000000000e+02 2.034063639827971031e+02 1.541746239134774044e+02
2.550000000000000000e+02 2.032952528716859888e+02 1.541261908650443786e+02
2.550000000000000000e+02 2.029545792730505980e+02 1.539021086250385508e+02
2.550000000000000000e+02 2.026027727874861739e+02 1.535656813109042389e+02
2.550000000000000000e+02 2.025150706806757626e+02 1.535559094125973161e+02
2.550000000000000000e+02 2.025366831799952934e+02 1.534625637396337936e+02
2.550000000000000000e+02 2.028135082657375676e+02 1.538035095359936122e+02
2.550000000000000000e+02 2.032945270110875242e+02 1.541154934944743786e+02
2.550000000000000000e+02 2.038989964977226066e+02 1.545972381004227998e+02
2.550000000000000000e+02 2.046741248843159724e+02 1.548830003447837953e+02
2.550000000000000000e+02 2.054345999600776622e+02 1.552869780608634187e+02
2.550000000000000000e+02 2.061062115520714144e+02 1.554808463534578209e+02
2.550000000000000000e+02 2.068488848966555906e+02 1.557991906654326897e+02
2.550000000000000000e+02 2.073586477217050401e+02 1.560097083855045526e+02
2.550000000000000000e+02 2.081971891048324039e+02 1.565055619068357942e+02
2.550000000000000000e+02 2.089410056798591881e+02 1.569960894260257191e+02
2.550000000000000000e+02 2.095777215235814026e+02 1.572082221859292019e+02
2.550000000000000000e+02 2.098258932621990027e+02 1.573152684776888464e+02
2.550000000000000000e+02 2.101724191119095622e+02 1.575282178307656125e+02
2.550000000000000000e+02 2.106891592719618131e+02 1.576998294227593647e+02
2.550000000000000000e+02 2.103037182209156697e+02 1.575933547462209958e+02
2.550000000000000000e+02 2.086746692797648279e+02 1.568920736022646736e+02
2.550000000000000000e+02 2.073440488504182895e+02 1.563595369009381670e+02
2.550000000000000000e+02 2.066955740650008124e+02 1.561263632569365143e+02
2.550000000000000000e+02 2.057751193133358640e+02 1.557557932749015492e+02
2.550000000000000000e+02 2.048634656214273946e+02 1.552767524996824307e+02
2.550000000000000000e+02 2.048047797920409323e+02 1.551445914312156447e+02
2.550000000000000000e+02 2.049614477289636625e+02 1.552963144428112514e+02
2.550000000000000000e+02 2.045784292376649205e+02 1.550073221187870729e+02
2.550000000000000000e+02 2.043669951185874822e+02 1.548691273340954808e+02
2.550000000000000000e+02 2.046530930734752474e+02 1.549796668299852911e+02
2.550000000000000000e+02 2.047713357649663521e+02 1.550565989801658588e+02
2.550000000000000000e+02 2.043144246647431430e+02 1.548206216996025830e+02
2.550000000000000000e+02 2.038852868056689829e+02 1.547106538189340768e+02
2.550000000000000000e+02 2.037346435117135854e+02 1.547654925871486284e+02
2.550000000000000000e+02 2.029834594516123047e+02 1.544190393234979126e+02
2.550000000000000000e+02 2.018807955432159247e+02 1.538824378028199646e+02
2.550000000000000000e+02 2.014151922623260305e+02 1.536952383544740144e+02
2.550000000000000000e+02 2.014245286442738632e+02 1.536516957918231867e+02
2.550000000000000000e+02 2.013801513419347771e+02 1.536227248806866612e+02
2.550000000000000000e+02 2.012061262634510967e+02 1.535025042190647184e+02
2.550000000000000000e+02 2.013593735823035047e+02 1.537586876440379626e+02
2.550000000000000000e+02 2.017190738018763625e+02 1.540621971800315748e+02
2.550000000000000000e+02 2.018269094670368418e+02 1.541620483786088869e+02
2.550000000000000000e+02 2.017731141234326060e+02 1.541427404866895188e+02
2.550000000000000000e+02 2.020837915328361305e+02 1.542788393489030341e+02
2.550000000000000000e+02 2.025623877184386856e+02 1.542331010579418091e+02
2.550000000000000000e+02 2.026424864354800661e+02 1.540302774602137674e+02
2.550000000000000000e+02 2.027328923730197516e+02 1.539363510987714676e+02
2.550000000000000000e+02 2.032680966120456674e+02 1.540074582176492868e+02
2.550000000000000000e+02 2.044858547915872862e+02 1.543944507957246799e+02
2.550000000000000000e+02 2.051923439853376294e+02 1.547921588908850197e+02
2.550000000000000000e+02 2.055598653528589921e+02 1.550552833578311152e+02
2.550000000000000000e+02 2.051718202769158097e+02 1.549736966265628553e+02
2.550000000000000000e+02 2.043552180303772730e+02 1.546855118224544867e+02
2.550000000000000000e+02 2.031074545883463145e+02 1.541935325820676042e+02
2.550000000000000000e+02 2.023940697189104867e+02 1.540365198613606310e+02
2.550000000000000000e+02 2.022959333659970582e+02 1.538943872829223096e+02
2.550000000000000000e+02 2.024775890540221610e+02 1.539952002467925922e+02
2.550000000000000000e+02 2.027333460358938169e+02 1.541350282178307793e+02
2.550000000000000000e+02 2.028647268042172414e+02 1.541279873700255791e+02
2.550000000000000000e+02 2.031039886039885971e+02 1.542910156604424117e+02
2.550000000000000000e+02 2.035454207269494020e+02 1.545715335619794359e+02
2.549999637069700782e+02 2.041796595713793181e+02 1.548190338795434400e+02
2.550000000000000000e+02 2.045946340755257893e+02 1.551596984049213290e+02
2.550000000000000000e+02 2.047950260402489562e+02 1.552885114413776932e+02
2.550000000000000000e+02 2.048601720289618413e+02 1.553566788248317039e+02
2.550000000000000000e+02 2.050910229190483847e+02 1.554514580724771804e+02
2.550000000000000000e+02 2.051691345927014822e+02 1.556719291560055751e+02
2.550000000000000000e+02 2.052701380949788472e+02 1.557078138893425603e+02
2.550000000000000000e+02 2.054011559330030536e+02 1.558011051227611858e+02
2.550000000000000000e+02 2.056528390222657663e+02 1.555897980292884881e+02
2.550000000000000000e+02 2.059929047126499313e+02 1.557067704647322444e+02
2.550000000000000000e+02 2.061261182789845350e+02 1.555996515869127279e+02
2.550000000000000000e+02 2.061844502513292241e+02 1.554298183533852296e+02
2.550000000000000000e+02 2.064420309579545290e+02 1.555956230605912083e+02
2.550000000000000000e+02 2.068116573212114702e+02 1.558588201135971758e+02
2.550000000000000000e+02 2.070223383599179670e+02 1.559608670404848851e+02
2.550000000000000000e+02 2.070163046436931893e+02 1.560892173408097108e+02
2.550000000000000000e+02 2.073201317436986244e+02 1.562537880849982628e+02
2.550000000000000000e+02 2.073620501932603872e+02 1.562623350935452891e+02
2.550000000000000000e+02 2.071580833650897375e+02 1.562953889705482027e+02
2.550000000000000000e+02 2.071985138004246210e+02 1.563058776561961167e+02
2.550000000000000000e+02 2.073084453880632338e+02 1.565168036728546213e+02
2.550000000000000000e+02 2.069099297729870841e+02 1.564447801549712267e+02
2.550000000000000000e+02 2.054072440887727566e+02 1.559689513129003444e+02
2.550000000000000000e+02 2.041354455876748943e+02 1.552041482933202587e+02
2.550000000000000000e+02 2.032386538915201299e+02 1.546145952419837784e+02
2.550000000000000000e+02 2.024750485419275208e+02 1.543277714264975486e+02
2.550000000000000000e+02 2.017181846226432356e+02 1.538860761790698177e+02
2.550000000000000000e+02 2.016705772406409380e+02 1.537101003502277479e+02
2.550000000000000000e+02 2.020643112490246267e+02 1.540789645598562743e+02
2.550000000000000000e+02 2.022777233382329030e+02 1.544143665958952454e+02
2.550000000000000000e+02 2.027180303772660466e+02 1.547285916489738042e+02
2.550000000000000000e+02 2.031989311702687360e+02 1.549439907815703918e+02
2.550000000000000000e+02 2.035080026130981423e+02 1.551463607164243967e+02
2.550000000000000000e+02 2.036014390186364835e+02 1.549945832652838931e+02
2.550000000000000000e+02 2.035390331536828228e+02 1.548099878418349817e+02
2.550000000000000000e+02 2.034452791841326871e+02 1.547146641987406213e+02
2.550000000000000000e+02 2.033559892572631327e+02 1.546649518210027736e+02
2.550000000000000000e+02 2.033588201135971758e+02 1.546332135663345753e+02
2.550000000000000000e+02 2.036048959297366991e+02 1.548056145317291907e+02
2.550000000000000000e+02 2.039399078157040037e+02 1.550404304353348834e+02
2.549999909267425267e+02 2.040013428421071637e+02 1.550146805306040960e+02
2.550000000000000000e+02 2.041621663309561541e+02 1.550613715136008182e+02
2.550000000000000000e+02 2.044416771009127558e+02 1.551880432612916820e+02
2.550000000000000000e+02 2.044119984756927408e+02 1.552065889995826353e+02
2.550000000000000000e+02 2.042027237918957780e+02 1.551263178906490907e+02
2.550000000000000000e+02 2.044894387282922423e+02 1.553478323987878014e+02
2.550000000000000000e+02 2.046043515342878436e+02 1.554522928121654104e+02
2.550000000000000000e+02 2.036923712051100495e+02 1.550286987134120977e+02
2.550000000000000000e+02 2.023410002359046871e+02 1.541594897199992715e+02
2.550000000000000000e+02 2.010954778884715211e+02 1.533622679514399181e+02
2.550000000000000000e+02 1.997059447983014877e+02 1.527127588146696553e+02
2.550000000000000000e+02 1.978394396356179925e+02 1.519830874480556133e+02
2.550000000000000000e+02 1.965075035839367104e+02 1.513420527337724764e+02
2.550000000000000000e+02 1.963246502259241026e+02 1.516582285372094248e+02
2.550000000000000000e+02 1.967841018382419520e+02 1.522069700763968285e+02
2.550000000000000000e+02 1.970255049267788081e+02 1.524050029941749642e+02
2.550000000000000000e+02 1.973867203803509653e+02 1.526319614568022303e+02
2.550000000000000000e+02 1.982814887400874682e+02 1.530120311394196619e+02
2.550000000000000000e+02 1.991672110621155127e+02 1.533395303681927828e+02
2.550000000000000000e+02 1.993724027800460874e+02 1.534873700255865856e+02
2.550000000000000000e+02 1.993429509862630766e+02 1.533891066470684166e+02
2.550000000000000000e+02 1.992879761191863111e+02 1.533205400402852661e+02
2.550000000000000000e+02 1.990917215598744292e+02 1.533259749215163197e+02
2.550000000000000000e+02 1.985208412724336426e+02 1.530007258605984646e+02
2.550000000000000000e+02 1.983105594570562857e+02 1.527456130800079848e+02
2.550000000000000000e+02 1.982011813381240017e+02 1.524988658428148938e+02
2.550000000000000000e+02 1.983751791968352336e+02 1.526425590215399097e+02
2.550000000000000000e+02 1.987424555864046170e+02 1.527478269548333287e+02
2.550000000000000000e+02 1.990775944979766621e+02 1.530585769502966969e+02
2.550000000000000000e+02 1.994435643384688035e+02 1.533625855154517694e+02
2.550000000000000000e+02 1.997080588672945396e+02 1.535121309452519540e+02
2.550000000000000000e+02 2.004275681855299638e+02 1.537913967372566049e+02
2.550000000000000000e+02 2.008407371114377611e+02 1.538841163554539264e+02
2.550000000000000000e+02 2.010825484965612304e+02 1.535144627724245652e+02
2.550000000000000000e+02 2.013961293483586417e+02 1.533740904059375509e+02
2.550000000000000000e+02 2.019442811258097947e+02 1.533948318725388731e+02
2.550000000000000000e+02 2.024815722140562855e+02 1.534682980383617235e+02
2.550000000000000000e+02 2.029332117516831033e+02 1.535620338613969125e+02
2.550000000000000000e+02 2.032698749705119212e+02 1.538419982942275794e+02
2.550000000000000000e+02 2.037037037037036953e+02 1.540968933166385284e+02
2.550000000000000000e+02 2.040097537517919761e+02 1.543519062913967446e+02
2.550000000000000000e+02 2.040510280000725913e+02 1.543479775709075170e+02
2.550000000000000000e+02 2.041678824831691088e+02 1.543692452864427480e+02
2.550000000000000000e+02 2.047639773531493290e+02 1.546204202732865269e+02
2.550000000000000000e+02 2.052188741902117783e+02 1.548691999201553244e+02
2.550000000000000000e+02 2.052991180793728461e+02 1.548692634329576947e+02
2.550000000000000000e+02 2.056221169724354354e+02 1.550255502930662033e+02
2.550000000000000000e+02 2.056359264703213796e+02 1.550228464623369007e+02
2.550000000000000000e+02 2.042106084526466816e+02 1.546670749632532988e+02
2.550000000000000000e+02 2.023775291705227914e+02 1.539080606819460399e+02
2.550000000000000000e+02 2.012572087030685850e+02 1.534834413050973581e+02
2.550000000000000000e+02 2.010262307873772727e+02 1.534579454515760233e+02
2.550000000000000000e+02 2.010362658101511499e+02 1.533866115012611715e+02
2.550000000000000000e+02 2.015208049794036924e+02 1.536191953835266020e+02
2.550000000000000000e+02 2.017569455786016306e+02 1.536538915201335556e+02
2.550000000000000000e+02 2.016986498992868349e+02 1.536499446531293529e+02
2.550000000000000000e+02 2.017961148311466673e+02 1.536048687099642507e+02
2.550000000000000000e+02 2.021451176801495251e+02 1.537383272542508337e+02
2.550000000000000000e+02 2.019429836499900262e+02 1.535850708621409240e+02
2.550000000000000000e+02 2.004025895076850361e+02 1.530658899958262964e+02
2.550000000000000000e+02 1.989634710653818956e+02 1.523970729671366655e+02
2.550000000000000000e+02 1.987666448908487098e+02 1.523523418077558347e+02
2.550000000000000000e+02 1.992542508211298014e+02 1.526521585279546969e+02
2.550000000000000000e+02 1.993989874244651332e+02 1.528829640517538735e+02
2.550000000000000000e+02 1.994613479231313704e+02 1.529481554067541254e+02
2.550000000000000000e+02 1.999354437730233940e+02 1.531363619866804697e+02
2.550000000000000000e+02 2.004862993812038496e+02 1.532873228446476901e+02
2.550000000000000000e+02 2.006545538679296783e+02 1.533992505489320877e+02
2.550000000000000000e+02 2.009443537118696383e+02 1.531860380713883956e+02
2.550000000000000000e+02 2.012331282777142576e+02 1.530389061280781107e+02
2.550000000000000000e+02 2.015165133286152468e+02 1.530011250839276329e+02
2.550000000000000000e+02 2.022058268459542205e+02 1.531998022029869162e+02
2.550000000000000000e+02 2.034866078719581992e+02 1.537928212386811140e+02
2.550000000000000000e+02 2.049083147331554926e+02 1.547484620828569746e+02
2.550000000000000000e+02 2.056424592157076177e+02 1.552889288112218082e+02
2.550000000000000000e+02 2.056577658010779146e+02 1.554526194494347351e+02
2.550000000000000000e+02 2.058836989856098114e+02 1.554325312573720339e+02
2.550000000000000000e+02 2.066356089063095567e+02 1.557295352677518281e+02
2.550000000000000000e+02 2.069783965739379710e+02 1.556034442085397416e+02
2.550000000000000000e+02 2.068639283575589332e+02 1.552430544213983694e+02
2.550000000000000000e+02 2.062222675885096237e+02 1.548921643348394923e+02
2.550000000000000000e+02 2.055791188052334633e+02 1.546537191282414199e+02
2.550000000000000000e+02 2.050178743172373856e+02 1.544818625582956884e+02
2.550000000000000000e+02 2.044223873555083628e+02 1.544139492260511304e+02
2.550000000000000000e+02 2.043724572195909843e+02 1.544168708149599922e+02
2.550000000000000000e+02 2.043433774293646934e+02 1.544846480483423079e+02
2.550000000000000000e+02 2.043021576206289467e+02 1.545169488449743085e+02
2.550000000000000000e+02 2.047375560273649455e+02 1.545917578529043510e+02
2.550000000000000000e+02 2.054527101820095538e+02 1.548153229172337433e+02
2.550000000000000000e+02 2.061087792839385315e+02 1.550849892028236070e+02
2.550000000000000000e+02 2.062522456312265149e+02 1.550450759431651022e+02
2.550000000000000000e+02 2.062744206725098479e+02 1.548750793910029699e+02
2.550000000000000000e+02 2.064462500226831310e+02 1.549273957936378281e+02
2.550000000000000000e+02 2.066898851325602777e+02 1.549126517502313618e+02
2.550000000000000000e+02 2.067091113651623289e+02 1.549287930752898887e+02
2.550000000000000000e+02 2.068046890594661420e+02 1.547740577422106014e+02
2.550000000000000000e+02 2.070572976209918750e+02 1.548046074001487966e+02
2.550000000000000000e+02 2.073774656577204212e+02 1.548329068902317260e+02
2.550000000000000000e+02 2.078416172174133862e+02 1.554362512929392039e+02
2.550000000000000000e+02 2.084471754949462081e+02 1.559696136606964672e+02
2.550000000000000000e+02 2.088805233454914969e+02 1.562631426134610706e+02
2.550000000000000000e+02 2.092207886475402461e+02 1.566051136879162300e+02
2.550000000000000000e+02 2.096274066815468018e+02 1.568396573937975234e+02
2.550000000000000000e+02 2.099788502368120078e+02 1.567967953254577367e+02
2.550000000000000000e+02 2.101294935307674052e+02 1.566135790371459109e+02
2.550000000000000000e+02 2.103721850218665566e+02 1.566677645308218416e+02
2.550000000000000000e+02 2.106554884134502004e+02 1.567529714918250079e+02
2.550000000000000000e+02 2.110187362766980641e+02 1.569103652893461742e+02
2.550000000000000000e+02 2.112670985537227466e+02 1.569178325802529628e+02
2.550000000000000000e+02 2.116286950841090970e+02 1.571489193750340121e+02
2.550000000000000000e+02 2.118767397971219566e+02 1.572424465131471436e+02
2.550000000000000000e+02 2.118160124848022861e+02 1.572275663708784634e+02
2.550000000000000000e+02 2.113546827081858908e+02 1.570634039232765247e+02
2.550000000000000000e+02 2.104469395902517022e+02 1.567195728310377945e+02
2.550000000000000000e+02 2.097172954434100802e+02 1.565687208521603395e+02
2.550000000000000000e+02 2.089972417297258005e+02 1.563297947629157818e+02
2.550000000000000000e+02 2.086116282867875213e+02 1.562874407969949289e+02
2.550000000000000000e+02 2.089104560219209930e+02 1.564289382474095760e+02
2.550000000000000000e+02 2.093719309706570755e+02 1.565487596857023505e+02
2.550000000000000000e+02 2.094888943328433868e+02 1.565685030939808087e+02
2.550000000000000000e+02 2.097596312628159865e+02 1.566902117698296024e+02
2.550000000000000000e+02 2.102574083147331692e+02 1.568288239243653379e+02
2.550000000000000000e+02 2.106717839838858879e+02 1.570929827426642760e+02
2.550000000000000000e+02 2.105462373201226569e+02 1.568805142722340236e+02
2.550000000000000000e+02 2.098620955595477824e+02 1.563706970076396772e+02
2.550000000000000000e+02 2.094351352822690444e+02 1.559566389024987814e+02
2.550000000000000000e+02 2.093469522928121762e+02 1.559511223619503824e+02
2.550000000000000000e+02 2.093573683924002466e+02 1.560618886892772252e+02
2.550000000000000000e+02 2.093405465730306503e+02 1.560835828479140446e+02
2.550000000000000000e+02 2.091435117135754069e+02 1.560155334168073011e+02
2.550000000000000000e+02 2.092110076759758215e+02 1.561498629938120359e+02
2.550000000000000000e+02 2.092792748652621242e+02 1.562735224200192476e+02
2.550000000000000000e+02 2.091942221496361753e+02 1.562322844647685542e+02
2.550000000000000000e+02 2.093147694485274144e+02 1.563759504237211218e+02
2.550000000000000000e+02 2.095781751864554394e+02 1.566595713793165885e+02
2.550000000000000000e+02 2.096271344838223740e+02 1.566796686446367914e+02
2.550000000000000000e+02 2.093839621100767658e+02 1.565946703685557111e+02
2.550000000000000000e+02 2.094360607545320931e+02 1.565813871196036757e+02
2.550000000000000000e+02 2.096143593372892724e+02 1.567290725316202895e+02
2.550000000000000000e+02 2.090475983087447958e+02 1.564785780390875800e+02
2.550000000000000000e+02 2.081398461175531338e+02 1.560542943727656962e+02
2.550000000000000000e+02 2.077928303119385873e+02 1.559901010760883366e+02
2.550000000000000000e+02 2.077538969640880566e+02 1.560001996116645842e+02
2.550000000000000000e+02 2.075748997405048328e+02 1.556658500734933739e+02
2.550000000000000000e+02 2.076385486417333652e+02 1.554405883100150731e+02
2.550000000000000000e+02 2.081719654490355254e+02 1.554656667936922645e+02
2.549999818534850249e+02 2.090640753443301207e+02 1.558133903133903004e+02
2.550000000000000000e+02 2.092087756546355308e+02 1.558248770573611353e+02
2.550000000000000000e+02 2.092448690728945451e+02 1.562626708040720871e+02
2.550000000000000000e+02 2.095861777995535817e+02 1.566694884497432270e+02
2.550000000000000000e+02 2.092782677336817585e+02 1.566998657157892865e+02
2.550000000000000000e+02 2.084742138022392908e+02 1.564202097737129691e+02
2.550000000000000000e+02 2.088438764585261538e+02 1.565081296387028829e+02
2.550000000000000000e+02 2.096081169361424088e+02 1.564655669878599724e+02
2.550000000000000000e+02 2.097499773168563024e+02 1.564817173861759727e+02
2.550000000000000000e+02 2.097123323715680385e+02 1.562847732592955481e+02
2.550000000000000000e+02 2.101939227321392991e+02 1.564589707296713641e+02
2.550000000000000000e+02 2.112527990999328438e+02 1.567960785381167454e+02
2.550000000000000000e+02 2.113164842941912980e+02 1.571459796396102035e+02
2.550000000000000000e+02 2.107119331482388702e+02 1.569950460014154316e+02
2.550000000000000000e+02 2.107228029107010059e+02 1.570514544431741797e+02
2.550000000000000000e+02 2.112219228047253523e+02 1.573764675993975288e+02
2.550000000000000000e+02 2.113382147458580675e+02 1.576672745749178830e+02
2.550000000000000000e+02 2.107557932749015492e+02 1.576132251801041662e+02
2.550000000000000000e+02 2.105225107518101026e+02 1.576486743970820328e+02
2.550000000000000000e+02 2.106404993920917548e+02 1.578119839584807664e+02
2.550000000000000000e+02 2.104035240532055866e+02 1.577218139256355869e+02
2.550000000000000000e+02 2.097815703994047851e+02 1.574148021122543355e+02
2.550000000000000000e+02 2.097019797847823384e+02 1.571183334240658951e+02
2.550000000000000000e+02 2.096913459270147086e+02 1.568382873319179112e+02
2.550000000000000000e+02 2.093610067686500713e+02 1.565071950931823608e+02
2.550000000000000000e+02 2.085931732810713584e+02 1.561282686410075087e+02
2.550000000000000000e+02 2.070685212404957554e+02 1.553398025659172106e+02
2.550000000000000000e+02 2.054002758270274285e+02 1.545915763877547420e+02
2.550000000000000000e+02 2.035075852432540273e+02 1.539794672183207354e+02
2.550000000000000000e+02 2.015491679822889921e+02 1.531516867185657134e+02
2.550000000000000000e+02 2.007313317727330571e+02 1.526946304462228170e+02
2.550000000000000000e+02 2.011092601665850168e+02 1.528886257644219313e+02
2.550000000000000000e+02 2.019076614586168716e+02 1.530648465712160089e+02
2.550000000000000000e+02 2.025365743009054995e+02 1.532408314733155521e+02
2.550000000000000000e+02 2.036008220371277559e+02 1.535106973705699716e+02
2.550000000000000000e+02 2.045781116736530691e+02 1.536611954924056818e+02
2.550000000000000000e+02 2.048673671221442021e+02 1.536137514290380466e+02
2.550000000000000000e+02 2.056829713103598465e+02 1.542428094434463901e+02
2.550000000000000000e+02 2.070803164752209398e+02 1.551029451793783096e+02
2.550000000000000000e+02 2.079373400838368866e+02 1.556174896111201917e+02
2.550000000000000000e+02 2.081702687498865885e+02 1.558298129094307569e+02
2.550000000000000000e+02 2.084104015823760960e+02 1.561065926288856360e+02
2.550000000000000000e+02 2.087772968951312862e+02 1.561697152811802596e+02
2.550000000000000000e+02 2.091480211225434118e+02 1.562255339612027569e+02
2.550000000000000000e+02 2.097111982143829323e+02 1.564720815867312638e+02
2.550000000000000000e+02 2.101150398316003418e+02 1.566790516631280923e+02
2.550000000000000000e+02 2.100612081949661558e+02 1.567782314406518367e+02
2.550000000000000000e+02 2.096126898579127840e+02 1.566373691182608354e+02
2.550000000000000000e+02 2.097008637741121788e+02 1.566837062442157844e+02
2.550000000000000000e+02 2.102567096739071246e+02 1.570673598635382007e+02
2.550000000000000000e+02 2.105411835157057965e+02 1.572336817464205865e+02
2.550000000000000000e+02 2.098632750830203122e+02 1.569414139764458298e+02
2.550000000000000000e+02 2.092902353602990502e+02 1.563865479884588296e+02
2.550000000000000000e+02 2.088988422523454460e+02 1.560509735605276944e+02
2.550000000000000000e+02 2.075937993358375593e+02 1.555725406935598016e+02
2.550000000000000000e+02 2.058411272615094276e+02 1.548416807302157565e+02
2.550000000000000000e+02 2.046959823615874541e+02 1.543228265011704536e+02
2.550000000000000000e+02 2.045861959460685569e+02 1.543373164933674389e+02
2.550000000000000000e+02 2.043458816484294118e+02 1.543140708077013699e+02
2.550000000000000000e+02 2.038166294663109852e+02 1.542232656468325160e+02
2.550000000000000000e+02 2.037597855081931471e+02 1.542415301141415682e+02
2.550000000000000000e+02 2.043131907017257447e+02 1.543173371803945031e+02
2.550000000000000000e+02 2.050719237120511025e+02 1.544182680966120529e+02
2.550000000000000000e+02 2.055854247191826687e+02 1.545781842597129128e+02
2.550000000000000000e+02 2.061092964596149386e+02 1.546663853956847561e+02
2.550000000000000000e+02 2.064788411635545344e+02 1.547311775273558681e+02
2.550000000000000000e+02 2.060351679459959655e+02 1.546208376431306419e+02
2.550000000000000000e+02 2.057714174242836691e+02 1.543817754550238703e+02
2.550000000000000000e+02 2.060899159816357269e+02 1.545529333841435857e+02
2.550000000000000000e+02 2.064579998911209202e+02 1.546308817391619925e+02
2.550000000000000000e+02 2.065483060228283136e+02 1.545848440307038913e+02
2.550000000000000000e+02 2.067776870452029812e+02 1.546547716261092091e+02
2.549999909267425267e+02 2.075710163863030004e+02 1.548421616128622418e+02
2.550000000000000000e+02 2.081372148728836748e+02 1.551348830457110637e+02
2.550000000000000000e+02 2.084587348249768581e+02 1.552844284755112767e+02
2.550000000000000000e+02 2.090978460086740256e+02 1.554820621699602725e+02
2.550000000000000000e+02 2.098195510552198471e+02 1.558071842052733871e+02
2.550000000000000000e+02 2.099842034587257444e+02 1.559048215290253552e+02
2.550000000000000000e+02 2.100889814361152048e+02 1.559318689095759112e+02
2.550000000000000000e+02 2.107670713339503266e+02 1.562113070934726977e+02
2.550000000000000000e+02 2.113206942856624266e+02 1.565475983087447958e+02
2.550000000000000000e+02 2.106326328778557979e+02 1.563523690275282547e+02
2.550000000000000000e+02 2.088792621627016501e+02 1.556359809098662481e+02
2.550000000000000000e+02 2.075248697987551623e+02 1.552039214618832546e+02
2.550000000000000000e+02 2.066191227974667584e+02 1.548636743063494521e+02
2.550000000000000000e+02 2.057247082947720003e+02 1.546106393017221023e+02
2.550000000000000000e+02 2.054721541727911074e+02 1.543885531783620877e+02
2.550000000000000000e+02 2.060203603897871290e+02 1.546359355435788530e+02
2.550000000000000000e+02 2.062621536283956800e+02 1.547169052933384137e+02
2.550000000000000000e+02 2.059975774402525985e+02 1.546078901047054046e+02
2.550000000000000000e+02 2.059554140127388564e+02 1.545253960476890427e+02
2.550000000000000000e+02 2.062462119150017372e+02 1.546969259803654779e+02
2.550000000000000000e+02 2.060964668735369401e+02 1.545488957845645643e+02
2.550000000000000000e+02 2.054880868129275768e+02 1.542108625038561343e+02
2.550000000000000000e+02 2.055770138094978847e+02 1.543250403759957976e+02
2.550000000000000000e+02 2.057261690892264028e+02 1.544863175277187963e+02
2.550000000000000000e+02 2.055238263741448463e+02 1.544013011051227693e+02
2.550000000000000000e+02 2.055387700292158968e+02 1.543081187507939092e+02
2.550000000000000000e+02 2.063708603262743395e+02 1.545860417006913963e+02
2.550000000000000000e+02 2.069342551762933908e+02 1.547235650643293923e+02
2.550000000000000000e+02 2.070077576351461630e+02 1.546613588110403441e+02
2.550000000000000000e+02 2.071013119930317430e+02 1.547031230152249179e+02
2.550000000000000000e+02 2.075049086322971732e+02 1.547549040956684223e+02
2.550000000000000000e+02 2.077176039341644298e+02 1.548262743390131959e+02
2.550000000000000000e+02 2.075779755747908553e+02 1.545190901337398088e+02
2.550000000000000000e+02 2.075454479467218221e+02 1.545205237084217913e+02
2.550000000000000000e+02 2.078035458290235340e+02 1.546127442974576809e+02
2.550000000000000000e+02 2.077669896746329812e+02 1.546592991815921891e+02
2.550000000000000000e+02 2.074767180213040092e+02 1.545557460939626537e+02
2.550000000000000000e+02 2.074566116827263329e+02 1.545540403215562435e+02
2.550000000000000000e+02 2.072731231966900793e+02 1.545623060591213402e+02
2.550000000000000000e+02 2.064237755639029501e+02 1.542288457001832853e+02
2.549999909267425267e+02 2.051818280799172385e+02 1.537714809370860394e+02
2.550000000000000000e+02 2.046114468216379123e+02 1.535150979004482110e+02
2.550000000000000000e+02 2.048314642422922702e+02 1.537295171212368530e+02
2.550000000000000000e+02 2.049784600867403412e+02 1.538260838006060851e+02
2.550000000000000000e+02 2.049630809153102007e+02 1.538601901754767880e+02
2.550000000000000000e+02 2.053576042970947526e+02 1.536746602065073262e+02
2.550000000000000000e+02 2.060798900321193230e+02 1.537629339285390131e+02
2.550000000000000000e+02 2.064011196399731318e+02 1.537566733808772028e+02
2.550000000000000000e+02 2.063416535104433081e+02 1.535915854610122153e+02
2.550000000000000000e+02 2.062763442030957890e+02 1.534384107282196510e+02
2.550000000000000000e+02 2.061853847968497746e+02 1.534244832779864680e+02
2.550000000000000000e+02 2.057117607563467345e+02 1.531103761772551479e+02
2.550000000000000000e+02 2.050057796650153250e+02 1.527679605131834535e+02
2.550000000000000000e+02 2.052133122833759842e+02 1.527890921298564706e+02
2.550000000000000000e+02 2.057670894804652733e+02 1.530790643656885663e+02
2.550000000000000000e+02 2.058057506305914046e+02 1.531091240677228029e+02
2.550000000000000000e+02 2.054246193768486819e+02 1.530751447184568121e+02
2.550000000000000000e+02 2.059522474458780152e+02 1.531882247264412911e+02
2.550000000000000000e+02 2.066335129838314515e+02 1.534669461229970864e+02
2.550000000000000000e+02 2.067892282287186845e+02 1.536118188251946322e+02
2.550000000000000000e+02 2.069035784927504551e+02 1.536819006659771105e+02
2.550000000000000000e+02 2.074413595369009329e+02 1.539185947338813492e+02
2.550000000000000000e+02 2.078149781334494719e+02 1.541632460485963634e+02
2.550000000000000000e+02 2.077134574554956714e+02 1.539978314914620512e+02
2.550000000000000000e+02 2.078046436931787184e+02 1.540945614894659457e+02
2.550000000000000000e+02 2.083295225651913540e+02 1.545510189268151180e+02
2.550000000000000000e+02 2.086888417079499902e+02 1.548015497123777493e+02
2.550000000000000000e+02 2.088188251946213825e+02 1.548966011577476536e+02
2.550000000000000000e+02 2.090190901337398088e+02 1.548807864699584513e+02
2.550000000000000000e+02 2.095038742809443306e+02 1.552317491425771721e+02
2.550000000000000000e+02 2.099664561670930993e+02 1.553384052842651499e+02
2.550000000000000000e+02 2.099021539913259744e+02 1.552641315985264896e+02
2.550000000000000000e+02 2.099469032972217803e+02 1.552156985500934638e+02
2.550000000000000000e+02 2.103235069954815231e+02 1.553787268405102679e+02
2.550000000000000000e+02 2.103258025296241840e+02 1.554325040375995854e+02
2.550000000000000000e+02 2.088130455296060290e+02 1.549587076052044097e+02
2.550000000000000000e+02 2.070998058322899169e+02 1.542577077322300170e+02
2.550000000000000000e+02 2.062313226994755553e+02 1.538908577857622504e+02
2.550000000000000000e+02 2.055025949516395372e+02 1.535770319560128598e+02
2.550000000000000000e+02 2.050924020541854986e+02 1.533865933547462248e+02
2.550000000000000000e+02 2.053638557714990895e+02 1.531731903387954219e+02
2.550000000000000000e+02 2.057840201789246350e+02 1.531985863864844646e+02
2.550000000000000000e+02 2.058172373745622110e+02 1.530459106828533606e+02
2.550000000000000000e+02 2.057182118424156556e+02 1.528861487651296613e+02
2.550000000000000000e+02 2.060198432141107219e+02 1.529355072858257643e+02
2.550000000000000000e+02 2.063433774293646934e+02 1.531413522782949599e+02
2.550000000000000000e+02 2.062101910828025382e+02 1.532706461973977810e+02
2.550000000000000000e+02 2.058897780681220127e+02 1.531391746964995377e+02
2.550000000000000000e+02 2.057020886638721038e+02 1.531442103544014230e+02
2.550000000000000000e+02 2.057815159598599166e+02 1.531878617961420446e+02
2.550000000000000000e+02 2.059087139564846609e+02 1.532905257045384531e+02
2.550000000000000000e+02 2.059403796250929872e+02 1.532581976881340040e+02
2.550000000000000000e+02 2.064058014408333008e+02 1.535133739815268541e+02
2.550000000000000000e+02 2.069418585660623933e+02 1.538210662892191465e+02
2.550000000000000000e+02 2.071392019162719862e+02 1.537677971945487911e+02
2.550000000000000000e+02 2.072945270110875242e+02 1.539796486834703444e+02
2.550000000000000000e+02 2.079001034351352928e+02 1.543217195637577674e+02
2.550000000000000000e+02 2.081779175059429861e+02 1.545923476146406017e+02
2.550000000000000000e+02 2.078216923439853474e+02 1.543691001143230324e+02
2.550000000000000000e+02 2.075882283557442918e+02 1.541918812492060908e+02
2.550000000000000000e+02 2.080156332226395932e+02 1.542826319705300477e+02
2.550000000000000000e+02 2.085363202496960469e+02 1.544520750539858795e+02
2.550000000000000000e+02 2.087052733772478916e+02 1.544508320177110079e+02
2.550000000000000000e+02 2.089763460177472894e+02 1.544752209338196565e+02
2.550000000000000000e+02 2.095008982524906003e+02 1.546663400293973609e+02
2.550000000000000000e+02 2.101261182789845350e+02 1.552203440579236826e+02
2.550000000000000000e+02 2.103300488141252345e+02 1.552198903950496174e+02
2.550000000000000000e+02 2.103172010815322892e+02 1.552232112072876475e+02
2.550000000000000000e+02 2.099974594879053598e+02 1.551229244923512454e+02
2.550000000000000000e+02 2.086936142413849495e+02 1.545998602718347854e+02
2.550000000000000000e+02 2.073699348540112908e+02 1.538525958589652873e+02
2.550000000000000000e+02 2.067792294989747290e+02 1.535128930988803688e+02
2.550000000000000000e+02 2.067482443246774437e+02 1.534900647830584148e+02
2.550000000000000000e+02 2.068375161050320230e+02 1.537134846752681199e+02
2.550000000000000000e+02 2.068257390168218137e+02 1.536033353294499761e+02
2.550000000000000000e+02 2.068306839421489087e+02 1.538000889179233184e+02
2.550000000000000000e+02 2.070708167746384447e+02 1.540534687063349395e+02
2.550000000000000000e+02 2.075066779175059537e+02 1.544742954615566077e+02
2.550000000000000000e+02 2.075034024715553471e+02 1.544843395575879583e+02
2.550000000000000000e+02 2.073295044186764073e+02 1.542419384107282099e+02
2.550000000000000000e+02 2.072028780372729386e+02 1.540632043116119689e+02
2.550000000000000000e+02 2.072299344910809964e+02 1.540701816466147704e+02
2.550000000000000000e+02 2.070798809588618496e+02 1.539070263305931974e+02
2.550000000000000000e+02 2.068996497722612276e+02 1.537611827898452077e+02
2.550000000000000000e+02 2.069797938555900316e+02 1.538569328760411565e+02
2.550000000000000000e+02 2.074343005425807860e+02 1.542327472009000644e+02
2.550000000000000000e+02 2.076772279383744433e+02 1.544103108498013057e+02
2.550000000000000000e+02 2.076696699148928360e+02 1.543090986626018548e+02
2.550000000000000000e+02 2.080550928194240328e+02 1.545030667610285491e+02
2.550000000000000000e+02 2.085313027383091082e+02 1.547643130636761271e+02
2.550000000000000000e+02 2.086637995173026923e+02 1.547947719890395035e+02
2.550000000000000000e+02 2.088043261291668955e+02 1.548011686355635277e+02
2.550000000000000000e+02 2.093420981000598715e+02 1.550336980782840612e+02
2.550000000000000000e+02 2.096980238445206624e+02 1.552336817464205865e+02
2.550000000000000000e+02 2.095807338450650548e+02 1.550889451430852830e+02
2.550000000000000000e+02 2.097992904712649818e+02 1.551837062442157844e+02
2.550000000000000000e+02 2.104930498847696185e+02 1.556315803799880371e+02
2.550000000000000000e+02 2.110199974594879109e+02 1.558229444535176924e+02
2.550000000000000000e+02 2.110567169325130976e+02 1.557402144918068529e+02
2.550000000000000000e+02 2.113546554884134423e+02 1.557775146533108455e+02
2.550000000000000000e+02 2.120434155370461156e+02 1.560992432903260863e+02
2.550000000000000000e+02 2.123466347288003249e+02 1.563295407117063291e+02
2.550000000000000000e+02 2.124461955831382625e+02 1.563554267152993305e+02
2.550000000000000000e+02 2.123704429564302245e+02 1.563467163881176702e+02
2.550000000000000000e+02 2.117074691055582889e+02 1.559971691436659569e+02
2.550000000000000000e+02 2.102579708566969714e+02 1.553246320794091559e+02
2.550000000000000000e+02 2.092930752898905666e+02 1.547038760955958310e+02
2.550000000000000000e+02 2.089071352096829912e+02 1.544691237047925085e+02
2.550000000000000000e+02 2.087817337180394475e+02 1.544535721414702323e+02
2.550000000000000000e+02 2.087366033353294483e+02 1.544605857695029556e+02
2.550000000000000000e+02 2.089416408078828340e+02 1.545952692035494636e+02
2.550000000000000000e+02 2.091877892100822010e+02 1.547827589961347883e+02
2.550000000000000000e+02 2.093757326655415909e+02 1.549060191990128317e+02
2.550000000000000000e+02 2.096556245123124143e+02 1.549396446912370493e+02
2.550000000000000000e+02 2.099857640590124674e+02 1.550389605676229792e+02
2.550000000000000000e+02 2.099892118968552097e+02 1.550263578129820132e+02
2.550000000000000000e+02 2.097851089698223461e+02 1.550338795434336703e+02
2.550000000000000000e+02 2.098165568802511416e+02 1.551731812655379485e+02
2.550000000000000000e+02 2.100554376032083042e+02 1.553387591413069231e+02
2.549999909267425267e+02 2.102542780409022498e+02 1.555569528372076036e+02
2.550000000000000000e+02 2.103015678588926960e+02 1.553478414720453031e+02
2.550000000000000000e+02 2.107724971419239068e+02 1.554636706770464798e+02
2.550000000000000000e+02 2.110068140163681676e+02 1.555752717440615527e+02
2.550000000000000000e+02 2.110177654381475918e+02 1.555142540875025077e+02
2.550000000000000000e+02 2.111465331083165609e+02 1.554967971401092370e+02
2.550000000000000000e+02 2.114344366414429999e+02 1.555410837098735328e+02
2.550000000000000000e+02 2.116184967427005574e+02 1.555776217177491105e+02
2.550000000000000000e+02 2.115461193677754181e+02 1.555387518827009217e+02
2.550000000000000000e+02 2.117261690892264028e+02 1.556209646687353825e+02
2.550000000000000000e+02 2.117978841163554478e+02 1.556380768323443533e+02
2.550000000000000000e+02 2.118280436242219764e+02 1.556973614967245680e+02
2.550000000000000000e+02 2.117504581995027877e+02 1.557883844157729527e+02
2.550000000000000000e+02 2.119477561834249855e+02 1.560008891792331269e+02
2.550000000000000000e+02 2.122562015714881909e+02 1.561535013700618890e+02
2.550000000000000000e+02 2.121375959496978680e+02 1.560644473478868406e+02
2.550000000000000000e+02 2.122086395557733169e+02 1.559386919992015521e+02
2.550000000000000000e+02 2.124447710817137533e+02 1.560329540711706215e+02
2.550000000000000000e+02 2.126631008764766761e+02 1.561338033280708544e+02
2.550000000000000000e+02 2.126875079391002998e+02 1.560899704211806238e+02
2.550000000000000000e+02 2.126869453971364692e+02 1.560780844538806207e+02
2.550000000000000000e+02 2.128352931569492057e+02 1.562286551617761745e+02
2.550000000000000000e+02 2.126510969568294342e+02 1.562315041646251927e+02
2.550000000000000000e+02 2.111722467200174265e+02 1.557247808808318439e+02
2.550000000000000000e+02 2.095251419964795900e+02 1.551080352768250918e+02
2.550000000000000000e+02 2.087971854755294316e+02 1.548268731740069200e+02
2.550000000000000000e+02 2.083638829912715380e+02 1.546479394632260949e+02
2.550000000000000000e+02 2.078734462046564033e+02 1.543864028163391140e+02
2.550000000000000000e+02 2.078373981526847842e+02 1.543582031320884767e+02
2.550000000000000000e+02 2.081076269802384502e+02 1.545414557134302243e+02
2.549999818534850249e+02 2.081688533217195527e+02 1.545419638158491580e+02
2.550000000000000000e+02 2.080742646124811870e+02 1.543005698005698036e+02
2.550000000000000000e+02 2.084074799934672626e+02 1.544011468597455803e+02
2.550000000000000000e+02 2.086719291560055751e+02 1.545268568421434736e+02
2.550000000000000000e+02 2.084243471791242541e+02 1.544137223946141262e+02
2.550000000000000000e+02 2.079280399949189757e+02 1.541324786324786373e+02
2.550000000000000000e+02 2.077006732357050964e+02 1.540449035512729665e+02
2.550000000000000000e+02 2.078164026348739810e+02 1.540572613279619532e+02
2.550000000000000000e+02 2.077998802330012609e+02 1.540634039232765247e+02
2.550000000000000000e+02 2.079008655887636792e+02 1.540770319560128598e+02
2.550000000000000000e+02 2.081780536048051999e+02 1.541695973288329924e+02
2.550000000000000000e+02 2.085901700328451795e+02 1.543856951022556245e+02
2.550000000000000000e+02 2.087385722322028130e+02 1.543870107245903398e+02
2.550000000000000000e+02 2.088803509535993612e+02 1.543355653546736335e+02
2.550000000000000000e+02 2.091673471609777266e+02 1.544898923911662791e+02
2.550000000000000000e+02 2.095573429872792985e+02 1.546264086232239094e+02
2.550000000000000000e+02 2.098144518845155915e+02 1.548808318362458465e+02
2.550000000000000000e+02 2.101130074219246069e+02 1.551834884860362536e+02
2.550000000000000000e+02 2.104926052951530551e+02 1.554601502531438939e+02
2.550000000000000000e+02 2.104578637922587063e+02 1.554848748797793405e+02
2.550000000000000000e+02 2.102453318090260836e+02 1.553683198141796993e+02
2.550000000000000000e+02 2.104232130219391479e+02 1.553350935452846215e+02
2.550000000000000000e+02 2.109016095958771189e+02 1.555488957845645643e+02
2.550000000000000000e+02 2.110254323407189645e+02 1.556695247427731488e+02
2.550000000000000000e+02 2.109512493875551229e+02 1.556255012974758074e+02
2.550000000000000000e+02 2.116000961765292914e+02 1.560259767361678200e+02
2.550000000000000000e+02 2.123979258533398706e+02 1.564313245141270556e+02
2.550000000000000000e+02 2.123563703340773543e+02 1.564185221478215055e+02
2.550000000000000000e+02 2.120976645435244166e+02 1.561704683615511726e+02
2.550000000000000000e+02 2.121960186546173759e+02 1.562143103416988765e+02
2.550000000000000000e+02 2.118160578510897096e+02 1.559756020106338497e+02
2.550000000000000000e+02 2.101051046146587566e+02 1.556103489574827279e+02
2.550000000000000000e+02 2.083225270836735774e+02 1.551069555591848541e+02
2.550000000000000000e+02 2.072396065835556271e+02 1.546979512584608187e+02
2.549999909267425267e+02 2.065016876258914351e+02 1.543327344983395903e+02
2.550000000000000000e+02 2.058750430979730481e+02 1.540065236721287647e+02
2.550000000000000000e+02 2.057398334149926598e+02 1.538658246683724258e+02
2.550000000000000000e+02 2.060733391402181098e+02 1.540562632696390608e+02
2.550000000000000000e+02 2.062165605095541423e+02 1.541773277442067354e+02
2.550000000000000000e+02 2.060123214836590648e+02 1.539945741920264197e+02
2.550000000000000000e+02 2.060713248770573500e+02 1.539311702687498951e+02
2.550000000000000000e+02 2.064288475148347857e+02 1.540566261999383073e+02
2.550000000000000000e+02 2.062993539840673520e+02 1.539925508556081866e+02
2.550000000000000000e+02 2.059086504436822906e+02 1.538149509136770234e+02
2.550000000000000000e+02 2.053987333732556522e+02 1.535150979004482110e+02
2.550000000000000000e+02 2.051599706026457568e+02 1.533437040666339897e+02
2.550000000000000000e+02 2.049963344039777269e+02 1.531784437548768665e+02
2.550000000000000000e+02 2.051045420726949260e+02 1.531352278294953351e+02
2.550000000000000000e+02 2.055933275264485474e+02 1.533964832054004148e+02
2.550000000000000000e+02 2.056900484511949401e+02 1.534131417061353488e+02
2.550000000000000000e+02 2.055453118478596082e+02 1.533177454769811447e+02
2.550000000000000000e+02 2.057720888453372652e+02 1.535551654054838764e+02
2.550000000000000000e+02 2.061074908813762363e+02 1.538692180666702995e+02
2.550000000000000000e+02 2.060976191772370214e+02 1.539845845355399376e+02
2.550000000000000000e+02 2.059882592048197125e+02 1.540238263741448463e+02
2.550000000000000000e+02 2.060287440796994929e+02 1.540262217141197993e+02
2.549999909267425267e+02 2.062050193260384390e+02 1.539236576115557114e+02
2.550000000000000000e+02 2.063350935452846215e+02 1.539743136080715828e+02
2.550000000000000000e+02 2.063438492387537053e+02 1.538546373418984956e+02
2.550000000000000000e+02 2.063586567949625135e+02 1.538717495055074664e+02
2.550000000000000000e+02 2.064191844956176283e+02 1.537787667628431905e+02
2.550000000000000000e+02 2.065935815776580000e+02 1.538653982252708374e+02
2.550000000000000000e+02 2.069478106229698540e+02 1.540043188705609225e+02
2.550000000000000000e+02 2.074209900738563022e+02 1.543192153446930490e+02
2.550000000000000000e+02 2.075917850726767995e+02 1.543259477017438712e+02
2.550000000000000000e+02 2.074199647957609614e+02 1.541580561453172891e+02
2.550000000000000000e+02 2.070754350626962150e+02 1.537735950060790913e+02
2.550000000000000000e+02 2.064612481172990783e+02 1.535422632333460342e+02
2.550000000000000000e+02 2.048872466292848458e+02 1.530151886330230298e+02
2.550000000000000000e+02 2.031438837171321268e+02 1.523220008347396970e+02
2.550000000000000000e+02 2.020938900684123496e+02 1.519605222567006138e+02
2.550000000000000000e+02 2.016279420037381840e+02 1.517705554648229906e+02
2.550000000000000000e+02 2.013618505815958031e+02 1.515491770555464939e+02
2.550000000000000000e+02 2.010310668336146023e+02 1.514337924401618807e+02
2.550000000000000000e+02 2.009510951421779339e+02 1.514196744515215869e+02
2.549999909267425267e+02 2.012837389079427339e+02 1.515435788556807779e+02
2.550000000000000000e+02 2.015566624929682291e+02 1.518701616854483234e+02
2.550000000000000000e+02 2.016257281289128400e+02 1.519646687353693721e+02
2.550000000000000000e+02 2.016162375015878183e+02 1.521046237320122714e+02
2.549999818534850249e+02 2.014651405447583841e+02 1.519899105376812258e+02
2.550000000000000000e+02 2.012264231404358839e+02 1.518990237174950551e+02
2.550000000000000000e+02 2.009600958135989970e+02 1.517018346126626511e+02
2.550000000000000000e+02 2.009934763278712353e+02 1.517130763786814782e+02
2.550000000000000000e+02 2.014363148057415458e+02 1.518742083582847897e+02
2.550000000000000000e+02 2.016994755657175915e+02 1.520411200029034546e+02
2.549999909267425267e+02 2.019312610013246854e+02 1.521192316765565238e+02
2.550000000000000000e+02 2.024735151614132462e+02 1.522783493929990755e+02
2.550000000000000000e+02 2.032841562777868489e+02 1.525965031665668619e+02
2.550000000000000000e+02 2.037039759014281231e+02 1.527287005280635981e+02
2.549999818534850249e+02 2.039702487887201130e+02 1.528469250730397277e+02
2.550000000000000000e+02 2.044790861415065137e+02 1.531588999582630208e+02
2.550000000000000000e+02 2.051235686936323930e+02 1.534302085034569245e+02
2.550000000000000000e+02 2.052365216760121314e+02 1.535152067795379764e+02
2.550000000000000000e+02 2.052984920246066736e+02 1.534902371749505505e+02
2.550000000000000000e+02 2.059733336962636372e+02 1.538971001869091140e+02
2.550000000000000000e+02 2.066377320485600819e+02 1.543028381149400161e+02
2.550000000000000000e+02 2.067137115067051241e+02 1.541796595713793181e+02
2.550000000000000000e+02 2.067313589925054771e+02 1.540730306494637603e+02
2.550000000000000000e+02 2.073813490119222536e+02 1.543403651078810412e+02
2.550000000000000000e+02 2.078728473696626509e+02 1.545087012539241869e+02
2.550000000000000000e+02 2.079088046890594796e+02 1.544739143847424145e+02
2.550000000000000000e+02 2.081582194639519514e+02 1.546405991979240468e+02
2.550000000000000000e+02 2.088485491861287926e+02 1.549683071116192252e+02
2.550000000000000000e+02 2.089069083782459586e+02 1.551139238209301823e+02
2.550000000000000000e+02 2.076233781552252822e+02 1.545551926252563248e+02
2.550000000000000000e+02 2.066584825884189058e+02 1.541378953671947443e+02
2.550000000000000000e+02 2.063394124158455440e+02 1.542003465984357717e+02
2.550000000000000000e+02 2.057866060573066989e+02 1.539927413940152690e+02
2.550000000000000000e+02 2.051875805251601435e+02 1.537546228246865212e+02
2.550000000000000000e+02 2.053620774130328357e+02 1.537940824214709608e+02
2.550000000000000000e+02 2.060283902226577482e+02 1.541081985954597542e+02
2.550000000000000000e+02 2.063844702124956996e+02 1.540811875079390916e+02
2.550000000000000000e+02 2.064260801713031128e+02 1.538118932259059761e+02
2.549999818534850249e+02 2.068334694321955567e+02 1.538196145680222173e+02
2.550000000000000000e+02 2.072623713865752109e+02 1.540197524815359316e+02
2.550000000000000000e+02 2.071723646723646652e+02 1.537643493567060489e+02
2.550000000000000000e+02 2.068788538661150085e+02 1.536375233636380244e+02
2.550000000000000000e+02 2.069459052388988596e+02 1.536832072150543524e+02
2.550000000000000000e+02 2.070894895385341385e+02 1.538469976590995714e+02
2.550000000000000000e+02 2.068008147785217830e+02 1.536770464732248058e+02
2.550000000000000000e+02 2.067887473460721992e+02 1.535358756600794834e+02
2.550000000000000000e+02 2.073469069265247526e+02 1.538258297493966325e+02
2.550000000000000000e+02 2.077758996134792255e+02 1.540991162647213741e+02
2.550000000000000000e+02 2.076860834376757907e+02 1.539721178797611856e+02
2.550000000000000000e+02 2.078712414030885327e+02 1.540262217141197993e+02
2.550000000000000000e+02 2.083082548496561230e+02 1.541263269639065925e+02
2.550000000000000000e+02 2.087242183388680132e+02 1.544870252418023142e+02
2.550000000000000000e+02 2.088661059393543553e+02 1.546138966011577338e+02
2.550000000000000000e+02 2.091288856225162078e+02 1.548769031157566189e+02
2.550000000000000000e+02 2.094682163790444065e+02 1.551131253742718741e+02
2.550000000000000000e+02 2.095973651260275403e+02 1.552282650117045080e+02
2.550000000000000000e+02 2.095601829168708150e+02 1.552539060373455300e+02
2.550000000000000000e+02 2.098683561072096211e+02 1.552710363474694759e+02
2.550000000000000000e+02 2.102705191717930688e+02 1.555144627724245652e+02
2.550000000000000000e+02 2.104335928284972965e+02 1.555169125519443867e+02
2.550000000000000000e+02 2.103924909721088170e+02 1.554392363946504076e+02
2.550000000000000000e+02 2.106016204837860926e+02 1.557028961837879137e+02
2.550000000000000000e+02 2.110296241856751465e+02 1.560511822454497519e+02
2.550000000000000000e+02 2.113699167074963157e+02 1.561884969241657188e+02
2.550000000000000000e+02 2.115039922332915978e+02 1.563241965630500658e+02
2.550000000000000000e+02 2.113653528589834423e+02 1.563202678425608383e+02
2.550000000000000000e+02 2.104357159707478218e+02 1.559662021158836467e+02
2.550000000000000000e+02 2.094037599579000926e+02 1.555201698513800466e+02
2.550000000000000000e+02 2.085441051046146583e+02 1.552728147059357298e+02
2.550000000000000000e+02 2.080280635853884235e+02 1.550216034260620290e+02
2.550000000000000000e+02 2.079287204892300451e+02 1.549090678135264056e+02
2.550000000000000000e+02 2.081629647776144623e+02 1.549285390240804361e+02
2.550000000000000000e+02 2.083838260112145520e+02 1.550668699076342421e+02
2.550000000000000000e+02 2.087530077848549297e+02 1.551876894042499089e+02
2.550000000000000000e+02 2.093032010452392626e+02 1.554739325312573612e+02
2.550000000000000000e+02 2.098346943219554817e+02 1.556426588273722018e+02
2.550000000000000000e+02 2.101410982270854788e+02 1.551938773658518755e+02
2.550000000000000000e+02 2.102043569782423162e+02 1.551437566915273862e+02
2.550000000000000000e+02 2.102671257734951951e+02 1.550906781352641133e+02
2.550000000000000000e+02 2.103009055110966017e+02 1.550504926778812091e+02
2.550000000000000000e+02 2.102850636035349510e+02 1.550171484566388926e+02
2.550000000000000000e+02 2.103816575026766031e+02 1.553064129783874989e+02
2.550000000000000000e+02 2.107528626127352140e+02 1.558139528553541311e+02
2.550000000000000000e+02 2.110522438165750145e+02 1.560206144409966100e+02
2.550000000000000000e+02 2.112753733645453451e+02 1.561941858566062251e+02
2.550000000000000000e+02 2.116656504618288182e+02 1.563740359663926540e+02
2.550000000000000000e+02 2.120550565263941110e+02 1.566074908813762363e+02
2.550000000000000000e+02 2.122080679405520129e+02 1.566400729489901380e+02
2.550000000000000000e+02 2.125140635490953969e+02 1.566948209846298994e+02
2.550000000000000000e+02 2.128661875986716723e+02 1.568465349229680328e+02
2.550000000000000000e+02 2.129740414103471551e+02 1.568511804307982516e+02
2.550000000000000000e+02 2.130141089153827920e+02 1.568980075126571876e+02
2.550000000000000000e+02 2.131747418658246715e+02 1.568825285353947834e+02
2.550000000000000000e+02 2.133389768994864539e+02 1.569761917723701288e+02
2.550000000000000000e+02 2.133971546264539825e+02 1.569430017965049728e+02
2.550000000000000000e+02 2.137418839711833414e+02 1.570218846970439301e+02
2.550000000000000000e+02 2.138586386484475668e+02 1.572955613624403384e+02
2.550000000000000000e+02 2.140134012012993026e+02 1.573324713738726359e+02
2.550000000000000000e+02 2.139651768377883059e+02 1.573922278476418626e+02
2.550000000000000000e+02 2.133834177146279103e+02 1.571758488032373293e+02
2.550000000000000000e+02 2.122768613787721961e+02 1.567381911553886198e+02
2.550000000000000000e+02 2.112562106447456642e+02 1.561580107790298939e+02
2.550000000000000000e+02 2.109446984956539097e+02 1.559531456983686155e+02
2.550000000000000000e+02 2.109529007204166362e+02 1.560177472916326451e+02
2.550000000000000000e+02 2.109626635454660857e+02 1.559402253797158266e+02
2.550000000000000000e+02 2.110614622461756085e+02 1.560360026856842239e+02
2.550000000000000000e+02 2.114285480973379094e+02 1.562280200337525287e+02
2.550000000000000000e+02 2.115833560164770404e+02 1.561990672691309499e+02
2.550000000000000000e+02 2.118588291868546776e+02 1.561654599234217073e+02
2.550000000000000000e+02 2.121038252853539348e+02 1.562450596113016559e+02
2.550000000000000000e+02 2.121370787740214610e+02 1.562215598744261058e+02
2.550000000000000000e+02 2.122834757834757795e+02 1.563499736875533017e+02
2.550000000000000000e+02 2.122227484711561090e+02 1.563323715680403438e+02
2.550000000000000000e+02 2.119406971891048386e+02 1.561883336055310565e+02
2.550000000000000000e+02 2.117407770337706552e+02 1.560830293792077157e+02
2.550000000000000000e+02 2.118584753298129044e+02 1.562596584825884065e+02
2.550000000000000000e+02 2.120186546173807187e+02 1.564599869345092316e+02
2.550000000000000000e+02 2.119084236122452580e+02 1.565555555555555429e+02
2.550000000000000000e+02 2.118875732665541705e+02 1.565533235342152523e+02
2.550000000000000000e+02 2.122396610231005241e+02 1.567960876113742472e+02
2.550000000000000000e+02 2.124746583918558542e+02 1.568847061171902055e+02
2.550000000000000000e+02 2.125077485618886897e+02 1.568159943382873394e+02
2.550000000000000000e+02 2.128816937957065250e+02 1.570555737020705180e+02
2.550000000000000000e+02 2.131616673017946937e+02 1.571243671402907012e+02
2.550000000000000000e+02 2.131389660115774802e+02 1.571692706915636961e+02
2.550000000000000000e+02 2.129176238953309053e+02 1.570001996116645842e+02
2.550000000000000000e+02 2.128737909884406747e+02 1.568873192153446894e+02
2.550000000000000000e+02 2.131835519988386238e+02 1.569093218647358867e+02
2.550000000000000000e+02 2.131043606075453170e+02 1.568350028127098312e+02
2.550000000000000000e+02 2.130237991543723979e+02 1.567263233346035918e+02
2.550000000000000000e+02 2.125303318997586643e+02 1.565030213947411539e+02
2.550000000000000000e+02 2.114474476926706359e+02 1.560538316366341860e+02
2.550000000000000000e+02 2.103007512657194127e+02 1.555748180811875159e+02
2.550000000000000000e+02 2.094920155334168044e+02 1.553216288311829771e+02
2.550000000000000000e+02 2.091721832072150562e+02 1.551391202569546408e+02
2.550000000000000000e+02 2.091957555301504215e+02 1.551505888544105005e+02
2.550000000000000000e+02 2.092632424192933627e+02 1.550217032318943211e+02
2.550000000000000000e+02 2.093857313952855463e+02 1.551172083401382906e+02
2.550000000000000000e+02 2.097333641824087636e+02 1.552743934527373995e+02
2.550000000000000000e+02 2.101159653038633905e+02 1.553900048995590453e+02
2.550000000000000000e+02 2.104473478868383438e+02 1.555769049304081193e+02
2.550000000000000000e+02 2.104366958825557674e+02 1.556746148402199310e+02
2.550000000000000000e+02 2.103299490082929708e+02 1.558120474712831367e+02
2.550000000000000000e+02 2.102923222095196536e+02 1.559761917723701288e+02
2.550000000000000000e+02 2.101650244070626172e+02 1.559678897417750818e+02
2.550000000000000000e+02 2.099392545411653828e+02 1.558849329486272097e+02
2.550000000000000000e+02 2.099582902353602947e+02 1.556055582775327935e+02
2.550000000000000000e+02 2.103118841526484744e+02 1.557563739633803266e+02
2.550000000000000000e+02 2.108457818425971197e+02 1.560099079971691367e+02
2.550000000000000000e+02 2.114936214999909225e+02 1.563358012593681394e+02
2.550000000000000000e+02 2.115938356288674811e+02 1.562738944235759391e+02
2.550000000000000000e+02 2.118023663055510326e+02 1.563210844357341216e+02
2.550000000000000000e+02 2.122279837407226069e+02 1.566019743408278373e+02
2.550000000000000000e+02 2.124361061208194883e+02 1.565368283521149806e+02
2.550000000000000000e+02 2.124966882610194716e+02 1.565693469069265120e+02
2.550000000000000000e+02 2.128774202914330260e+02 1.568583029379207687e+02
2.550000000000000000e+02 2.131407988095886310e+02 1.571767833487578798e+02
2.550000000000000000e+02 2.131094597782496010e+02 1.573512711633730703e+02
2.550000000000000000e+02 2.130584589979494297e+02 1.574225688206580003e+02
2.550000000000000000e+02 2.134026893135173282e+02 1.576488921552615921e+02
2.550000000000000000e+02 2.135172664089861598e+02 1.577568729925417870e+02
2.550000000000000000e+02 2.133429146932331548e+02 1.572039668281706497e+02
2.550000000000000000e+02 2.131103580307402012e+02 1.568147422287549659e+02
2.550000000000000000e+02 2.126245486054403386e+02 1.564877873954307006e+02
2.550000000000000000e+02 2.112220679768450395e+02 1.559769720725134619e+02
2.550000000000000000e+02 2.096790516631280923e+02 1.552465204057560868e+02
2.550000000000000000e+02 2.090212223492478358e+02 1.549068811584735101e+02
2.550000000000000000e+02 2.088797974848930323e+02 1.549914439181955004e+02
2.550000000000000000e+02 2.090347868691817723e+02 1.551478850236811979e+02
2.550000000000000000e+02 2.091001324695592132e+02 1.551874988658428265e+02
2.550000000000000000e+02 2.093039359790952290e+02 1.553625945887092428e+02
2.550000000000000000e+02 2.096458072477180679e+02 1.557582249079064241e+02
2.550000000000000000e+02 2.101085705990164456e+02 1.560308944417224666e+02
2.550000000000000000e+02 2.104564392908341972e+02 1.562690855971110864e+02
2.550000000000000000e+02 2.107035131652966129e+02 1.562807265864590818e+02
2.550000000000000000e+02 2.109307256791333316e+02 1.565028308563340431e+02
2.550000000000000000e+02 2.109679441813199787e+02 1.565344965249423979e+02
2.550000000000000000e+02 2.109870796813472111e+02 1.565948971999927437e+02
2.550000000000000000e+02 2.109669461229970864e+02 1.565785562632696326e+02
2.550000000000000000e+02 2.111880160415192336e+02 1.566613951040702659e+02
2.550000000000000000e+02 2.112870234271508139e+02 1.566809751937140334e+02
2.550000000000000000e+02 2.115410837098735328e+02 1.565349955541038298e+02
2.550000000000000000e+02 2.118325258134175328e+02 1.564051209465222314e+02
2.550000000000000000e+02 2.120124938755512005e+02 1.563232347977570953e+02
2.550000000000000000e+02 2.124488177545502481e+02 1.564612844103290001e+02
2.550000000000000000e+02 2.127133485764059060e+02 1.565739470484693356e+02
2.550000000000000000e+02 2.127917868873282998e+02 1.566405266118642032e+02
2.550000000000000000e+02 2.129790770682490404e+02 1.566576297022157007e+02
2.550000000000000000e+02 2.132721886511695288e+02 1.569588799970965454e+02
2.550000000000000000e+02 2.134990654544794779e+02 1.570982633785181690e+02
2.550000000000000000e+02 2.135152793655978485e+02 1.571275700001814641e+02
2.550000000000000000e+02 2.135771499083600986e+02 1.572459760103072313e+02
2.550000000000000000e+02 2.138342860253688400e+02 1.575515905420363936e+02
2.550000000000000000e+02 2.139618197325203823e+02 1.577065889995826353e+02
2.550000000000000000e+02 2.140892808536120526e+02 1.577105358665868096e+02
2.550000000000000000e+02 2.142075870579055277e+02 1.577945270110875242e+02
2.550000000000000000e+02 2.140490137369118315e+02 1.575539042226940296e+02
2.550000000000000000e+02 2.128961474948736168e+02 1.570008710327181802e+02
2.550000000000000000e+02 2.115871758578765025e+02 1.562885477344076151e+02
2.550000000000000000e+02 2.109254087502495167e+02 1.559976500263124422e+02
2.550000000000000000e+02 2.105369009381748242e+02 1.558883626399550053e+02
2.550000000000000000e+02 2.101827716986952623e+02 1.557679877329558735e+02
2.550000000000000000e+02 2.101568584753298126e+02 1.558606982778957217e+02
2.550000000000000000e+02 2.105343150597927604e+02 1.560850617888834506e+02
2.550000000000000000e+02 2.108332063077286023e+02 1.562792113524597539e+02
2.550000000000000000e+02 2.109472934472934469e+02 1.562654835138911551e+02
2.550000000000000000e+02 2.112667628431959770e+02 1.563096430580507104e+02
2.550000000000000000e+02 2.117335637940733477e+02 1.563621681456076260e+02
2.550000000000000000e+02 2.118894151378227946e+02 1.564721995390785310e+02
2.550000000000000000e+02 2.117805088282795225e+02 1.565150888271907377e+02
2.550000000000000000e+02 2.115646832525813466e+02 1.563160306313172612e+02
2.550000000000000000e+02 2.114669007567096628e+02 1.565009617652929705e+02
2.550000000000000000e+02 2.113886257644219313e+02 1.566014753116664053e+02
2.550000000000000000e+02 2.114531003320812204e+02 1.567289182862431289e+02
2.550000000000000000e+02 2.116815649554503125e+02 1.569098934799571623e+02
2.550000000000000000e+02 2.119566933420436499e+02 1.570929918159217493e+02
2.550000000000000000e+02 2.120863229716732974e+02 1.568611519407697870e+02
2.550000000000000000e+02 2.123781461520314906e+02 1.568017856170722553e+02
2.550000000000000000e+02 2.127293265828297706e+02 1.568918376975701676e+02
2.550000000000000000e+02 2.129518119295189251e+02 1.568022120601738436e+02
2.550000000000000000e+02 2.131935870216125011e+02 1.569585715063421958e+02
2.550000000000000000e+02 2.133509989656486425e+02 1.572611646433302610e+02
2.550000000000000000e+02 2.136021558059774748e+02 1.575948790534777686e+02
2.550000000000000000e+02 2.137585424719182754e+02 1.576733264376576358e+02
2.550000000000000000e+02 2.138429600595205784e+02 1.577139292648846833e+02
2.550000000000000000e+02 2.140039105739742809e+02 1.578561344293828483e+02
2.550000000000000000e+02 2.139754568385141624e+02 1.578552361768922196e+02
2.550000000000000000e+02 2.139960622062532991e+02 1.578446113923820917e+02
2.550000000000000000e+02 2.141523127733318859e+02 1.578588110403397025e+02
2.550000000000000000e+02 2.142820059157638752e+02 1.580078574409784551e+02
2.550000000000000000e+02 2.137977661640082090e+02 1.578531311811566695e+02
2.550000000000000000e+02 2.124520296876984844e+02 1.572037853630210407e+02
2.550000000000000000e+02 2.112662910338069651e+02 1.566047598308744853e+02
2.550000000000000000e+02 2.105715880015243044e+02 1.563096793510806322e+02
2.550000000000000000e+02 2.102279928139800802e+02 1.561842506396646399e+02
2.550000000000000000e+02 2.101078175186455326e+02 1.561341753316275742e+02
2.550000000000000000e+02 2.101393380151342001e+02 1.562368846063113494e+02
2.550000000000000000e+02 2.104061734443899923e+02 1.563233890431342559e+02
2.550000000000000000e+02 2.108849692416571315e+02 1.565575516722013560e+02
2.550000000000000000e+02 2.113140889542163450e+02 1.567144555138185638e+02
2.550000000000000000e+02 2.115360117589416973e+02 1.568027201625927773e+02
2.550000000000000000e+02 2.116825085742283079e+02 1.567416389932313621e+02
2.550000000000000000e+02 2.117156894768359621e+02 1.567296985863864904e+02
2.550000000000000000e+02 2.116402725606547222e+02 1.566249931950569021e+02
2.550000000000000000e+02 2.114209265610539603e+02 1.564791315077939373e+02
2.550000000000000000e+02 2.112736222258515113e+02 1.564816266536011824e+02
2.550000000000000000e+02 2.114460231912461268e+02 1.565655905783294202e+02
2.550000000000000000e+02 2.116278331246484186e+02 1.565627960150253273e+02
2.550000000000000000e+02 2.119248734280581346e+02 1.566270528245050571e+02
2.550000000000000000e+02 2.122152993267642955e+02 1.567206706951929789e+02
2.550000000000000000e+02 2.125821855662620123e+02 1.568727203440579103e+02
2.549999637069700782e+02 2.129471573484312330e+02 1.568441758760230016e+02
2.550000000000000000e+02 2.133638920645290113e+02 1.570330992432903372e+02
2.550000000000000000e+02 2.136718384234307848e+02 1.569734516486108760e+02
2.550000000000000000e+02 2.137708639555773402e+02 1.570126299744134144e+02
2.550000000000000000e+02 2.139953363456548061e+02 1.571144682163790378e+02
2.550000000000000000e+02 2.140542399332208277e+02 1.572204529370134480e+02
2.550000000000000000e+02 2.140039740867766227e+02 1.573142341263360322e+02
2.550000000000000000e+02 2.141636997114704002e+02 1.574997913150779425e+02
2.550000000000000000e+02 2.143308835538134929e+02 1.575396501351915504e+02
2.550000000000000000e+02 2.142871323062405793e+02 1.574581632097555541e+02
2.550000000000000000e+02 2.139235940987533411e+02 1.572872593318453198e+02
2.549999909267425267e+02 2.128943146968624660e+02 1.568006605331446224e+02
2.550000000000000000e+02 2.115775944979766621e+02 1.564255811421416524e+02
2.550000000000000000e+02 2.104672546137514360e+02 1.560054076614586052e+02
2.550000000000000000e+02 2.099858910846172080e+02 1.557485891084617151e+02
2.550000000000000000e+02 2.098632841562777855e+02 1.554377120873936065e+02
2.550000000000000000e+02 2.099287567822599669e+02 1.553652984194385454e+02
2.550000000000000000e+02 2.101267171139782590e+02 1.553956666122271315e+02
2.550000000000000000e+02 2.106743517157529766e+02 1.554535177019253354e+02
2.550000000000000000e+02 2.108662420382165692e+02 1.555855971110748044e+02
2.550000000000000000e+02 2.110770138094978847e+02 1.557300615166857085e+02
2.550000000000000000e+02 2.111679732157439275e+02 1.558760683760683889e+02
2.550000000000000000e+02 2.111058214019997479e+02 1.559063639827971031e+02
2.550000000000000000e+02 2.109321411073003389e+02 1.559033062950260273e+02
2.550000000000000000e+02 2.105905964759467963e+02 1.558536302103181015e+02
2.550000000000000000e+02 2.102213148964741265e+02 1.557644945288257361e+02
2.550000000000000000e+02 2.100250240441323228e+02 1.557277115429981791e+02
2.550000000000000000e+02 2.101579835592574454e+02 1.558161576569220017e+02
2.550000000000000000e+02 2.102926307002740032e+02 1.560067142105358755e+02
2.550000000000000000e+02 2.104760919665378367e+02 1.560977280563267868e+02
2.550000000000000000e+02 2.107082494057016220e+02 1.562322390984811307e+02
2.550000000000000000e+02 2.109779792040938560e+02 1.563088446113923737e+02
2.550000000000000000e+02 2.113169833233527584e+02 1.565052715625963913e+02
2.550000000000000000e+02 2.115704447710817249e+02 1.565610811693614153e+02
2.550000000000000000e+02 2.117792748652621242e+02 1.565531420690656432e+02
2.550000000000000000e+02 2.119993376522039057e+02 1.565626236231331632e+02
2.550000000000000000e+02 2.122171774910628415e+02 1.565690111963997424e+02
2.550000000000000000e+02 2.124346725461375058e+02 1.566454715371912698e+02
2.550000000000000000e+02 2.126843595187544338e+02 1.567835665160505982e+02
2.550000000000000000e+02 2.130193169651768414e+02 1.569046400638757461e+02
2.550000000000000000e+02 2.133302756455622671e+02 1.569621463697896786e+02
2.550000000000000000e+02 2.134917251891774299e+02 1.569554775255412267e+02
2.550000000000000000e+02 2.132714718638285376e+02 1.567090387791024853e+02
2.550000000000000000e+02 2.118813943782096771e+02 1.562725788012412238e+02
2.550000000000000000e+02 2.103259749215163197e+02 1.555852614005480348e+02
2.550000000000000000e+02 2.091081169361424088e+02 1.552268858765673940e+02
2.550000000000000000e+02 2.085897345164861179e+02 1.551480846353457821e+02
2.550000000000000000e+02 2.083856406627107276e+02 1.550793002703830723e+02
2.549999909267425267e+02 2.083182626526575518e+02 1.550128930988803688e+02
2.550000000000000000e+02 2.083499373945233799e+02 1.550672600577059086e+02
2.550000000000000000e+02 2.086000054439545011e+02 1.552371658772932790e+02
2.550000000000000000e+02 2.089320957410129438e+02 1.554984121799408285e+02
2.550000000000000000e+02 2.091202388081368895e+02 1.555345146714573445e+02
2.550000000000000000e+02 2.093768486762117220e+02 1.555740831473315495e+02
2.550000000000000000e+02 2.096263541836790125e+02 1.558119385921933713e+02
2.550000000000000000e+02 2.095366741067377916e+02 1.557087393616056090e+02
2.549999909267425267e+02 2.091546446005044686e+02 1.554271417424283754e+02
2.550000000000000000e+02 2.088171920082748159e+02 1.551597437712087526e+02
2.550000000000000000e+02 2.087126590088373632e+02 1.550823851779265681e+02
2.550000000000000000e+02 2.088671947302520664e+02 1.552707822962599948e+02
2.550000000000000000e+02 2.091030812782405235e+02 1.554723265646832431e+02
2.550000000000000000e+02 2.095019870433883113e+02 1.557397608289328161e+02
2.550000000000000000e+02 2.098918921371150645e+02 1.560208231259186675e+02
2.550000000000000000e+02 2.101653601175894153e+02 1.561844321048142774e+02
2.550000000000000000e+02 2.104304444081514021e+02 1.563303935979095343e+02
2.550000000000000000e+02 2.108370170758705910e+02 1.563999310432431571e+02
2.550000000000000000e+02 2.110235723229353937e+02 1.562975484058286497e+02
2.550000000000000000e+02 2.111480029760284651e+02 1.562329558858221219e+02
2.550000000000000000e+02 2.112652022429092540e+02 1.562964868347033871e+02
2.550000000000000000e+02 2.113633113760502340e+02 1.563919556499174348e+02
2.550000000000000000e+02 2.115163409367231111e+02 1.565578510896982323e+02
2.550000000000000000e+02 2.117293175095722972e+02 1.565302774602137674e+02
2.550000000000000000e+02 2.118666049685157873e+02 1.566630373636743059e+02
2.550000000000000000e+02 2.120552198450287733e+02 1.567048923004336984e+02
2.550000000000000000e+02 2.121369517484167204e+02 1.567253162030231977e+02
2.550000000000000000e+02 2.116936959007022665e+02 1.565986353820748604e+02
2.550000000000000000e+02 2.102697933111945758e+02 1.560595205690747207e+02
2.550000000000000000e+02 2.087998983795162076e+02 1.554960622062532991e+02
2.550000000000000000e+02 2.077157166966084105e+02 1.552950078937340095e+02
2.550000000000000000e+02 2.070223927994628639e+02 1.548815758433592862e+02
2.550000000000000000e+02 2.067114431923349116e+02 1.547639047670894854e+02
2.550000000000000000e+02 2.068600540766145741e+02 1.548716859927050962e+02
2.550000000000000000e+02 2.071089698223456139e+02 1.550095904331573138e+02
2.550000000000000000e+02 2.070080933456729610e+02 1.549438728292231531e+02
2.550000000000000000e+02 2.073339956811294371e+02 1.549884315967118482e+02
2.550000000000000000e+02 2.079744315604188216e+02 1.550774674723719215e+02
2.550000000000000000e+02 2.082922496234598100e+02 1.551299925599288656e+02
2.550000000000000000e+02 2.081770736929972543e+02 1.549672183207215141e+02
2.550000000000000000e+02 2.080956502803636567e+02 1.548812764258624100e+02
2.550000000000000000e+02 2.079584807737674055e+02 1.549102110439690136e+02
2.550000000000000000e+02 2.077988912479358419e+02 1.548410909684795058e+02
2.550000000000000000e+02 2.077160251873627601e+02 1.547769702578619899e+02
2.550000000000000000e+02 2.078852595858965344e+02 1.549072894550601518e+02
2.550000000000000000e+02 2.083019943019943128e+02 1.550278458272088926e+02
2.550000000000000000e+02 2.086342388444299161e+02 1.552162610920572661e+02
2.550000000000000000e+02 2.089219790589217212e+02 1.550026947574718292e+02
2.550000000000000000e+02 2.093313644364599782e+02 1.550937086032627406e+02
2.550000000000000000e+02 2.098322536156931051e+02 1.552048560074037766e+02
2.550000000000000000e+02 2.100195710163862941e+02 1.553925272651387388e+02
2.550000000000000000e+02 2.100900520804979408e+02 1.552337089661930349e+02
2.550000000000000000e+02 2.101579744859999721e+02 1.552494964342098172e+02
2.550000000000000000e+02 2.103486580652185864e+02 1.553949951911735354e+02
2.550000000000000000e+02 2.105392962781497772e+02 1.554073438946050487e+02
2.550000000000000000e+02 2.105305587311956685e+02 1.553775473170377666e+02
2.550000000000000000e+02 2.107443246774456895e+02 1.554640517538606730e+02
2.550000000000000000e+02 2.108195510552198471e+02 1.555920754169161739e+02
2.550000000000000000e+02 2.103501188596729889e+02 1.553818117480537921e+02
2.550000000000000000e+02 2.088786814742228728e+02 1.548218556626199813e+02
2.550000000000000000e+02 2.076073275627415740e+02 1.543422977117244557e+02
2.550000000000000000e+02 2.065765601466238479e+02 1.540981454261709018e+02
2.550000000000000000e+02 2.058836717658373630e+02 1.537426824178416496e+02
2.550000000000000000e+02 2.057691854029433784e+02 1.536490645471537277e+02
2.550000000000000000e+02 2.059899286841962009e+02 1.538090079300270361e+02
2.550000000000000000e+02 2.063352024243743870e+02 1.539937575988531364e+02
2.550000000000000000e+02 2.066389841580924269e+02 1.540206416607690585e+02
2.550000000000000000e+02 2.069782514018182837e+02 1.542526176347832347e+02
2.550000000000000000e+02 2.075500480882646457e+02 1.543881811748053678e+02
2.550000000000000000e+02 2.079287114159725718e+02 1.546237047924946069e+02
2.550000000000000000e+02 2.079473115938084220e+02 1.545945433429509990e+02
2.550000000000000000e+02 2.076521131616673017e+02 1.544176057488159302e+02
2.550000000000000000e+02 2.073468524869798841e+02 1.543616418966737456e+02
2.550000000000000000e+02 2.070134737873591462e+02 1.543257480900792871e+02
2.549999727802275515e+02 2.069152739216433474e+02 1.542481082258152298e+02
2.550000000000000000e+02 2.070865770228827500e+02 1.544249550873754799e+02
2.550000000000000000e+02 2.073117208340138404e+02 1.546894042499137925e+02
2.550000000000000000e+02 2.074483005788738410e+02 1.546685539042227049e+02
2.550000000000000000e+02 2.075625056707859244e+02 1.546597165514363041e+02
2.550000000000000000e+02 2.080268024025985767e+02 1.547727239733609110e+02
2.550000000000000000e+02 2.084883136443646094e+02 1.550107971764022636e+02
2.550000000000000000e+02 2.087489701852759083e+02 1.552152539604769004e+02
2.550000000000000000e+02 2.090245703812582860e+02 1.553687462572812876e+02
2.550000000000000000e+02 2.094187489792585382e+02 1.555278911934962878e+02
2.550000000000000000e+02 2.094779066180340124e+02 1.555940806068194604e+02
2.550000000000000000e+02 2.085648012049285853e+02 1.552808899050937157e+02
2.550000000000000000e+02 2.071931152122234892e+02 1.547249441994665062e+02
2.550000000000000000e+02 2.064429655034750510e+02 1.545457201444462498e+02
