2.550000000000000000e+02 2.360580121405809564e+02 1.585276928304451189e+02
2.550000000000000000e+02 2.361949564243142277e+02 1.584960005877437084e+02
2.550000000000000000e+02 2.361202027715789313e+02 1.584445638298849417e+02
2.550000000000000000e+02 2.360468358266523410e+02 1.583152602143427714e+02
2.550000000000000000e+02 2.360495816917835157e+02 1.582345281060877369e+02
2.550000000000000000e+02 2.359412256292990264e+02 1.578596210889788836e+02
2.550000000000000000e+02 2.359024988291043314e+02 1.573274099787861360e+02
2.550000000000000000e+02 2.358592078316848983e+02 1.574170500776005497e+02
2.550000000000000000e+02 2.358234197500252662e+02 1.576483547767951450e+02
2.550000000000000000e+02 2.358612190171823215e+02 1.578086343223957897e+02
2.550000000000000000e+02 2.358895868345409497e+02 1.579950684629583577e+02
2.550000000000000000e+02 2.358658474988750129e+02 1.579926807541486369e+02
2.550000000000000000e+02 2.357724880844147037e+02 1.577162208079639356e+02
2.550000000000000000e+02 2.357270022315893812e+02 1.574146440017999566e+02
2.550000000000000000e+02 2.356878897245869666e+02 1.573026604586237625e+02
2.550000000000000000e+02 2.356164880476807184e+02 1.570707037312541843e+02
2.550000000000000000e+02 2.355285009780422740e+02 1.569961245649319039e+02
2.550000000000000000e+02 2.355226143574767548e+02 1.570010928359552338e+02
2.550000000000000000e+02 2.356856122177223085e+02 1.572232599572049025e+02
2.550000000000000000e+02 2.357058710086232907e+02 1.572351617672718476e+02
2.550000000000000000e+02 2.355528647913968996e+02 1.571372014216050843e+02
2.550000000000000000e+02 2.356679799065120164e+02 1.571667539098731652e+02
2.550000000000000000e+02 2.357559853431413046e+02 1.573801140590131524e+02
2.550000000000000000e+02 2.358139791167314172e+02 1.574789468367449956e+02
2.550000000000000000e+02 2.358337144483933514e+02 1.575280142527848852e+02
2.550000000000000000e+02 2.360134079033161640e+02 1.577518619536968174e+02
2.550000000000000000e+02 2.360802913004747836e+02 1.579081650457797252e+02
2.550000000000000000e+02 2.360117089566630852e+02 1.580545775132931112e+02
2.550000000000000000e+02 2.360349156495945522e+02 1.581928534038625855e+02
2.550000000000000000e+02 2.361648896603024923e+02 1.583924383098695046e+02
2.550000000000000000e+02 2.362950932583960082e+02 1.586638840675537949e+02
2.550000000000000000e+02 2.363361342994370489e+02 1.587720105426527368e+02
2.550000000000000000e+02 2.364285202633826373e+02 1.587002415259296129e+02
2.550000000000000000e+02 2.364719765637196929e+02 1.585479424378507076e+02
2.550000000000000000e+02 2.365099227668034985e+02 1.584536922243344179e+02
2.550000000000000000e+02 2.365367661239220922e+02 1.584071778200218432e+02
2.550000000000000000e+02 2.365610105518362332e+02 1.583589828360470619e+02
2.550000000000000000e+02 2.366578688780523692e+02 1.584960373217253959e+02
2.550000000000000000e+02 2.366076076076076049e+02 1.585317427519262310e+02
2.550000000000000000e+02 2.366801755884324621e+02 1.586824255448108545e+02
2.550000000000000000e+02 2.367991753221110969e+02 1.588372960116079469e+02
2.550000000000000000e+02 2.369012315067360817e+02 1.589476081586173279e+02
2.550000000000000000e+02 2.369650476164237602e+02 1.588581058122342426e+02
2.550000000000000000e+02 2.369616497231176027e+02 1.586904151858280159e+02
2.550000000000000000e+02 2.369980255484842644e+02 1.587381693620225747e+02
2.550000000000000000e+02 2.369651027173962916e+02 1.587185717827919689e+02
2.550000000000000000e+02 2.369046294000422392e+02 1.586295653451616658e+02
2.550000000000000000e+02 2.369114711041316639e+02 1.586332111928442146e+02
2.550000000000000000e+02 2.370414359313441821e+02 1.588419612272823258e+02
2.550000000000000000e+02 2.371590489572140825e+02 1.591396625983782087e+02
2.550000000000000000e+02 2.373248110495816832e+02 1.593407444141388964e+02
2.550000000000000000e+02 2.374308069537427457e+02 1.595765582095857269e+02
2.550000000000000000e+02 2.375822978942244958e+02 1.597541761945431631e+02
2.550000000000000000e+02 2.375549953623348074e+02 1.598540650742485525e+02
2.550000000000000000e+02 2.375885243041206252e+02 1.599043998126566919e+02
2.550000000000000000e+02 2.376874856507884033e+02 1.601338127117943770e+02
2.550000000000000000e+02 2.377369204066451687e+02 1.601845698909918951e+02
2.550000000000000000e+02 2.376482813088317698e+02 1.596157717350377823e+02
2.550000000000000000e+02 2.376334775142114495e+02 1.594354538024262808e+02
2.550000000000000000e+02 2.378430724302284034e+02 1.594780376706982281e+02
2.550000000000000000e+02 2.378829196168645694e+02 1.591437492538410083e+02
2.550000000000000000e+02 2.379454592206885764e+02 1.592323148836910320e+02
2.550000000000000000e+02 2.381045449118843749e+02 1.595664012636489701e+02
2.550000000000000000e+02 2.382267588689607010e+02 1.598037854368129729e+02
2.550000000000000000e+02 2.383465116492639311e+02 1.600372849914134292e+02
2.550000000000000000e+02 2.384409638996795024e+02 1.601497552598470122e+02
2.550000000000000000e+02 2.385545637380499784e+02 1.603211743853945563e+02
2.550000000000000000e+02 2.386188022885270641e+02 1.606663636113177347e+02
2.550000000000000000e+02 2.385879090099273583e+02 1.606301530888686955e+02
2.550000000000000000e+02 2.385359304258386715e+02 1.606287939315462268e+02
2.550000000000000000e+02 2.385477863184285070e+02 1.606488231350616616e+02
2.550000000000000000e+02 2.384809947562241064e+02 1.606045770541183515e+02
2.550000000000000000e+02 2.384891588836542837e+02 1.606533230478184748e+02
2.550000000000000000e+02 2.384195663553461770e+02 1.605932446207675639e+02
2.550000000000000000e+02 2.383381638519253158e+02 1.605064054880568563e+02
2.550000000000000000e+02 2.382828241085121874e+02 1.602764783131755735e+02
2.550000000000000000e+02 2.382462370627508221e+02 1.602731538878327910e+02
2.550000000000000000e+02 2.381446951538694634e+02 1.599351277883388036e+02
2.550000000000000000e+02 2.380139038120689463e+02 1.597394091339045588e+02
2.550000000000000000e+02 2.380078427050904111e+02 1.597997079648455667e+02
2.550000000000000000e+02 2.380071631264291909e+02 1.597115923262712158e+02
2.550000000000000000e+02 2.379333370067315059e+02 1.595907742604990176e+02
2.550000000000000000e+02 2.379251453288150628e+02 1.594994352150315535e+02
2.550000000000000000e+02 2.380159884655297446e+02 1.596437171116070317e+02
2.550000000000000000e+02 2.381013766059637646e+02 1.596367927560588100e+02
2.550000000000000000e+02 2.380493888383796559e+02 1.595829682893902941e+02
2.550000000000000000e+02 2.381266771358514518e+02 1.596977895326519103e+02
2.550000000000000000e+02 2.381778200218567179e+02 1.595863753661918736e+02
2.550000000000000000e+02 2.381366136778980831e+02 1.594392833200172674e+02
2.550000000000000000e+02 2.380399206545995412e+02 1.594015299703373216e+02
2.550000000000000000e+02 2.380758740391767958e+02 1.594043584869272934e+02
2.550000000000000000e+02 2.381139855451781955e+02 1.593681112304965382e+02
2.550000000000000000e+02 2.379862798578394916e+02 1.594178490417022545e+02
2.550000000000000000e+02 2.380349891175579273e+02 1.596015465006290697e+02
2.550000000000000000e+02 2.381003388709810622e+02 1.597401529970337322e+02
2.550000000000000000e+02 2.381373759080181003e+02 1.599143730886850108e+02
2.550000000000000000e+02 2.381591683426545671e+02 1.599123343527013219e+02
2.550000000000000000e+02 2.382273925301448116e+02 1.597614862568991043e+02
2.550000000000000000e+02 2.383287415856223106e+02 1.596755287397489269e+02
2.550000000000000000e+02 2.383844762193386089e+02 1.596150186884131870e+02
2.550000000000000000e+02 2.384018513926770879e+02 1.594902884535912051e+02
2.550000000000000000e+02 2.384336446538281393e+02 1.594985444159756014e+02
2.550000000000000000e+02 2.385442047552139400e+02 1.597081301484971334e+02
2.550000000000000000e+02 2.386370131599489355e+02 1.600599682251058482e+02
2.550000000000000000e+02 2.386907274246723887e+02 1.601265761174018110e+02
2.550000000000000000e+02 2.387700177241461574e+02 1.603201642008981480e+02
2.550000000000000000e+02 2.388202881780863436e+02 1.604082798394724989e+02
2.550000000000000000e+02 2.388626149084864778e+02 1.604774040095140890e+02
2.550000000000000000e+02 2.388264870374962072e+02 1.604425985618646280e+02
2.550000000000000000e+02 2.387956855938507204e+02 1.604282906759970899e+02
2.550000000000000000e+02 2.388363317445886196e+02 1.604699561947268478e+02
2.550000000000000000e+02 2.387946019413909369e+02 1.604460148221616009e+02
2.550000000000000000e+02 2.387969437327235482e+02 1.604178582251976763e+02
2.550000000000000000e+02 2.388571690957012095e+02 1.605334416985793098e+02
2.550000000000000000e+02 2.390604733173540524e+02 1.607528170372206944e+02
2.550000000000000000e+02 2.392644754846589592e+02 1.610799882451258611e+02
2.550000000000000000e+02 2.395076911774159498e+02 1.614498718902388532e+02
2.550000000000000000e+02 2.397330541550724945e+02 1.618629363308262441e+02
2.550000000000000000e+02 2.398731483777355322e+02 1.621543470075580160e+02
2.550000000000000000e+02 2.400367247981926937e+02 1.622996207216390587e+02
2.550000000000000000e+02 2.401925319815228193e+02 1.625176736369396906e+02
2.550000000000000000e+02 2.402775711491307788e+02 1.626014913996565383e+02
2.550000000000000000e+02 2.403041022674050282e+02 1.625860631273475292e+02
2.550000000000000000e+02 2.403484769172842448e+02 1.625788265329549631e+02
2.550000000000000000e+02 2.403675234867895369e+02 1.626168186535159066e+02
2.550000000000000000e+02 2.403606542322138750e+02 1.626581260159241822e+02
2.550000000000000000e+02 2.403328557915713759e+02 1.625740511153355214e+02
2.550000000000000000e+02 2.403432974258662398e+02 1.626193532982523777e+02
2.550000000000000000e+02 2.404156541862963934e+02 1.627986885968537365e+02
2.550000000000000000e+02 2.403724642073266011e+02 1.626910304800213112e+02
2.550000000000000000e+02 2.404011809975112612e+02 1.625957976324948788e+02
2.550000000000000000e+02 2.403861016980283125e+02 1.626963201733844073e+02
2.550000000000000000e+02 2.403804722153346063e+02 1.625205205205205345e+02
2.550000000000000000e+02 2.403277681351075898e+02 1.624001524460240091e+02
2.550000000000000000e+02 2.403825201348137170e+02 1.622885086921784250e+02
2.550000000000000000e+02 2.402885086921784250e+02 1.620467072577164345e+02
2.550000000000000000e+02 2.403251232884260276e+02 1.621306811398554544e+02
2.550000000000000000e+02 2.403664765683114410e+02 1.622903453912628322e+02
2.550000000000000000e+02 2.404268396837204307e+02 1.626410171639529381e+02
2.550000000000000000e+02 2.404952016236420036e+02 1.627289215821325854e+02
2.550000000000000000e+02 2.404103185754561878e+02 1.627236686227512052e+02
2.550000000000000000e+02 2.403437933346190221e+02 1.626777052281639442e+02
2.550000000000000000e+02 2.404332681305158417e+02 1.627550945440853809e+02
2.550000000000000000e+02 2.405436904794702855e+02 1.629527692830445176e+02
2.550000000000000000e+02 2.405486312000073497e+02 1.629446327061006059e+02
2.550000000000000000e+02 2.405325233490371204e+02 1.628972826037046104e+02
2.550000000000000000e+02 2.406051188803482432e+02 1.629275789551018931e+02
2.550000000000000000e+02 2.406396488231350759e+02 1.630889972541348811e+02
2.550000000000000000e+02 2.406345244326895738e+02 1.631275954853936412e+02
2.550000000000000000e+02 2.406228889439898637e+02 1.632585796805980181e+02
2.550000000000000000e+02 2.407157616331928125e+02 1.634778907347714778e+02
2.550000000000000000e+02 2.407017659861696472e+02 1.634702225160940827e+02
2.550000000000000000e+02 2.406346897356071679e+02 1.630845891763322868e+02
2.550000000000000000e+02 2.405992965442506772e+02 1.627715697348724859e+02
2.550000000000000000e+02 2.406822326914069947e+02 1.627342663764682129e+02
2.550000000000000000e+02 2.406576209236759780e+02 1.626235777061465058e+02
2.550000000000000000e+02 2.406336060831473560e+02 1.624970566897172262e+02
2.550000000000000000e+02 2.405859529254024665e+02 1.625004821335096494e+02
2.550000000000000000e+02 2.405797816164788685e+02 1.625040177792471354e+02
2.550000000000000000e+02 2.405123563930903288e+02 1.624025126043474643e+02
2.550000000000000000e+02 2.404496423028533059e+02 1.622556685125492493e+02
2.550000000000000000e+02 2.403604613788100153e+02 1.620709241351443097e+02
2.550000000000000000e+02 2.403141857453784098e+02 1.622289353573757182e+02
2.550000000000000000e+02 2.401710334187398530e+02 1.622374668246227998e+02
2.550000000000000000e+02 2.401758455703409822e+02 1.622761201568540912e+02
2.550000000000000000e+02 2.400690782525644806e+02 1.622572297067709997e+02
2.550000000000000000e+02 2.400180547519996992e+02 1.621682967371040718e+02
2.550000000000000000e+02 2.400171915034300412e+02 1.619575263336731155e+02
2.550000000000000000e+02 2.399545967986335029e+02 1.618514569615487062e+02
2.550000000000000000e+02 2.398881082917780247e+02 1.616389600609784054e+02
2.550000000000000000e+02 2.397698707882194071e+02 1.615250847177452727e+02
2.550000000000000000e+02 2.396580800984470727e+02 1.614070768015722024e+02
2.550000000000000000e+02 2.395853192642183558e+02 1.611244639134547469e+02
2.550000000000000000e+02 2.394974974974975055e+02 1.608692270251903267e+02
2.550000000000000000e+02 2.394391455675859390e+02 1.606115748776299199e+02
2.550000000000000000e+02 2.394334426169288577e+02 1.605277295644268065e+02
2.550000000000000000e+02 2.394800121222139637e+02 1.605372987666565621e+02
2.550000000000000000e+02 2.394617553333149544e+02 1.605927395285193313e+02
2.550000000000000000e+02 2.395486771174844591e+02 1.608617792104030570e+02
2.550000000000000000e+02 2.395524423506074925e+02 1.609678210320412290e+02
2.550000000000000000e+02 2.394825835009321224e+02 1.609816421926513783e+02
2.550000000000000000e+02 2.394875976894325618e+02 1.609411980788127607e+02
2.550000000000000000e+02 2.395131094397149525e+02 1.608518334848610039e+02
2.550000000000000000e+02 2.393842833659347491e+02 1.605841805107860125e+02
2.550000000000000000e+02 2.393256834816467915e+02 1.602745222286506817e+02
2.550000000000000000e+02 2.393158846920314886e+02 1.601078234197500194e+02
2.550000000000000000e+02 2.392728783829701342e+02 1.599768024905639550e+02
2.550000000000000000e+02 2.392158213259130832e+02 1.600470470470470445e+02
2.550000000000000000e+02 2.392064174266009218e+02 1.601520603171979360e+02
2.550000000000000000e+02 2.391967747564077911e+02 1.602577715330008914e+02
2.550000000000000000e+02 2.392193202376688532e+02 1.603180428134556621e+02
2.550000000000000000e+02 2.392531522348036219e+02 1.603695530392778039e+02
2.550000000000000000e+02 2.392892892892892860e+02 1.605120257872551406e+02
2.550000000000000000e+02 2.393547125106758244e+02 1.605685318345868779e+02
2.550000000000000000e+02 2.393525176552699349e+02 1.606375825366650929e+02
2.550000000000000000e+02 2.393790120395624967e+02 1.606554352517655389e+02
2.550000000000000000e+02 2.393867996436803764e+02 1.605756674105298032e+02
2.550000000000000000e+02 2.393702234344436306e+02 1.605448292329026287e+02
2.550000000000000000e+02 2.393789753055808092e+02 1.605402466686870468e+02
2.550000000000000000e+02 2.392987023720968693e+02 1.603157653065910040e+02
2.550000000000000000e+02 2.392423524441873042e+02 1.602635295846305041e+02
2.550000000000000000e+02 2.392453187132086327e+02 1.602217538639557119e+02
2.550000000000000000e+02 2.392354740061162204e+02 1.598324746765113673e+02
2.550000000000000000e+02 2.390563407444141433e+02 1.592599480214159087e+02
2.550000000000000000e+02 2.388564895170399893e+02 1.587484456933998160e+02
2.550000000000000000e+02 2.387119596660881200e+02 1.583933750264025377e+02
2.550000000000000000e+02 2.385144502300465490e+02 1.580042978758575032e+02
2.550000000000000000e+02 2.383587440651660927e+02 1.580671129845441669e+02
2.550000000000000000e+02 2.383316894876527954e+02 1.581554857609903593e+02
2.550000000000000000e+02 2.383344629032702358e+02 1.583086297306480787e+02
2.550000000000000000e+02 2.383139469744974406e+02 1.582766527995885895e+02
2.550000000000000000e+02 2.384009238596394482e+02 1.584569707322000909e+02
2.550000000000000000e+02 2.385259938837920402e+02 1.588308951152987731e+02
2.550000000000000000e+02 2.385786336795511033e+02 1.590256127687320316e+02
2.550000000000000000e+02 2.386179390399573776e+02 1.590368809176148659e+02
2.550000000000000000e+02 2.386038423744845716e+02 1.589749657914795478e+02
2.550000000000000000e+02 2.386627453141214517e+02 1.591022306710380008e+02
2.550000000000000000e+02 2.387183972963789529e+02 1.593180611804465059e+02
2.550000000000000000e+02 2.386100044999127476e+02 1.594650246576852055e+02
2.550000000000000000e+02 2.385724440036366616e+02 1.593965892498002574e+02
2.550000000000000000e+02 2.386124564931904501e+02 1.595160665252408307e+02
2.550000000000000000e+02 2.386524322487625227e+02 1.596055872386147598e+02
2.550000000000000000e+02 2.385735092891056297e+02 1.594694235519923495e+02
2.550000000000000000e+02 2.386100136834081695e+02 1.593476412192008524e+02
2.550000000000000000e+02 2.387280675170583493e+02 1.594667787053108157e+02
2.550000000000000000e+02 2.386556097381785548e+02 1.594303936964487320e+02
2.550000000000000000e+02 2.385981761578091778e+02 1.593439035365640848e+02
2.550000000000000000e+02 2.386153033767712657e+02 1.592596633330578300e+02
2.550000000000000000e+02 2.385980659558641150e+02 1.592599939388930181e+02
2.550000000000000000e+02 2.385428272309006275e+02 1.591628692913096472e+02
2.550000000000000000e+02 2.385444710765811749e+02 1.590946634708102465e+02
2.550000000000000000e+02 2.386527444876068671e+02 1.591591040581866139e+02
2.550000000000000000e+02 2.386877887061373258e+02 1.592250599223076222e+02
2.550000000000000000e+02 2.386070198639006037e+02 1.592078867858684248e+02
2.550000000000000000e+02 2.386760246485017092e+02 1.593513421678559325e+02
2.550000000000000000e+02 2.388319695842631631e+02 1.594664297324847837e+02
2.550000000000000000e+02 2.389076783205223649e+02 1.595749143639051795e+02
2.550000000000000000e+02 2.388369470387819149e+02 1.595839325564096214e+02
2.550000000000000000e+02 2.387935366559219688e+02 1.594688449917807702e+02
2.550000000000000000e+02 2.388100577641862117e+02 1.595068922133142451e+02
2.550000000000000000e+02 2.387524496974038186e+02 1.595045045045044958e+02
2.550000000000000000e+02 2.387029139230974124e+02 1.594510749281391497e+02
2.550000000000000000e+02 2.387823144245162723e+02 1.593176203726662550e+02
2.550000000000000000e+02 2.388282686356080831e+02 1.593162979493254738e+02
2.550000000000000000e+02 2.388617975773939008e+02 1.593162244813620987e+02
2.550000000000000000e+02 2.387935917568945001e+02 1.592328383429300800e+02
2.550000000000000000e+02 2.387927927927927954e+02 1.591302311485797816e+02
2.550000000000000000e+02 2.388741677457273909e+02 1.592823833007319365e+02
2.550000000000000000e+02 2.388810094498167871e+02 1.594552901525378559e+02
2.550000000000000000e+02 2.388968968968968909e+02 1.594948251003296775e+02
2.550000000000000000e+02 2.389764076002608135e+02 1.595592656877060449e+02
2.550000000000000000e+02 2.389347696320173497e+02 1.595465832805282389e+02
2.550000000000000000e+02 2.388831400207546949e+02 1.594556299418684659e+02
2.550000000000000000e+02 2.388066782378708979e+02 1.593367312266394720e+02
2.550000000000000000e+02 2.389313441882249265e+02 1.594193275844652078e+02
2.550000000000000000e+02 2.388949408123719991e+02 1.594162143795171289e+02
2.550000000000000000e+02 2.388578394908670077e+02 1.593648419061263155e+02
2.550000000000000000e+02 2.388751687467283773e+02 1.595446271960033471e+02
2.550000000000000000e+02 2.388828645158920381e+02 1.596687972376045650e+02
2.550000000000000000e+02 2.387977977977977844e+02 1.596452783058287537e+02
2.550000000000000000e+02 2.387845827478855085e+02 1.596131819893287798e+02
2.550000000000000000e+02 2.388131709691342621e+02 1.596085626911315103e+02
2.550000000000000000e+02 2.388508141168691736e+02 1.595705430200843011e+02
2.550000000000000000e+02 2.387250461470644893e+02 1.593071420043897035e+02
2.550000000000000000e+02 2.386918661781047035e+02 1.592251884912435287e+02
2.550000000000000000e+02 2.387529088721749133e+02 1.591595907834440027e+02
2.550000000000000000e+02 2.386978262666335979e+02 1.590658456621759456e+02
2.550000000000000000e+02 2.385795244786070555e+02 1.591606193349312548e+02
2.550000000000000000e+02 2.385449118843614258e+02 1.591374034585043660e+02
2.550000000000000000e+02 2.386213461167589571e+02 1.594055247908459023e+02
2.550000000000000000e+02 2.385404119716046409e+02 1.592648336409804415e+02
2.550000000000000000e+02 2.384820416747022307e+02 1.591596183339302684e+02
2.550000000000000000e+02 2.385321835597064819e+02 1.586398600435297794e+02
2.550000000000000000e+02 2.385070483327364173e+02 1.582761568908357788e+02
2.550000000000000000e+02 2.384442883250222565e+02 1.579053365291897535e+02
2.550000000000000000e+02 2.383219825329917114e+02 1.577549843421403182e+02
2.550000000000000000e+02 2.383136531026439400e+02 1.576825816642330267e+02
2.550000000000000000e+02 2.383432790588753960e+02 1.580348972826037084e+02
2.550000000000000000e+02 2.382874342232140350e+02 1.583375301907412052e+02
2.550000000000000000e+02 2.381970043437933384e+02 1.583166101881698182e+02
2.550000000000000000e+02 2.382668815604595522e+02 1.585504770825871788e+02
2.550000000000000000e+02 2.382645397691269125e+02 1.585689450918808632e+02
2.550000000000000000e+02 2.382311302127815793e+02 1.586398784105206232e+02
2.550000000000000000e+02 2.381964992515451343e+02 1.585251214517269602e+02
2.550000000000000000e+02 2.382119183403587215e+02 1.584790478551946364e+02
2.550000000000000000e+02 2.381318382602786414e+02 1.584125685318345802e+02
2.550000000000000000e+02 2.379867573996014301e+02 1.582672672672672718e+02
2.550000000000000000e+02 2.379308023619950347e+02 1.582962411953237734e+02
2.550000000000000000e+02 2.380049039865553766e+02 1.584307885867519019e+02
2.550000000000000000e+02 2.380225271142702468e+02 1.585407517609352510e+02
2.550000000000000000e+02 2.379382777272685416e+02 1.585558953448861814e+02
2.550000000000000000e+02 2.379991275679349201e+02 1.586605137247339030e+02
2.550000000000000000e+02 2.380632283659806490e+02 1.585526076535250866e+02
2.550000000000000000e+02 2.380832024685235808e+02 1.584244336079198376e+02
2.550000000000000000e+02 2.379831574693959908e+02 1.582888025640319256e+02
2.550000000000000000e+02 2.380167415121543684e+02 1.582330771138110492e+02
2.550000000000000000e+02 2.380372849914134292e+02 1.583619674720592059e+02
2.550000000000000000e+02 2.380352646224205841e+02 1.582503237182136218e+02
2.550000000000000000e+02 2.379967031251434832e+02 1.581917054669348204e+02
2.550000000000000000e+02 2.380554683123490349e+02 1.581361361361361446e+02
2.550000000000000000e+02 2.381097978712657550e+02 1.580471205150104197e+02
2.550000000000000000e+02 2.380978776942079662e+02 1.579727984865599524e+02
2.550000000000000000e+02 2.379847737645902725e+02 1.578803757886326764e+02
2.550000000000000000e+02 2.379412623632807140e+02 1.578427969253657466e+02
2.550000000000000000e+02 2.379557539190566615e+02 1.578700719067691409e+02
2.550000000000000000e+02 2.378889531733568390e+02 1.577897989732852011e+02
2.550000000000000000e+02 2.378849124353711488e+02 1.578150076682186693e+02
2.550000000000000000e+02 2.379115721225813047e+02 1.578071833301191020e+02
2.550000000000000000e+02 2.378754901690681436e+02 1.577084148368552121e+02
2.550000000000000000e+02 2.378004793784610342e+02 1.577147055312192947e+02
2.550000000000000000e+02 2.377846929498305713e+02 1.576968160821371896e+02
2.550000000000000000e+02 2.377812858730289918e+02 1.576620381849739658e+02
2.550000000000000000e+02 2.376140360544030159e+02 1.575774214581554133e+02
2.550000000000000000e+02 2.375890753138459672e+02 1.574566401263649027e+02
2.550000000000000000e+02 2.376274715082054456e+02 1.575263520401134940e+02
2.550000000000000000e+02 2.377043649153741001e+02 1.576850244740153073e+02
2.550000000000000000e+02 2.377104627563343229e+02 1.577214645838498939e+02
2.550000000000000000e+02 2.378147688973377001e+02 1.577182962779293121e+02
2.550000000000000000e+02 2.378809727158350995e+02 1.576749409960419257e+02
2.550000000000000000e+02 2.378799074303661598e+02 1.576732420493888469e+02
2.550000000000000000e+02 2.379047304184918801e+02 1.577055771367697901e+02
2.550000000000000000e+02 2.378396194359497144e+02 1.577053383658888208e+02
2.550000000000000000e+02 2.378658750493612786e+02 1.576766766766766636e+02
2.550000000000000000e+02 2.378634597900652921e+02 1.576059453949362137e+02
2.550000000000000000e+02 2.378258901102937841e+02 1.575610197353316551e+02
2.550000000000000000e+02 2.378244758519987840e+02 1.575214021360810364e+02
2.550000000000000000e+02 2.378118852797751970e+02 1.575356824714622803e+02
2.550000000000000000e+02 2.377659494356742016e+02 1.576170849748831415e+02
2.550000000000000000e+02 2.377454151399105626e+02 1.576608626975599350e+02
2.550000000000000000e+02 2.377959886491996713e+02 1.578240809616956426e+02
2.550000000000000000e+02 2.378358266523404154e+02 1.578785574565391130e+02
2.550000000000000000e+02 2.379213249947194981e+02 1.578414928690158092e+02
2.550000000000000000e+02 2.378614118705861813e+02 1.577655912793527477e+02
2.550000000000000000e+02 2.379168893664306381e+02 1.576558301420686803e+02
2.550000000000000000e+02 2.381025337263869233e+02 1.576679156220440632e+02
2.550000000000000000e+02 2.381884820600417072e+02 1.577421090815586240e+02
2.550000000000000000e+02 2.382265200980797317e+02 1.578162474401006534e+02
2.550000000000000000e+02 2.383130929094231760e+02 1.578742779476724536e+02
2.550000000000000000e+02 2.384162235630125508e+02 1.580470562305424664e+02
2.550000000000000000e+02 2.383751641549806664e+02 1.579939480765168867e+02
2.550000000000000000e+02 2.384130277066056749e+02 1.580021305709379078e+02
2.550000000000000000e+02 2.384573380720169666e+02 1.580115803877271787e+02
2.550000000000000000e+02 2.384080410685915297e+02 1.579017365989843142e+02
2.550000000000000000e+02 2.383179142445197556e+02 1.577499517866490351e+02
2.550000000000000000e+02 2.382405892130662721e+02 1.576603208713300432e+02
2.550000000000000000e+02 2.381838903123306750e+02 1.575565749235474016e+02
2.550000000000000000e+02 2.381855800754883319e+02 1.575920599498581112e+02
2.550000000000000000e+02 2.381545949619344071e+02 1.577988722667621744e+02
2.550000000000000000e+02 2.382183284201632887e+02 1.581082642275302703e+02
2.550000000000000000e+02 2.382240038203341044e+02 1.582658713759631155e+02
2.550000000000000000e+02 2.382549062824292321e+02 1.584473464289978040e+02
2.550000000000000000e+02 2.383526737746921356e+02 1.586255337906713976e+02
2.550000000000000000e+02 2.384421026531118173e+02 1.583609021865902662e+02
2.550000000000000000e+02 2.385126410814484075e+02 1.581374126419997879e+02
2.550000000000000000e+02 2.385347733054155128e+02 1.579182852577347944e+02
2.550000000000000000e+02 2.385582830536959023e+02 1.577582995839876503e+02
2.550000000000000000e+02 2.385309897053016357e+02 1.576472343903536455e+02
2.550000000000000000e+02 2.384951006051923343e+02 1.577824889109292883e+02
2.550000000000000000e+02 2.385509913583308048e+02 1.580676731777649309e+02
2.550000000000000000e+02 2.385826101330688402e+02 1.582499747453875898e+02
2.550000000000000000e+02 2.386347815705613868e+02 1.586484557952447858e+02
2.550000000000000000e+02 2.388022150590958006e+02 1.586552883158387885e+02
2.550000000000000000e+02 2.389298289114802856e+02 1.587245318713208633e+02
2.550000000000000000e+02 2.389133261702069149e+02 1.586869346410630897e+02
2.550000000000000000e+02 2.389380940573601038e+02 1.585642155917385310e+02
2.550000000000000000e+02 2.390292494329191584e+02 1.585675216500904696e+02
2.550000000000000000e+02 2.390711169885481695e+02 1.585664288141352358e+02
2.550000000000000000e+02 2.389740749924236241e+02 1.585122370076498441e+02
2.550000000000000000e+02 2.389928552405616529e+02 1.585309437878245262e+02
2.550000000000000000e+02 2.390383594603778192e+02 1.585438006814153482e+02
2.550000000000000000e+02 2.390814484208979707e+02 1.585302550256678558e+02
2.550000000000000000e+02 2.391137651412880700e+02 1.586008577384724276e+02
2.550000000000000000e+02 2.390421706109779620e+02 1.586043566502281976e+02
2.550000000000000000e+02 2.391064918129138448e+02 1.588042262445932238e+02
2.550000000000000000e+02 2.391216721308464344e+02 1.588965387405754370e+02
2.550000000000000000e+02 2.390896676493006794e+02 1.588927918744432475e+02
2.550000000000000000e+02 2.390073467963376288e+02 1.587305929782993985e+02
2.550000000000000000e+02 2.389361379728352119e+02 1.582138009569202097e+02
2.550000000000000000e+02 2.387343031104499005e+02 1.576373529492795456e+02
2.550000000000000000e+02 2.384950914216969124e+02 1.571864249570671461e+02
2.550000000000000000e+02 2.383311292944320599e+02 1.568443489360920466e+02
2.550000000000000000e+02 2.382564399261646884e+02 1.566731502144346280e+02
2.550000000000000000e+02 2.382694529391777110e+02 1.568730840932675790e+02
2.550000000000000000e+02 2.382536022260792947e+02 1.569533294762652531e+02
2.550000000000000000e+02 2.381772506451405604e+02 1.569892461268607917e+02
2.550000000000000000e+02 2.382699488479304932e+02 1.570521255200154371e+02
2.550000000000000000e+02 2.382797568210412180e+02 1.571468991927707464e+02
2.550000000000000000e+02 2.382239487193615730e+02 1.572015685410180765e+02
2.550000000000000000e+02 2.382961401768741325e+02 1.574091247210513131e+02
2.550000000000000000e+02 2.384727204268488663e+02 1.576178747554894244e+02
2.550000000000000000e+02 2.384890762321954867e+02 1.578187453508554370e+02
2.550000000000000000e+02 2.384818029038212615e+02 1.578875113645755732e+02
2.550000000000000000e+02 2.386292622898127433e+02 1.577799910001744763e+02
2.550000000000000000e+02 2.387487671157395823e+02 1.578416398049425595e+02
2.550000000000000000e+02 2.387928478937653267e+02 1.578277635433598789e+02
2.550000000000000000e+02 2.387049526590811013e+02 1.576965222102836890e+02
2.550000000000000000e+02 2.387048700076223042e+02 1.576964395588248919e+02
2.550000000000000000e+02 2.387243941188895349e+02 1.577562608480039614e+02
2.550000000000000000e+02 2.386966048617424860e+02 1.577383713989218563e+02
2.550000000000000000e+02 2.386809102680662420e+02 1.575947323470259391e+02
2.550000000000000000e+02 2.387922509665629036e+02 1.577674738959142644e+02
2.550000000000000000e+02 2.388249809442469882e+02 1.579711730078702487e+02
2.550000000000000000e+02 2.388297012608939269e+02 1.580861871045357248e+02
2.550000000000000000e+02 2.388835532780486801e+02 1.582181814842365384e+02
2.550000000000000000e+02 2.388961989512448270e+02 1.583101358238972978e+02
2.550000000000000000e+02 2.389289105619380962e+02 1.583824007493732324e+02
2.550000000000000000e+02 2.389010111028459562e+02 1.583040012489553874e+02
2.550000000000000000e+02 2.389033253436923303e+02 1.583521594989484811e+02
2.550000000000000000e+02 2.387927101413339983e+02 1.582592776262501104e+02
2.550000000000000000e+02 2.387295919772984121e+02 1.583016043566502162e+02
2.550000000000000000e+02 2.386624422587725292e+02 1.582235997465355126e+02
2.550000000000000000e+02 2.385760439338421008e+02 1.580948746912049785e+02
2.550000000000000000e+02 2.385257459294156490e+02 1.576128238330073259e+02
2.550000000000000000e+02 2.386621575704144504e+02 1.575190695282438469e+02
2.550000000000000000e+02 2.386944375568228907e+02 1.574426995803142688e+02
2.550000000000000000e+02 2.386513669632935546e+02 1.572442534277396646e+02
2.550000000000000000e+02 2.386493282273098657e+02 1.572741824393200432e+02
2.550000000000000000e+02 2.387838480682517286e+02 1.575306407324756037e+02
2.550000000000000000e+02 2.389133353537023368e+02 1.578035925834090847e+02
2.550000000000000000e+02 2.389101119468091952e+02 1.579071548612832885e+02
2.550000000000000000e+02 2.389873175928221940e+02 1.581044438934347056e+02
2.550000000000000000e+02 2.390377257991936801e+02 1.581371187701462873e+02
2.550000000000000000e+02 2.390152262354097275e+02 1.581437951713181178e+02
2.550000000000000000e+02 2.390403706458752424e+02 1.582123775151298162e+02
2.550000000000000000e+02 2.389844798927367719e+02 1.580210485715072934e+02
2.550000000000000000e+02 2.389453490187435136e+02 1.579561488093598314e+02
2.550000000000000000e+02 2.390225087472794030e+02 1.580964083349404348e+02
2.550000000000000000e+02 2.389205168471223431e+02 1.584029442286322933e+02
2.550000000000000000e+02 2.388403816660697316e+02 1.585985894151031630e+02
2.550000000000000000e+02 2.389201495073054673e+02 1.586458936000220490e+02
2.550000000000000000e+02 2.389627058250911489e+02 1.587257624597074255e+02
2.550000000000000000e+02 2.389342553562736953e+02 1.587060822290180226e+02
2.550000000000000000e+02 2.389055661165753008e+02 1.584623063430402965e+02
2.550000000000000000e+02 2.390195057442763868e+02 1.581403789110211164e+02
2.550000000000000000e+02 2.390444573013380420e+02 1.579939756270031523e+02
2.550000000000000000e+02 2.389930940114426221e+02 1.578784288876032065e+02
2.550000000000000000e+02 2.389543212937708461e+02 1.577924897374438729e+02
2.550000000000000000e+02 2.389631374493759779e+02 1.578357899183587278e+02
2.550000000000000000e+02 2.388605210715302576e+02 1.578435867059720294e+02
2.550000000000000000e+02 2.387227686401998312e+02 1.578841777557373973e+02
2.550000000000000000e+02 2.388131434186479964e+02 1.579897787695952900e+02
2.550000000000000000e+02 2.389497479130506576e+02 1.581276322193753288e+02
2.550000000000000000e+02 2.390197720656436218e+02 1.584448485182430204e+02
2.550000000000000000e+02 2.391115702858822090e+02 1.585926385100696905e+02
2.550000000000000000e+02 2.391765251490022024e+02 1.587698065037514539e+02
2.550000000000000000e+02 2.392781313423515144e+02 1.589030498388296451e+02
2.550000000000000000e+02 2.393144336997548010e+02 1.588947204084818736e+02
2.550000000000000000e+02 2.393119082385137517e+02 1.588283145530851925e+02
2.550000000000000000e+02 2.393176938406296301e+02 1.587422743844762181e+02
2.550000000000000000e+02 2.393158387745543791e+02 1.586473629592895520e+02
2.550000000000000000e+02 2.392782415442965771e+02 1.585833907301797296e+02
2.550000000000000000e+02 2.392937892020460708e+02 1.586251205333774124e+02
2.550000000000000000e+02 2.393017329255861227e+02 1.588571690957012095e+02
2.550000000000000000e+02 2.393932556409620531e+02 1.589182026062759974e+02
2.550000000000000000e+02 2.393579083670826719e+02 1.589442102653111704e+02
2.550000000000000000e+02 2.394055707083230118e+02 1.590174394578064323e+02
2.550000000000000000e+02 2.394391088336042515e+02 1.590571121580295824e+02
2.550000000000000000e+02 2.394826937028771852e+02 1.590465144043125747e+02
2.550000000000000000e+02 2.394896731593979382e+02 1.589210127558751537e+02
2.550000000000000000e+02 2.395083891230680138e+02 1.589784187857582367e+02
2.550000000000000000e+02 2.395385936395110775e+02 1.590189455510556513e+02
2.550000000000000000e+02 2.395966792480553806e+02 1.590951318290767915e+02
2.550000000000000000e+02 2.396099953164173257e+02 1.591339871982073930e+02
2.550000000000000000e+02 2.396001414258294915e+02 1.592632081622907378e+02
2.550000000000000000e+02 2.396505312652101622e+02 1.592850005969272047e+02
2.550000000000000000e+02 2.396488415020525053e+02 1.593366853091623625e+02
2.550000000000000000e+02 2.395602942391933254e+02 1.593054889752137342e+02
2.550000000000000000e+02 2.394340579111221246e+02 1.591528133638225313e+02
2.550000000000000000e+02 2.393489728260370555e+02 1.589640282484319300e+02
2.550000000000000000e+02 2.394259672516553223e+02 1.590321330504816615e+02
2.550000000000000000e+02 2.394920333177213934e+02 1.590955175358845111e+02
2.550000000000000000e+02 2.394871109641751730e+02 1.590130221965084445e+02
2.550000000000000000e+02 2.395314856140544180e+02 1.588371307086903528e+02
2.550000000000000000e+02 2.396183614807468132e+02 1.587907816072953722e+02
2.550000000000000000e+02 2.396854744652909801e+02 1.588436050729628732e+02
2.550000000000000000e+02 2.396188114720224860e+02 1.588578486743624296e+02
2.550000000000000000e+02 2.396772736038791152e+02 1.588205361324627347e+02
2.550000000000000000e+02 2.396904702868005756e+02 1.589719076875040287e+02
2.550000000000000000e+02 2.396656656656656708e+02 1.590363758253666617e+02
2.550000000000000000e+02 2.396560872799404933e+02 1.591494613879935116e+02
2.550000000000000000e+02 2.396542046633789766e+02 1.591903003921352422e+02
2.550000000000000000e+02 2.396364345997373562e+02 1.591519592987482952e+02
2.550000000000000000e+02 2.396775950262188815e+02 1.592369249983928796e+02
2.550000000000000000e+02 2.396818286176084314e+02 1.591344922904555972e+02
2.550000000000000000e+02 2.396822235079115728e+02 1.591779853247743119e+02
2.550000000000000000e+02 2.396912968013885461e+02 1.592628683729601278e+02
2.550000000000000000e+02 2.397410437960896559e+02 1.592355658410704393e+02
2.550000000000000000e+02 2.396630759199566398e+02 1.589670771689120272e+02
2.550000000000000000e+02 2.396874305498158719e+02 1.589041518582803008e+02
2.550000000000000000e+02 2.397823144245162723e+02 1.590307279756821117e+02
2.550000000000000000e+02 2.398425214205030613e+02 1.591182191365677738e+02
2.550000000000000000e+02 2.397474538758942515e+02 1.589795667226860019e+02
2.550000000000000000e+02 2.398077527068352879e+02 1.589638721290097578e+02
2.550000000000000000e+02 2.398506028964744701e+02 1.591011378350827954e+02
2.550000000000000000e+02 2.398151729711362634e+02 1.590823484034493163e+02
2.550000000000000000e+02 2.397420723475769364e+02 1.590129487285450693e+02
2.550000000000000000e+02 2.397073036339091345e+02 1.590336483272263024e+02
2.550000000000000000e+02 2.396776317602005690e+02 1.586605412752201687e+02
2.550000000000000000e+02 2.395663645296672826e+02 1.584458219687577412e+02
2.550000000000000000e+02 2.394685327529364258e+02 1.582869383144612527e+02
2.550000000000000000e+02 2.395555188215738553e+02 1.583074634267294698e+02
2.550000000000000000e+02 2.395148634873405626e+02 1.582269333553737169e+02
2.550000000000000000e+02 2.393424433607919752e+02 1.582567246145227671e+02
2.550000000000000000e+02 2.392738334664940112e+02 1.584275284458770727e+02
2.550000000000000000e+02 2.393356475741796885e+02 1.586193992157294872e+02
2.550000000000000000e+02 2.392340321973349546e+02 1.586439283320017353e+02
2.550000000000000000e+02 2.389544957801838621e+02 1.582812445472995933e+02
2.550000000000000000e+02 2.388294624900129577e+02 1.580269443755682346e+02
2.550000000000000000e+02 2.387824246264613350e+02 1.579544957801838621e+02
2.550000000000000000e+02 2.386905621217547946e+02 1.578440366972477023e+02
2.550000000000000000e+02 2.387122627214370425e+02 1.578371398921857747e+02
2.550000000000000000e+02 2.387387479222341540e+02 1.579039773718672848e+02
2.550000000000000000e+02 2.388821022857720209e+02 1.579453582022389355e+02
2.550000000000000000e+02 2.389980255484842644e+02 1.580255393007686564e+02
2.550000000000000000e+02 2.390302963513972827e+02 1.580538612006502035e+02
2.550000000000000000e+02 2.391228751687467309e+02 1.581357871633101126e+02
2.550000000000000000e+02 2.393136898366256275e+02 1.584204112369249913e+02
2.550000000000000000e+02 2.393004288692362138e+02 1.585955313111276439e+02
2.550000000000000000e+02 2.391327749768116746e+02 1.585297223829333859e+02
2.550000000000000000e+02 2.390229403715642320e+02 1.584503218815145544e+02
2.550000000000000000e+02 2.389086058535599761e+02 1.583173816017852573e+02
2.550000000000000000e+02 2.388179280197628884e+02 1.583206784766417741e+02
2.550000000000000000e+02 2.387649025171961057e+02 1.584225509913583210e+02
2.550000000000000000e+02 2.389757463885904372e+02 1.586713135153502208e+02
2.550000000000000000e+02 2.389590783443994439e+02 1.587304184918863825e+02
2.550000000000000000e+02 2.388883837966406816e+02 1.586794225418078668e+02
2.550000000000000000e+02 2.390727057332561856e+02 1.588570864442424124e+02
2.550000000000000000e+02 2.392177774104379750e+02 1.589334380251811467e+02
2.550000000000000000e+02 2.392341240322891736e+02 1.589161546867968866e+02
2.550000000000000000e+02 2.391407187003517265e+02 1.587840225546647446e+02
2.550000000000000000e+02 2.392061143712519993e+02 1.588040425746847859e+02
2.550000000000000000e+02 2.393445096472619298e+02 1.589849574344987104e+02
2.550000000000000000e+02 2.392048470488837495e+02 1.587760512806384270e+02
2.550000000000000000e+02 2.391612621796108158e+02 1.587307399142261488e+02
2.550000000000000000e+02 2.392462921637233535e+02 1.586211899973367849e+02
2.550000000000000000e+02 2.392004573380720274e+02 1.585362242976922005e+02
2.550000000000000000e+02 2.390591692610041150e+02 1.585317060179445434e+02
2.550000000000000000e+02 2.391287066883397188e+02 1.585067820113691539e+02
2.550000000000000000e+02 2.392680111303964452e+02 1.587476283623072675e+02
2.550000000000000000e+02 2.392708580139772891e+02 1.587262767354510515e+02
2.550000000000000000e+02 2.391691875361600239e+02 1.586259929654425207e+02
2.550000000000000000e+02 2.391148396102524600e+02 1.585582830536959023e+02
2.550000000000000000e+02 2.390357421641825226e+02 1.583923281079244418e+02
2.550000000000000000e+02 2.388228503733090804e+02 1.581380187526976613e+02
2.550000000000000000e+02 2.387493640429420338e+02 1.581044714439209713e+02
2.550000000000000000e+02 2.389068518059343660e+02 1.582622255282805668e+02
2.550000000000000000e+02 2.391097795042749112e+02 1.585714246356448314e+02
2.550000000000000000e+02 2.392097969529162071e+02 1.590083202468523496e+02
2.550000000000000000e+02 2.392344821886106274e+02 1.592052511226823128e+02
2.550000000000000000e+02 2.394555932078867784e+02 1.596558025915824146e+02
2.550000000000000000e+02 2.395429925338182215e+02 1.598805594585411143e+02
2.550000000000000000e+02 2.395019698597680247e+02 1.599394072972054630e+02
2.550000000000000000e+02 2.395167736543883450e+02 1.597160646885417634e+02
2.550000000000000000e+02 2.395730960318116161e+02 1.597914428189657485e+02
2.550000000000000000e+02 2.394826294184092319e+02 1.595878447254594050e+02
2.550000000000000000e+02 2.394336722043144050e+02 1.594413404229918001e+02
2.550000000000000000e+02 2.395107676483823411e+02 1.595280877207482604e+02
2.550000000000000000e+02 2.394741438686392883e+02 1.593581195874773755e+02
2.550000000000000000e+02 2.394027697422192773e+02 1.591703446565831825e+02
2.550000000000000000e+02 2.393980218750861013e+02 1.591014225234408741e+02
2.550000000000000000e+02 2.394800580396910732e+02 1.591521705191429987e+02
2.550000000000000000e+02 2.394422312220477238e+02 1.590799698781350173e+02
2.550000000000000000e+02 2.392373474391823152e+02 1.587857123178224015e+02
2.550000000000000000e+02 2.388706963844578581e+02 1.582916494476127411e+02
2.550000000000000000e+02 2.384316242848352942e+02 1.576158543864965793e+02
2.550000000000000000e+02 2.381186691278434466e+02 1.573777722676805126e+02
2.550000000000000000e+02 2.378398673903261056e+02 1.570299932960483318e+02
2.550000000000000000e+02 2.379075405680910364e+02 1.570554591288536130e+02
2.550000000000000000e+02 2.380542652744487668e+02 1.573616184992331739e+02
2.550000000000000000e+02 2.380585447833154262e+02 1.573366302081898311e+02
2.550000000000000000e+02 2.380405634992791022e+02 1.573146173696632388e+02
2.550000000000000000e+02 2.380470011295699351e+02 1.573098511355392191e+02
2.550000000000000000e+02 2.382169325288591324e+02 1.575376936569597035e+02
2.550000000000000000e+02 2.383108613200356274e+02 1.577322184569891022e+02
2.550000000000000000e+02 2.383905832437942536e+02 1.579301595173154737e+02
2.550000000000000000e+02 2.385646563995187819e+02 1.581961961961961833e+02
2.550000000000000000e+02 2.386726267551955516e+02 1.583662561644213156e+02
2.550000000000000000e+02 2.386732787833705345e+02 1.586879907430366075e+02
2.550000000000000000e+02 2.387539098731759282e+02 1.589271381473216422e+02
2.550000000000000000e+02 2.388010854891588792e+02 1.591458155403109629e+02
2.550000000000000000e+02 2.389179822023858719e+02 1.593587165146798270e+02
2.550000000000000000e+02 2.389760861779210472e+02 1.594271519225647751e+02
2.550000000000000000e+02 2.390745424323405928e+02 1.597685942823557639e+02
2.550000000000000000e+02 2.390133803528298984e+02 1.597813134235152575e+02
2.550000000000000000e+02 2.389190934053319495e+02 1.596602382198712462e+02
2.550000000000000000e+02 2.388515947139800346e+02 1.595327345694318240e+02
2.550000000000000000e+02 2.387690993746039680e+02 1.595659237218870317e+02
2.550000000000000000e+02 2.387836552148478688e+02 1.592037174789468281e+02
2.550000000000000000e+02 2.387858868042354175e+02 1.590660109650935397e+02
2.550000000000000000e+02 2.388230248597220964e+02 1.588693647776216551e+02
2.550000000000000000e+02 2.389229688404000456e+02 1.588927551404615599e+02
2.550000000000000000e+02 2.389816238256605345e+02 1.589271105968353766e+02
2.550000000000000000e+02 2.389751770118742513e+02 1.587952172355842038e+02
2.550000000000000000e+02 2.390090457429907076e+02 1.588804768070823172e+02
2.550000000000000000e+02 2.389582242793252078e+02 1.588400877942162310e+02
2.550000000000000000e+02 2.389336584290712722e+02 1.589062273282456772e+02
2.550000000000000000e+02 2.388250268617240977e+02 1.587931233986279835e+02
2.550000000000000000e+02 2.387177360847085481e+02 1.586756664921802553e+02
2.550000000000000000e+02 2.384992239946368500e+02 1.584023748519161359e+02
2.550000000000000000e+02 2.384852467146045001e+02 1.583255365457200412e+02
2.550000000000000000e+02 2.385368579588763112e+02 1.585131002562195306e+02
2.550000000000000000e+02 2.386166349836074687e+02 1.583843017329255929e+02
2.550000000000000000e+02 2.386066157901020404e+02 1.583245539117098701e+02
2.550000000000000000e+02 2.386314295947323387e+02 1.582923198427785678e+02
2.550000000000000000e+02 2.386386661891249048e+02 1.582691131498471009e+02
2.550000000000000000e+02 2.386773011543653809e+02 1.582837332745589549e+02
2.550000000000000000e+02 2.387360296075892450e+02 1.583021278158892926e+02
2.550000000000000000e+02 2.386918753616001254e+02 1.585802499747453851e+02
2.550000000000000000e+02 2.387476375458026894e+02 1.587206197022710796e+02
2.550000000000000000e+02 2.388262115326335504e+02 1.590406369672424773e+02
2.550000000000000000e+02 2.388385174164990588e+02 1.591475695879365730e+02
2.550000000000000000e+02 2.388389306737930724e+02 1.592051868382143596e+02
2.550000000000000000e+02 2.389193597266991844e+02 1.591998236768878883e+02
2.550000000000000000e+02 2.389166322285588251e+02 1.591108815237255669e+02
2.550000000000000000e+02 2.388947295919772955e+02 1.590219944715357485e+02
2.550000000000000000e+02 2.388828553323966162e+02 1.589527417325582519e+02
2.550000000000000000e+02 2.387287011782424599e+02 1.587603015859896516e+02
2.550000000000000000e+02 2.385438833328741453e+02 1.582038001304056252e+02
2.550000000000000000e+02 2.385088850318208245e+02 1.579454041197160450e+02
2.550000000000000000e+02 2.385665022820986110e+02 1.579358165504954457e+02
2.550000000000000000e+02 2.385324774315600109e+02 1.578058058058058180e+02
2.550000000000000000e+02 2.384605982128917958e+02 1.576315857141545109e+02
2.550000000000000000e+02 2.383509564610482130e+02 1.575520566437997729e+02
2.550000000000000000e+02 2.382603429117190501e+02 1.575722787007190675e+02
2.550000000000000000e+02 2.381991440982266681e+02 1.575931160518316574e+02
2.550000000000000000e+02 2.381492134336170921e+02 1.575354988015538424e+02
2.550000000000000000e+02 2.378961989512448270e+02 1.573180519969510840e+02
2.550000000000000000e+02 2.376830592059949936e+02 1.572240313708203701e+02
2.550000000000000000e+02 2.376245511566612549e+02 1.574051390840381544e+02
2.550000000000000000e+02 2.376274531412146018e+02 1.575411007337612830e+02
2.550000000000000000e+02 2.376409253289987191e+02 1.577236318887694893e+02
2.550000000000000000e+02 2.376914896547924059e+02 1.577918377092688900e+02
2.550000000000000000e+02 2.377205462343077045e+02 1.577238522926596431e+02
2.550000000000000000e+02 2.377245961557888165e+02 1.576772001359157400e+02
2.550000000000000000e+02 2.377507140167690523e+02 1.576779531825403353e+02
2.550000000000000000e+02 2.378529722382933471e+02 1.576787796971283342e+02
2.550000000000000000e+02 2.379423460157404975e+02 1.578033813630143811e+02
2.550000000000000000e+02 2.379699056855020274e+02 1.579368726524689919e+02
2.550000000000000000e+02 2.380090549264861295e+02 1.582144897190768802e+02
2.550000000000000000e+02 2.381420962246650390e+02 1.584238091302311489e+02
2.550000000000000000e+02 2.382900423359139097e+02 1.585575391905667004e+02
2.550000000000000000e+02 2.382927882010450844e+02 1.585552984176837299e+02
2.550000000000000000e+02 2.382622347117759887e+02 1.586415038892102984e+02
2.550000000000000000e+02 2.382541256853183427e+02 1.586116942630704045e+02
2.550000000000000000e+02 2.383099337869980161e+02 1.586948783646031416e+02
2.550000000000000000e+02 2.383152418473519276e+02 1.586752348678954263e+02
2.550000000000000000e+02 2.381372014216050843e+02 1.585174716000404089e+02
2.550000000000000000e+02 2.380899982551358676e+02 1.586405579891818434e+02
2.550000000000000000e+02 2.380690782525644806e+02 1.587521374585594742e+02
2.550000000000000000e+02 2.380629620446134140e+02 1.588673168581425443e+02
2.550000000000000000e+02 2.381466420548989333e+02 1.588676290969868887e+02
2.550000000000000000e+02 2.382199722658438361e+02 1.589498764819865642e+02
2.550000000000000000e+02 2.382030838177627174e+02 1.586173421127549545e+02
2.550000000000000000e+02 2.381901534562084919e+02 1.583716744267202898e+02
2.550000000000000000e+02 2.381766812684243746e+02 1.581693161050959304e+02
2.550000000000000000e+02 2.381667539098731652e+02 1.580417849041702141e+02
2.550000000000000000e+02 2.380542836414396106e+02 1.578929755443516854e+02
2.550000000000000000e+02 2.379078252564491152e+02 1.580355952282557723e+02
2.550000000000000000e+02 2.379265779541008783e+02 1.582325903885536889e+02
2.550000000000000000e+02 2.379960694639593726e+02 1.585055973404597296e+02
2.550000000000000000e+02 2.379483336547556860e+02 1.587567016557842123e+02
2.550000000000000000e+02 2.379726974681103115e+02 1.587698156872468758e+02
2.550000000000000000e+02 2.381173558879980874e+02 1.584614981954431414e+02
2.550000000000000000e+02 2.381710517857306968e+02 1.582903270242719884e+02
2.550000000000000000e+02 2.381228200677741995e+02 1.581242067755829339e+02
2.550000000000000000e+02 2.381779485907926244e+02 1.581220302871678882e+02
2.550000000000000000e+02 2.382679743964147576e+02 1.580250342085204522e+02
2.550000000000000000e+02 2.383013472187784032e+02 1.582138652413881630e+02
2.550000000000000000e+02 2.382861669008458136e+02 1.581965910864993532e+02
2.550000000000000000e+02 2.382897943815374902e+02 1.583398260645967071e+02
2.550000000000000000e+02 2.383474208153107270e+02 1.584848059068242492e+02
2.550000000000000000e+02 2.383267487671157312e+02 1.584224040554315707e+02
2.550000000000000000e+02 2.383437290501510688e+02 1.584067186452507485e+02
2.550000000000000000e+02 2.383369332635387821e+02 1.583154071502695217e+02
2.550000000000000000e+02 2.382841281648620964e+02 1.581821270812096429e+02
2.550000000000000000e+02 2.382676897080566789e+02 1.580905308978703374e+02
2.550000000000000000e+02 2.382511043153245112e+02 1.580167139616681027e+02
2.550000000000000000e+02 2.383004380527316357e+02 1.583101174569064540e+02
2.550000000000000000e+02 2.381753772120744657e+02 1.583353353353353441e+02
2.550000000000000000e+02 2.380764893333700627e+02 1.583347475916283145e+02
2.550000000000000000e+02 2.380087426876417567e+02 1.582913280252729749e+02
2.550000000000000000e+02 2.380594447658667718e+02 1.583018614945220577e+02
2.550000000000000000e+02 2.381825770724853157e+02 1.582223967086352445e+02
2.550000000000000000e+02 2.383019533294762766e+02 1.581361545031269884e+02
2.550000000000000000e+02 2.384706633238743336e+02 1.583332231313882801e+02
2.550000000000000000e+02 2.387249634956056923e+02 1.584522044980760711e+02
2.550000000000000000e+02 2.388174688449917937e+02 1.586736002057103008e+02
2.550000000000000000e+02 2.390350350350350368e+02 1.589118017099668521e+02
2.550000000000000000e+02 2.393115868161739854e+02 1.592037633964239376e+02
2.550000000000000000e+02 2.393007502915759801e+02 1.591853780385890502e+02
2.550000000000000000e+02 2.392524083716744201e+02 1.590845432588551773e+02
2.550000000000000000e+02 2.391275679349073755e+02 1.589166965130267783e+02
2.550000000000000000e+02 2.390403706458752424e+02 1.587020231240414603e+02
2.550000000000000000e+02 2.388333195580902100e+02 1.584222754864956642e+02
2.550000000000000000e+02 2.386891019459826850e+02 1.580315820407563479e+02
2.550000000000000000e+02 2.386924263713254675e+02 1.580953338659760732e+02
2.550000000000000000e+02 2.387523211284679121e+02 1.581360994021544570e+02
2.550000000000000000e+02 2.387628729647078387e+02 1.585593667061556857e+02
2.550000000000000000e+02 2.387056046872560557e+02 1.588243197325766118e+02
2.550000000000000000e+02 2.387259002121387539e+02 1.589799248790074557e+02
2.550000000000000000e+02 2.387651045540953874e+02 1.589105160206077585e+02
2.550000000000000000e+02 2.388802839536784575e+02 1.591187885132839313e+02
2.550000000000000000e+02 2.388401153447024967e+02 1.589372859097629771e+02
2.550000000000000000e+02 2.388891735772469644e+02 1.589097629739831632e+02
2.550000000000000000e+02 2.388613292191273842e+02 1.589024988291043314e+02
2.550000000000000000e+02 2.389276891570469559e+02 1.589409133904546820e+02
2.550000000000000000e+02 2.390036642146733925e+02 1.589550100559274881e+02
2.550000000000000000e+02 2.390972348495284336e+02 1.592157203074634140e+02
2.550000000000000000e+02 2.391640172282374124e+02 1.594662368790809239e+02
2.550000000000000000e+02 2.391403972780119602e+02 1.594308987886969646e+02
2.550000000000000000e+02 2.391560092202294072e+02 1.594715908569119449e+02
2.550000000000000000e+02 2.392764599461847297e+02 1.596654728122618110e+02
2.550000000000000000e+02 2.393150673609389116e+02 1.594744285569973670e+02
2.550000000000000000e+02 2.392777456355437948e+02 1.592143427831501299e+02
2.550000000000000000e+02 2.392748069170087604e+02 1.591166120248689140e+02
2.550000000000000000e+02 2.394282539420154023e+02 1.592972421963247598e+02
2.550000000000000000e+02 2.396507241186140220e+02 1.595363069491509975e+02
2.550000000000000000e+02 2.397191227925172825e+02 1.596241562663581135e+02
2.550000000000000000e+02 2.397446345427996732e+02 1.597002139754433472e+02
2.550000000000000000e+02 2.398743789661220944e+02 1.597961815026035310e+02
2.550000000000000000e+02 2.399363032757528060e+02 1.598850134538207897e+02
2.550000000000000000e+02 2.398488672158397037e+02 1.598727718544232346e+02
2.550000000000000000e+02 2.398621832842016204e+02 1.598269737627535676e+02
2.550000000000000000e+02 2.399136016750695717e+02 1.598514936955303938e+02
2.550000000000000000e+02 2.399674169582426373e+02 1.598862256752165081e+02
2.550000000000000000e+02 2.398056496863836173e+02 1.596438915980200477e+02
2.550000000000000000e+02 2.398767850419226590e+02 1.597132729059334508e+02
2.550000000000000000e+02 2.399371848913133363e+02 1.596610555509637948e+02
2.550000000000000000e+02 2.398602914841446818e+02 1.596056974405598226e+02
2.550000000000000000e+02 2.396602382198712462e+02 1.594809763892332626e+02
2.550000000000000000e+02 2.397384907843623409e+02 1.595001974451515707e+02
2.550000000000000000e+02 2.397272961034428818e+02 1.596343499462765578e+02
2.550000000000000000e+02 2.395058728453223864e+02 1.599252922647418131e+02
2.550000000000000000e+02 2.391026347448365925e+02 1.598384531320311055e+02
2.550000000000000000e+02 2.389652680203138857e+02 1.596940334830242989e+02
2.550000000000000000e+02 2.389647353775794159e+02 1.597410162456033902e+02
2.550000000000000000e+02 2.388663617746186674e+02 1.596576943916393532e+02
2.550000000000000000e+02 2.388231901626396905e+02 1.589545508811563934e+02
2.550000000000000000e+02 2.387633688734606210e+02 1.584079124996556232e+02
2.550000000000000000e+02 2.384934475760163934e+02 1.577905887538915124e+02
2.550000000000000000e+02 2.383567512466595133e+02 1.576126860805759975e+02
2.550000000000000000e+02 2.383169224270141626e+02 1.575058912123132302e+02
2.550000000000000000e+02 2.385459863533258158e+02 1.577622393035236996e+02
2.550000000000000000e+02 2.386037964570074621e+02 1.579368359184873043e+02
2.550000000000000000e+02 2.385156991854239550e+02 1.580856728287920987e+02
2.550000000000000000e+02 2.385330008907990589e+02 1.580880605376018195e+02
2.550000000000000000e+02 2.386878897245869666e+02 1.582275302825761401e+02
2.550000000000000000e+02 2.390258331726221570e+02 1.586598616965589486e+02
2.550000000000000000e+02 2.390430338595476201e+02 1.587882653295497448e+02
2.550000000000000000e+02 2.390815769898338772e+02 1.589409042069592601e+02
2.550000000000000000e+02 2.392037542129285157e+02 1.589563232957728474e+02
2.550000000000000000e+02 2.391648804768070704e+02 1.590489755810856707e+02
2.550000000000000000e+02 2.390959399766739182e+02 1.590705384283365902e+02
2.550000000000000000e+02 2.390977583087674816e+02 1.591421605091329923e+02
2.550000000000000000e+02 2.391088244207510343e+02 1.592559440174119061e+02
2.550000000000000000e+02 2.390394522963330246e+02 1.592906025291346452e+02
2.550000000000000000e+02 2.391164467219513199e+02 1.593084827947213284e+02
2.550000000000000000e+02 2.391598203708295500e+02 1.593211468349082907e+02
2.550000000000000000e+02 2.391836331744588620e+02 1.592868281125161900e+02
2.550000000000000000e+02 2.391350157496946451e+02 1.593772763589277304e+02
2.550000000000000000e+02 2.391185130084212744e+02 1.593001992818506665e+02
2.550000000000000000e+02 2.392266486670156382e+02 1.594199887961355842e+02
2.550000000000000000e+02 2.393068481325362029e+02 1.594801498746452921e+02
2.550000000000000000e+02 2.391761394421944829e+02 1.594026136227971051e+02
2.550000000000000000e+02 2.391133427004986629e+02 1.593283466953191692e+02
2.550000000000000000e+02 2.391178609802462915e+02 1.592956534516167437e+02
2.550000000000000000e+02 2.390652854689551816e+02 1.592602327097739874e+02
2.550000000000000000e+02 2.389060161078509736e+02 1.588396194359497144e+02
2.550000000000000000e+02 2.389522825577871572e+02 1.586860071080254500e+02
2.550000000000000000e+02 2.390043621603254564e+02 1.585625533790671398e+02
2.550000000000000000e+02 2.389551845423405041e+02 1.584086379957939528e+02
2.550000000000000000e+02 2.389254392006685634e+02 1.583838701086407639e+02
2.550000000000000000e+02 2.390050601059775488e+02 1.589054742816210819e+02
2.550000000000000000e+02 2.390187067801746821e+02 1.592047184799478430e+02
2.550000000000000000e+02 2.390152997033731026e+02 1.594009514101257139e+02
2.550000000000000000e+02 2.390710527040802162e+02 1.595232663856517092e+02
2.550000000000000000e+02 2.390649089456428840e+02 1.595640962062980464e+02
2.550000000000000000e+02 2.390089722750273324e+02 1.593568063476320447e+02
2.550000000000000000e+02 2.390025805622135806e+02 1.592535563086021853e+02
2.550000000000000000e+02 2.390426665197307443e+02 1.591372014216050843e+02
2.550000000000000000e+02 2.390855442598561922e+02 1.591225445629115427e+02
2.550000000000000000e+02 2.390549724035962527e+02 1.590253831813464842e+02
2.550000000000000000e+02 2.389502254548126245e+02 1.585289968867950563e+02
2.550000000000000000e+02 2.389483703887373736e+02 1.581929636058076483e+02
2.550000000000000000e+02 2.390295524882680809e+02 1.580036274806917049e+02
2.550000000000000000e+02 2.390476990752219990e+02 1.579529070354758460e+02
2.550000000000000000e+02 2.390497286277102660e+02 1.579553957627352077e+02
2.550000000000000000e+02 2.391244730969501688e+02 1.584609471857178278e+02
2.550000000000000000e+02 2.390745240653497490e+02 1.587926825908477326e+02
2.550000000000000000e+02 2.390834412394045501e+02 1.588126015924181047e+02
2.550000000000000000e+02 2.390566713502493315e+02 1.590530989705301579e+02
2.550000000000000000e+02 2.391417197013527414e+02 1.592403228916990372e+02
2.550000000000000000e+02 2.391533735570432952e+02 1.591649998622475550e+02
2.550000000000000000e+02 2.391700783352159476e+02 1.591032684060207032e+02
2.550000000000000000e+02 2.392067663994269537e+02 1.590689405001331522e+02
2.550000000000000000e+02 2.392476329540549784e+02 1.591314433699754716e+02
2.550000000000000000e+02 2.392094204296039095e+02 1.590619977775941152e+02
2.550000000000000000e+02 2.391038653332231263e+02 1.590123058838655083e+02
2.550000000000000000e+02 2.390568366531669255e+02 1.588680790882625615e+02
2.550000000000000000e+02 2.389734505147349068e+02 1.588792737691820207e+02
2.550000000000000000e+02 2.389500050509224707e+02 1.588544875150379596e+02
2.550000000000000000e+02 2.390029754525167505e+02 1.588433387515956383e+02
2.550000000000000000e+02 2.390588937561414582e+02 1.589714485127329056e+02
2.550000000000000000e+02 2.390526030617773756e+02 1.590895207133739291e+02
2.550000000000000000e+02 2.390053080603539399e+02 1.590599498581150044e+02
2.550000000000000000e+02 2.390163833558328861e+02 1.590488194616634985e+02
2.550000000000000000e+02 2.390502153529676548e+02 1.590990807321082627e+02
2.550000000000000000e+02 2.390392410759383210e+02 1.589677383805824036e+02
2.550000000000000000e+02 2.390052345923905648e+02 1.589620629804116163e+02
2.550000000000000000e+02 2.390780780780780788e+02 1.589789514284927066e+02
2.550000000000000000e+02 2.390462113489636522e+02 1.589758106730583904e+02
2.550000000000000000e+02 2.389668108475447923e+02 1.588970438328236412e+02
2.550000000000000000e+02 2.389900450909625249e+02 1.587703483299813456e+02
2.550000000000000000e+02 2.391029102496992493e+02 1.586983772763589400e+02
2.550000000000000000e+02 2.390624202183835223e+02 1.585729123619031782e+02
2.550000000000000000e+02 2.389139230974093380e+02 1.583404046248082864e+02
2.550000000000000000e+02 2.388379572232783232e+02 1.581877932978850367e+02
2.550000000000000000e+02 2.388004518279747685e+02 1.581957829389021981e+02
2.550000000000000000e+02 2.386843908128311682e+02 1.582354097216482671e+02
2.550000000000000000e+02 2.387056873387148528e+02 1.582638234564840047e+02
2.550000000000000000e+02 2.387088464611400411e+02 1.583179785289877088e+02
2.550000000000000000e+02 2.388073761835229618e+02 1.583630235740327521e+02
2.550000000000000000e+02 2.387709360736883752e+02 1.582554205581728581e+02
2.550000000000000000e+02 2.387073862853679316e+02 1.582949279554784141e+02
2.550000000000000000e+02 2.387943999044916552e+02 1.583159581599948638e+02
2.550000000000000000e+02 2.389371573408270706e+02 1.584262152060317135e+02
2.550000000000000000e+02 2.388800911002745977e+02 1.584870925971843292e+02
2.550000000000000000e+02 2.388674637940692946e+02 1.584889384797641583e+02
2.550000000000000000e+02 2.389574620492051622e+02 1.586535159012223346e+02
2.550000000000000000e+02 2.389772892158213153e+02 1.587460763515809390e+02
2.550000000000000000e+02 2.388679780698129207e+02 1.587494007769237214e+02
2.550000000000000000e+02 2.387524313304129748e+02 1.586855020157772458e+02
2.550000000000000000e+02 2.387220798780431892e+02 1.585023004656032128e+02
2.550000000000000000e+02 2.387063852843669451e+02 1.582463013472187754e+02
2.550000000000000000e+02 2.385995904161041778e+02 1.581249781891983730e+02
2.550000000000000000e+02 2.386242481013123324e+02 1.581652570001193965e+02
2.550000000000000000e+02 2.387836735818387126e+02 1.583395689267248940e+02
2.550000000000000000e+02 2.387386928212616226e+02 1.582239119853798854e+02
2.550000000000000000e+02 2.386790827524772567e+02 1.582032674876711553e+02
2.550000000000000000e+02 2.388025456649309888e+02 1.582615092156376591e+02
2.550000000000000000e+02 2.389744239652496560e+02 1.583069491509858437e+02
2.550000000000000000e+02 2.389412439962898702e+02 1.583767712666795262e+02
2.550000000000000000e+02 2.389155302091081978e+02 1.587276726267552078e+02
2.550000000000000000e+02 2.389497754635369233e+02 1.590246485017127327e+02
2.550000000000000000e+02 2.390356135952466161e+02 1.591949288738279620e+02
2.550000000000000000e+02 2.389073936321642861e+02 1.593090062539603764e+02
2.550000000000000000e+02 2.388153566410447013e+02 1.592901800883452381e+02
2.550000000000000000e+02 2.389767014721143141e+02 1.593949729546059757e+02
2.550000000000000000e+02 2.390163741723374642e+02 1.594876252399188274e+02
2.550000000000000000e+02 2.389696393641347640e+02 1.594541973165826505e+02
2.550000000000000000e+02 2.389251453288150628e+02 1.594505606523955237e+02
2.550000000000000000e+02 2.390755618003324514e+02 1.595572361352177779e+02
2.550000000000000000e+02 2.392232599572049025e+02 1.596148901194772805e+02
2.550000000000000000e+02 2.391686365264346819e+02 1.596236328071190371e+02
2.550000000000000000e+02 2.391491032316720293e+02 1.595131186232103744e+02
2.550000000000000000e+02 2.393104296957507984e+02 1.596359478744799958e+02
2.550000000000000000e+02 2.393176479231525207e+02 1.596479415195011597e+02
2.550000000000000000e+02 2.392288067884398117e+02 1.595416792939728623e+02
2.550000000000000000e+02 2.392707202615459607e+02 1.594068747646729207e+02
2.550000000000000000e+02 2.394290620896125574e+02 1.594289335206766509e+02
2.550000000000000000e+02 2.393901608030048465e+02 1.594110257046036736e+02
2.550000000000000000e+02 2.392736130626038857e+02 1.593297793206050130e+02
2.550000000000000000e+02 2.393470626589892731e+02 1.589946735726552163e+02
2.550000000000000000e+02 2.394865232204681718e+02 1.589101119468091952e+02
2.550000000000000000e+02 2.393406433956892556e+02 1.588429714117787626e+02
2.550000000000000000e+02 2.392382749722199264e+02 1.586316867326041518e+02
2.550000000000000000e+02 2.392918239340257571e+02 1.587870255576677607e+02
2.550000000000000000e+02 2.392820802453829856e+02 1.587174605798458913e+02
2.550000000000000000e+02 2.392153805181328039e+02 1.586063953862118865e+02
2.550000000000000000e+02 2.391762220936532799e+02 1.585305213470351191e+02
2.550000000000000000e+02 2.392752660917798551e+02 1.585388415938874687e+02
2.550000000000000000e+02 2.392705733256192104e+02 1.585986904335528322e+02
2.550000000000000000e+02 2.391905850804933493e+02 1.585382905841621550e+02
2.550000000000000000e+02 2.392540246668687018e+02 1.585677787879622826e+02
2.550000000000000000e+02 2.393451524919414908e+02 1.587719462581847836e+02
2.550000000000000000e+02 2.392793251967563890e+02 1.586382804823171853e+02
2.550000000000000000e+02 2.392394045421568478e+02 1.586490894564288965e+02
2.550000000000000000e+02 2.392898678495008653e+02 1.586229256779715513e+02
2.550000000000000000e+02 2.393100715394293445e+02 1.585050830647161035e+02
2.550000000000000000e+02 2.392281547602648573e+02 1.582908045660339269e+02
2.550000000000000000e+02 2.391964166000863372e+02 1.581975553535186521e+02
2.550000000000000000e+02 2.392084837130708763e+02 1.582325812050582670e+02
2.550000000000000000e+02 2.392268415204194980e+02 1.583319190750383427e+02
2.550000000000000000e+02 2.391144539034447405e+02 1.582817404560523755e+02
2.550000000000000000e+02 2.391165844743826483e+02 1.582952401943227585e+02
2.550000000000000000e+02 2.391613264640787690e+02 1.583472095949160234e+02
2.550000000000000000e+02 2.391580387727176742e+02 1.583442249589038511e+02
2.550000000000000000e+02 2.391751843586706059e+02 1.584587155963302791e+02
2.550000000000000000e+02 2.393000982634010256e+02 1.588726341019919062e+02
2.550000000000000000e+02 2.394392006685584704e+02 1.591384962944595998e+02
2.550000000000000000e+02 2.394974607635158179e+02 1.592346566750236434e+02
2.550000000000000000e+02 2.395115206950069364e+02 1.592835404211550951e+02
2.550000000000000000e+02 2.396180492419024404e+02 1.593430494714898487e+02
2.550000000000000000e+02 2.396620290014785439e+02 1.593502952493778082e+02
2.550000000000000000e+02 2.396394927037128753e+02 1.592762854597716853e+02
2.550000000000000000e+02 2.396477486660973000e+02 1.592634101991900195e+02
2.550000000000000000e+02 2.396553985177838513e+02 1.592302394137256556e+02
2.550000000000000000e+02 2.396603025043391995e+02 1.593680561295240068e+02
2.550000000000000000e+02 2.396228338430173324e+02 1.596149727709360775e+02
2.550000000000000000e+02 2.395685593850731436e+02 1.597268001946900995e+02
2.550000000000000000e+02 2.395845570340983102e+02 1.598742320301953441e+02
2.550000000000000000e+02 2.395603034226887473e+02 1.597962917045485938e+02
2.550000000000000000e+02 2.395789000009183383e+02 1.598362215426435569e+02
2.550000000000000000e+02 2.395553994361333707e+02 1.597766114738591909e+02
2.550000000000000000e+02 2.397042914474107249e+02 1.598972091357412353e+02
2.550000000000000000e+02 2.397640668191126849e+02 1.599421439788412158e+02
2.550000000000000000e+02 2.397427519262381566e+02 1.599786942906208935e+02
2.550000000000000000e+02 2.397381326280408871e+02 1.599318217299868650e+02
2.550000000000000000e+02 2.397717258542946581e+02 1.598888246044209325e+02
2.550000000000000000e+02 2.396505955496781155e+02 1.597962733375577500e+02
2.550000000000000000e+02 2.395022178141444158e+02 1.596118044650154673e+02
2.550000000000000000e+02 2.394380435481352833e+02 1.594705347549384271e+02
2.550000000000000000e+02 2.394575952098887797e+02 1.593654112828424729e+02
2.550000000000000000e+02 2.394234877078913826e+02 1.592513706366917461e+02
2.550000000000000000e+02 2.392933851282475075e+02 1.590726414487882323e+02
2.550000000000000000e+02 2.393162244813620987e+02 1.590701251710426050e+02
2.550000000000000000e+02 2.395462985921701602e+02 1.593358587945743920e+02
2.550000000000000000e+02 2.396325591646692601e+02 1.595184634175459735e+02
2.550000000000000000e+02 2.396871274944669494e+02 1.595936486945661272e+02
2.550000000000000000e+02 2.397189115721225789e+02 1.595631686732604066e+02
2.550000000000000000e+02 2.398554793325435526e+02 1.596617810471021528e+02
2.550000000000000000e+02 2.398610904482464150e+02 1.596861815944384659e+02
2.550000000000000000e+02 2.398090292126989311e+02 1.597914703694520142e+02
2.550000000000000000e+02 2.397900836616433082e+02 1.598953908036476719e+02
2.550000000000000000e+02 2.399013600756719882e+02 1.599879696209971485e+02
2.550000000000000000e+02 2.398810553672938966e+02 1.600794464188959694e+02
2.550000000000000000e+02 2.398343481095774621e+02 1.599653874057543703e+02
2.550000000000000000e+02 2.397900101936799047e+02 1.600277157891836737e+02
2.550000000000000000e+02 2.397334123113939768e+02 1.600284137348357660e+02
2.550000000000000000e+02 2.396954110073376114e+02 1.599753974157643768e+02
2.550000000000000000e+02 2.395805622135897295e+02 1.598522467421549891e+02
2.550000000000000000e+02 2.396196930875829878e+02 1.597633413229743553e+02
2.550000000000000000e+02 2.396047790910176332e+02 1.591278985407425637e+02
2.550000000000000000e+02 2.395820866738297923e+02 1.588014344619849112e+02
2.550000000000000000e+02 2.395749235474006014e+02 1.584208979621823516e+02
2.550000000000000000e+02 2.395919405644176265e+02 1.581558347338163912e+02
2.550000000000000000e+02 2.394724081880045219e+02 1.579689873359598096e+02
2.550000000000000000e+02 2.394477413193009454e+02 1.581319117282420166e+02
2.550000000000000000e+02 2.394718755452700520e+02 1.583074634267294698e+02
2.550000000000000000e+02 2.395618003324425445e+02 1.587111331515001211e+02
2.550000000000000000e+02 2.395637656004628582e+02 1.586899927450386087e+02
2.550000000000000000e+02 2.395326427344776050e+02 1.586801388544507745e+02
2.550000000000000000e+02 2.396074974056625422e+02 1.590179353665592146e+02
2.550000000000000000e+02 2.397176809837360167e+02 1.591843678540926135e+02
2.550000000000000000e+02 2.396768144291080205e+02 1.591933033951382583e+02
2.550000000000000000e+02 2.396164237632127652e+02 1.591482216161115275e+02
2.550000000000000000e+02 2.396421191834035938e+02 1.591561928901378451e+02
2.550000000000000000e+02 2.397236135217786455e+02 1.594380802821169709e+02
2.550000000000000000e+02 2.396940242995288770e+02 1.597255420558172716e+02
2.550000000000000000e+02 2.397663535094727649e+02 1.599776381886473757e+02
2.550000000000000000e+02 2.397209778585925335e+02 1.599566447181126136e+02
2.550000000000000000e+02 2.396542597643515080e+02 1.599449265779541065e+02
2.550000000000000000e+02 2.397036394192357420e+02 1.595377579414276568e+02
2.550000000000000000e+02 2.396464997107198940e+02 1.591760751577265296e+02
2.550000000000000000e+02 2.396109963174183406e+02 1.589020304708378148e+02
2.550000000000000000e+02 2.396832336924080096e+02 1.589566079841309261e+02
2.550000000000000000e+02 2.396859428235574967e+02 1.589535315131645348e+02
2.550000000000000000e+02 2.396073412862403700e+02 1.590316738757105668e+02
2.550000000000000000e+02 2.395970374043768629e+02 1.591121580295892102e+02
2.550000000000000000e+02 2.396020056754001644e+02 1.592381188527977542e+02
2.550000000000000000e+02 2.394172796649860970e+02 1.590891809240433190e+02
2.550000000000000000e+02 2.392965075166910083e+02 1.589497019955735482e+02
2.550000000000000000e+02 2.393278783370526526e+02 1.588988621649172046e+02
2.550000000000000000e+02 2.393793518288931068e+02 1.588131434186479964e+02
2.550000000000000000e+02 2.393681387809828038e+02 1.588278645618095197e+02
2.550000000000000000e+02 2.392705182246466791e+02 1.586218603925025832e+02
2.550000000000000000e+02 2.393188509610527888e+02 1.586051096968528213e+02
2.550000000000000000e+02 2.393570910359901234e+02 1.585791755057810235e+02
2.550000000000000000e+02 2.392551817872918889e+02 1.584891680671497056e+02
2.550000000000000000e+02 2.392150866462793033e+02 1.583804171143620749e+02
2.550000000000000000e+02 2.392268507039149199e+02 1.583844945863294527e+02
2.550000000000000000e+02 2.391918983203386802e+02 1.582991064458954327e+02
2.550000000000000000e+02 2.390383502768823973e+02 1.583140020754699719e+02
2.550000000000000000e+02 2.390423267304001342e+02 1.584641889596018132e+02
2.550000000000000000e+02 2.391839178628169407e+02 1.586957599801636434e+02
2.550000000000000000e+02 2.391372381555867719e+02 1.587477018302706426e+02
2.550000000000000000e+02 2.390282943493952530e+02 1.587556455538106945e+02
2.550000000000000000e+02 2.389791167314103006e+02 1.585662359607313761e+02
2.550000000000000000e+02 2.391581857086444245e+02 1.586535342682131784e+02
2.550000000000000000e+02 2.390787301062530332e+02 1.586462976738206123e+02
2.550000000000000000e+02 2.389033620776740179e+02 1.584137440192486110e+02
2.550000000000000000e+02 2.389138679964368066e+02 1.583255824631971507e+02
2.550000000000000000e+02 2.389398664719765577e+02 1.582344179041426742e+02
2.550000000000000000e+02 2.388714310640916096e+02 1.579304717561598181e+02
2.550000000000000000e+02 2.388176065974231221e+02 1.576884223673214365e+02
2.550000000000000000e+02 2.389353298252380853e+02 1.576874856507884033e+02
2.550000000000000000e+02 2.389801544663930031e+02 1.576697155871467828e+02
2.550000000000000000e+02 2.388677668494182171e+02 1.577387754727204197e+02
2.550000000000000000e+02 2.388725147165514215e+02 1.578426224389527022e+02
2.550000000000000000e+02 2.389770504449403461e+02 1.579990908339532325e+02
2.550000000000000000e+02 2.389883461443094461e+02 1.581040581866269861e+02
2.550000000000000000e+02 2.388447438263952165e+02 1.579896593841548054e+02
2.550000000000000000e+02 2.387482344730051125e+02 1.582375311090907530e+02
2.550000000000000000e+02 2.387631209190842299e+02 1.583553461718599351e+02
2.550000000000000000e+02 2.386940977674922522e+02 1.585732980687109261e+02
2.550000000000000000e+02 2.385409262473482670e+02 1.586237521925595217e+02
2.550000000000000000e+02 2.385142298261564235e+02 1.586067719095242126e+02
2.550000000000000000e+02 2.385075809754708871e+02 1.588137036118687604e+02
2.550000000000000000e+02 2.385027871908605732e+02 1.588658199483887472e+02
2.550000000000000000e+02 2.384993341965819127e+02 1.588827175799652878e+02
2.550000000000000000e+02 2.385565106390794483e+02 1.589158883654296517e+02
2.550000000000000000e+02 2.386028046395018976e+02 1.589744423322404998e+02
2.550000000000000000e+02 2.385557024914823216e+02 1.583661184119899588e+02
2.550000000000000000e+02 2.385183623990963326e+02 1.579150434838508374e+02
2.550000000000000000e+02 2.385892130662772956e+02 1.577687779522642018e+02
2.550000000000000000e+02 2.385482546766950520e+02 1.577151738894858113e+02
2.550000000000000000e+02 2.385269948847930550e+02 1.575875600371013263e+02
2.550000000000000000e+02 2.385917109770320792e+02 1.579298472784711294e+02
2.550000000000000000e+02 2.386546362876638057e+02 1.583941831739996928e+02
2.550000000000000000e+02 2.386453334068012850e+02 1.585667043189978926e+02
2.550000000000000000e+02 2.386828755360865557e+02 1.588152648060904824e+02
2.550000000000000000e+02 2.387546353693142578e+02 1.588932969666914516e+02
2.550000000000000000e+02 2.388105077554618845e+02 1.589574069482326308e+02
2.550000000000000000e+02 2.387443957719187040e+02 1.590223801783434681e+02
2.550000000000000000e+02 2.387097831776730743e+02 1.589943705173062938e+02
2.550000000000000000e+02 2.387251838994958177e+02 1.590436675207317307e+02
2.550000000000000000e+02 2.387582077490334314e+02 1.589479663149387818e+02
2.550000000000000000e+02 2.386687880541091431e+02 1.583613613613613609e+02
2.550000000000000000e+02 2.385587697789532626e+02 1.578774462535930354e+02
2.550000000000000000e+02 2.386067443590379469e+02 1.576286837296011640e+02
2.550000000000000000e+02 2.386898825430935460e+02 1.576736277561965665e+02
2.550000000000000000e+02 2.386303275752817115e+02 1.575501281097611468e+02
2.550000000000000000e+02 2.385914354721694224e+02 1.577065138533028517e+02
2.550000000000000000e+02 2.386680717414662354e+02 1.579563141122774255e+02
2.550000000000000000e+02 2.385637747839582801e+02 1.579275238541293618e+02
2.550000000000000000e+02 2.384333324149837949e+02 1.579429337594475271e+02
2.550000000000000000e+02 2.384666409528794873e+02 1.579124629216372284e+02
2.550000000000000000e+02 2.385005188674913370e+02 1.579220964083349372e+02
2.550000000000000000e+02 2.385858243564665599e+02 1.579200760393420921e+02
2.550000000000000000e+02 2.386307591995665405e+02 1.580145466567484789e+02
2.550000000000000000e+02 2.386297857490517913e+02 1.578587945743909131e+02
2.550000000000000000e+02 2.386813235253602272e+02 1.579703464932822783e+02
2.550000000000000000e+02 2.386753450698404890e+02 1.580662313689836651e+02
2.550000000000000000e+02 2.386451038194157377e+02 1.581849372308087993e+02
2.550000000000000000e+02 2.386430467164412050e+02 1.581573683775518759e+02
2.550000000000000000e+02 2.386145686971375142e+02 1.581045540953797968e+02
2.550000000000000000e+02 2.385357467559302336e+02 1.579227759869961574e+02
2.550000000000000000e+02 2.384177572067480355e+02 1.578133362720518562e+02
2.550000000000000000e+02 2.384019432276313069e+02 1.578319787677585850e+02
2.550000000000000000e+02 2.384246172778282755e+02 1.578709259718434055e+02
2.550000000000000000e+02 2.384303477789716226e+02 1.578796502924943184e+02
2.550000000000000000e+02 2.383961484420200065e+02 1.578710545407793120e+02
2.550000000000000000e+02 2.384405781928717829e+02 1.581302219650843597e+02
2.550000000000000000e+02 2.385187572893995025e+02 1.582258956203910429e+02
2.550000000000000000e+02 2.385430751852770186e+02 1.583315609187168889e+02
2.550000000000000000e+02 2.385418813308721440e+02 1.583707009762055691e+02
2.550000000000000000e+02 2.385661533092725790e+02 1.583923740254015513e+02
2.550000000000000000e+02 2.386107575465373714e+02 1.581138386092514452e+02
2.550000000000000000e+02 2.386100779678761228e+02 1.578591710977032108e+02
2.550000000000000000e+02 2.385785693950831501e+02 1.577877510538060903e+02
2.550000000000000000e+02 2.385311825587054955e+02 1.576904886537914194e+02
2.550000000000000000e+02 2.386578413275661035e+02 1.576596045586871355e+02
2.550000000000000000e+02 2.386814520942961337e+02 1.577157800001836563e+02
2.550000000000000000e+02 2.386276459946184616e+02 1.577369387736360125e+02
2.550000000000000000e+02 2.386396029056579380e+02 1.577407958417132647e+02
2.550000000000000000e+02 2.383946974497433189e+02 1.574224683398995239e+02
2.550000000000000000e+02 2.382441248588037581e+02 1.571742017246604348e+02
2.550000000000000000e+02 2.381562204406241108e+02 1.571280087426876548e+02
2.550000000000000000e+02 2.380277892571470488e+02 1.572181080162731632e+02
2.550000000000000000e+02 2.379862247568669602e+02 1.571373667245226784e+02
2.550000000000000000e+02 2.380160343830068541e+02 1.572482023307711358e+02
2.550000000000000000e+02 2.379659567824705562e+02 1.572476880550275098e+02
2.550000000000000000e+02 2.380381941574602251e+02 1.571810893462269689e+02
2.550000000000000000e+02 2.380920645416058221e+02 1.571408197188013673e+02
2.550000000000000000e+02 2.381490573141949199e+02 1.572062337566924839e+02
2.550000000000000000e+02 2.381193762569909325e+02 1.571938360378727282e+02
2.550000000000000000e+02 2.381322607010680485e+02 1.571089713566777846e+02
2.550000000000000000e+02 2.381071622080796431e+02 1.571211303046165426e+02
2.550000000000000000e+02 2.380832851199823779e+02 1.571612070786382844e+02
2.550000000000000000e+02 2.380362748069170209e+02 1.571845056065239419e+02
2.550000000000000000e+02 2.380660109650935397e+02 1.573643092633918457e+02
2.550000000000000000e+02 2.380828626791929423e+02 1.572671478818267872e+02
2.550000000000000000e+02 2.380436583372363089e+02 1.572853128357715491e+02
2.550000000000000000e+02 2.380496643432423127e+02 1.571301209466347188e+02
2.550000000000000000e+02 2.381404799294707573e+02 1.572740722373749804e+02
2.550000000000000000e+02 2.381674794060115232e+02 1.573152510308473495e+02
2.550000000000000000e+02 2.381364851089621766e+02 1.574026687237696365e+02
2.550000000000000000e+02 2.381284587339633276e+02 1.575834917486293705e+02
2.550000000000000000e+02 2.381820536132462678e+02 1.578337787328613047e+02
2.550000000000000000e+02 2.382156468395000388e+02 1.579119486458936024e+02
2.550000000000000000e+02 2.382479727433855885e+02 1.578510620712455648e+02
2.550000000000000000e+02 2.383422137734064279e+02 1.578836634799937428e+02
2.550000000000000000e+02 2.384002993819507594e+02 1.578623210366329772e+02
2.550000000000000000e+02 2.383674592023215837e+02 1.577830674711408676e+02
2.550000000000000000e+02 2.383779008366164192e+02 1.576914712878015621e+02
2.550000000000000000e+02 2.384306232838342794e+02 1.575938415479699870e+02
2.550000000000000000e+02 2.384378323277405798e+02 1.577029782075653657e+02
2.550000000000000000e+02 2.383615358477743769e+02 1.576851254924649481e+02
2.550000000000000000e+02 2.382431605917844308e+02 1.576994333783324578e+02
2.550000000000000000e+02 2.382135162685621310e+02 1.575716909570120663e+02
2.550000000000000000e+02 2.381461369626507292e+02 1.576287571975645392e+02
2.550000000000000000e+02 2.381968390408757443e+02 1.576267092780854284e+02
2.550000000000000000e+02 2.382946891845974449e+02 1.578299308482794743e+02
2.550000000000000000e+02 2.382754589451837148e+02 1.580136742246833990e+02
2.550000000000000000e+02 2.382547685299978752e+02 1.580529336676125638e+02
2.550000000000000000e+02 2.382866995435802835e+02 1.581031857545619062e+02
2.550000000000000000e+02 2.382698110954991648e+02 1.580502061694722329e+02
2.550000000000000000e+02 2.382495155706164951e+02 1.577450294331028147e+02
2.550000000000000000e+02 2.382140948287737388e+02 1.574765315774490091e+02
2.550000000000000000e+02 2.381432992625653071e+02 1.572573399087160624e+02
2.550000000000000000e+02 2.381426196839040870e+02 1.571542276221175314e+02
2.550000000000000000e+02 2.380646242572848053e+02 1.570377625331753677e+02
2.550000000000000000e+02 2.380185598442479318e+02 1.571523266385651709e+02
2.550000000000000000e+02 2.379729913399638122e+02 1.572199998163301018e+02
2.550000000000000000e+02 2.379084221836515383e+02 1.573438392520961315e+02
2.550000000000000000e+02 2.377703391464859237e+02 1.572834853201825638e+02
2.550000000000000000e+02 2.376752991523633796e+02 1.572838710269902833e+02
2.550000000000000000e+02 2.375860723108429511e+02 1.569588212065276309e+02
2.550000000000000000e+02 2.376235226051739744e+02 1.568717892204130635e+02
2.550000000000000000e+02 2.376587137596311834e+02 1.568608241268791801e+02
2.550000000000000000e+02 2.376490435389517870e+02 1.568139699332359953e+02
2.550000000000000000e+02 2.376175900671313457e+02 1.567111882524726525e+02
2.550000000000000000e+02 2.376044576686778385e+02 1.565025759704658697e+02
2.550000000000000000e+02 2.375669798238605495e+02 1.562934953301925702e+02
2.550000000000000000e+02 2.375430017173136434e+02 1.559655802591582301e+02
2.550000000000000000e+02 2.375571718507498247e+02 1.560266596872101559e+02
2.550000000000000000e+02 2.376175625166450800e+02 1.560510969685281566e+02
2.550000000000000000e+02 2.376200787943907073e+02 1.561052061235547512e+02
2.550000000000000000e+02 2.376050178618986024e+02 1.560118650760852574e+02
2.550000000000000000e+02 2.376007934540044744e+02 1.560213975443333254e+02
2.550000000000000000e+02 2.375615340110753095e+02 1.558939122608847470e+02
2.550000000000000000e+02 2.374204938883837883e+02 1.557458375806999697e+02
2.550000000000000000e+02 2.373369057130524880e+02 1.559792636673370509e+02
2.550000000000000000e+02 2.372465125676134790e+02 1.560297545251673625e+02
2.550000000000000000e+02 2.371351718691168173e+02 1.560950950950951039e+02
2.550000000000000000e+02 2.369807881275771138e+02 1.561156018403724772e+02
2.550000000000000000e+02 2.370620528785666465e+02 1.561512521696007809e+02
2.550000000000000000e+02 2.371011837525599049e+02 1.562063806926192342e+02
2.550000000000000000e+02 2.370970787301062614e+02 1.560300483970208631e+02
2.550000000000000000e+02 2.370976205563361532e+02 1.560718333011911056e+02
2.550000000000000000e+02 2.371494705714889335e+02 1.560425838682719473e+02
2.550000000000000000e+02 2.372101183752560019e+02 1.561980971797485438e+02
2.550000000000000000e+02 2.372360709333186435e+02 1.558894215316233556e+02
2.550000000000000000e+02 2.372700774168663997e+02 1.557235767877969579e+02
2.550000000000000000e+02 2.373432974258662398e+02 1.556906264062227478e+02
2.550000000000000000e+02 2.373908495651614885e+02 1.557045761357688036e+02
2.550000000000000000e+02 2.374158929571773626e+02 1.557824613604430226e+02
2.550000000000000000e+02 2.374324324324324209e+02 1.555322202936881695e+02
2.550000000000000000e+02 2.373637766206573474e+02 1.553422780578743811e+02
2.550000000000000000e+02 2.373814272988584833e+02 1.551470736791837624e+02
2.550000000000000000e+02 2.374889843972412677e+02 1.549594181337300540e+02
2.550000000000000000e+02 2.374857518068527327e+02 1.549842778558374903e+02
2.550000000000000000e+02 2.374438842512236931e+02 1.556390059784555149e+02
2.550000000000000000e+02 2.374299437051730592e+02 1.560936257358275725e+02
2.550000000000000000e+02 2.374741346851438664e+02 1.562992901158038705e+02
2.550000000000000000e+02 2.373921811719976915e+02 1.564628022517930788e+02
2.550000000000000000e+02 2.373589369185699525e+02 1.563972137274889462e+02
2.550000000000000000e+02 2.373377322276404868e+02 1.562260517398132151e+02
2.550000000000000000e+02 2.374256733798018217e+02 1.561674243050389919e+02
2.550000000000000000e+02 2.373582022389361725e+02 1.560103589828360384e+02
2.550000000000000000e+02 2.373387424121368952e+02 1.558893939811370899e+02
2.550000000000000000e+02 2.373109072375127369e+02 1.557854184459689009e+02
2.550000000000000000e+02 2.373910791525470358e+02 1.561029837176626245e+02
2.550000000000000000e+02 2.375098033813630138e+02 1.565010055927487258e+02
2.550000000000000000e+02 2.375516066525240717e+02 1.566212175478230506e+02
2.550000000000000000e+02 2.375361416462334034e+02 1.566767042271629293e+02
2.550000000000000000e+02 2.376533138643230245e+02 1.568134832079786349e+02
2.550000000000000000e+02 2.375597799634496994e+02 1.567303542074184293e+02
2.550000000000000000e+02 2.373658429071273019e+02 1.565551973992340891e+02
2.550000000000000000e+02 2.373645664012636587e+02 1.565273163071328213e+02
2.550000000000000000e+02 2.373581287709727974e+02 1.564080778025732172e+02
2.550000000000000000e+02 2.373017696595678387e+02 1.563839894940812485e+02
2.550000000000000000e+02 2.371602060776372696e+02 1.559808983295221765e+02
2.550000000000000000e+02 2.371265761174018110e+02 1.557596587413101190e+02
2.550000000000000000e+02 2.371830178802655951e+02 1.556958701821087061e+02
2.550000000000000000e+02 2.371802352811527044e+02 1.556630759199566398e+02
2.550000000000000000e+02 2.371377065138533169e+02 1.556207400060611121e+02
2.550000000000000000e+02 2.371836515414497057e+02 1.555823989126741367e+02
2.550000000000000000e+02 2.372926045311366465e+02 1.557975498434213932e+02
2.550000000000000000e+02 2.373208621465502119e+02 1.558983387056781567e+02
2.550000000000000000e+02 2.372637591720160515e+02 1.558116189584079621e+02
2.550000000000000000e+02 2.372614449311697058e+02 1.557483997759227066e+02
2.550000000000000000e+02 2.373496340377074318e+02 1.556912049664343272e+02
2.550000000000000000e+02 2.373813997483722176e+02 1.557766114738591909e+02
2.550000000000000000e+02 2.373402025879090047e+02 1.556642422238752488e+02
2.550000000000000000e+02 2.374031738160178406e+02 1.556291153538859930e+02
2.550000000000000000e+02 2.375595320090732798e+02 1.557783287875031135e+02
2.550000000000000000e+02 2.375748684464280700e+02 1.559520897043832690e+02
2.550000000000000000e+02 2.375417252114499718e+02 1.559507305470608287e+02
2.550000000000000000e+02 2.375093625735827629e+02 1.558854083441239311e+02
2.550000000000000000e+02 2.375669890073559714e+02 1.558530732567429880e+02
2.550000000000000000e+02 2.375231102662295370e+02 1.558604200530806168e+02
2.550000000000000000e+02 2.374532881505358546e+02 1.559578661230037255e+02
2.550000000000000000e+02 2.374921067856847685e+02 1.560105610197353201e+02
2.550000000000000000e+02 2.375298785023555581e+02 1.560880789045926633e+02
2.550000000000000000e+02 2.374857793573389984e+02 1.560146293082072759e+02
2.550000000000000000e+02 2.375201623641990523e+02 1.559869961704823993e+02
2.550000000000000000e+02 2.375823162612153396e+02 1.559063926311632713e+02
2.550000000000000000e+02 2.376029699424194916e+02 1.557196095177746429e+02
2.550000000000000000e+02 2.375658502539236565e+02 1.556726175717001297e+02
2.550000000000000000e+02 2.375304937965488534e+02 1.555962568072659735e+02
2.550000000000000000e+02 2.375070115987547297e+02 1.555574932730895910e+02
2.550000000000000000e+02 2.374191439145567699e+02 1.555170858932326894e+02
2.550000000000000000e+02 2.372344179041426742e+02 1.555365457200319668e+02
2.550000000000000000e+02 2.372296057525415449e+02 1.555937588965111900e+02
2.550000000000000000e+02 2.373092817588230332e+02 1.557278103791865362e+02
2.550000000000000000e+02 2.373298987060454976e+02 1.557939315462251102e+02
2.550000000000000000e+02 2.373460065570157269e+02 1.560320963164999739e+02
