2.550000000000000000e+02 2.455676127978072998e+02 1.761930081172253892e+02
2.550000000000000000e+02 2.450906599198819436e+02 1.757784761754164151e+02
2.550000000000000000e+02 2.450951270293063544e+02 1.758889284208306947e+02
2.550000000000000000e+02 2.451925600885515450e+02 1.759806029938857250e+02
2.550000000000000000e+02 2.452061986084756597e+02 1.758384593084545600e+02
2.550000000000000000e+02 2.452159102888467146e+02 1.757941176470588118e+02
2.550000000000000000e+02 2.454110926628715958e+02 1.760249578325953905e+02
2.550000000000000000e+02 2.453748023402909553e+02 1.761826771030993086e+02
2.550000000000000000e+02 2.449611532785156953e+02 1.761075532363483092e+02
2.550000000000000000e+02 2.445006325110689431e+02 1.757170830697870656e+02
2.550000000000000000e+02 2.443524404385410094e+02 1.757526354627872536e+02
2.550000000000000000e+02 2.444108159392789332e+02 1.758289321104786040e+02
2.550000000000000000e+02 2.445792878979548846e+02 1.761676286105840177e+02
2.550000000000000000e+02 2.447582094665823433e+02 1.764633275353151873e+02
2.550000000000000000e+02 2.449165744254691219e+02 1.764434297912713419e+02
2.550000000000000000e+02 2.450090396373603312e+02 1.763863720219270590e+02
2.550000000000000000e+02 2.450793406072106393e+02 1.764239141893316400e+02
2.550000000000000000e+02 2.451500632511069000e+02 1.762735215053763511e+02
2.550000000000000000e+02 2.452538477756694135e+02 1.763392499472907389e+02
2.550000000000000000e+02 2.452830618806662528e+02 1.763662370862323314e+02
2.550000000000000000e+02 2.450973539953615727e+02 1.761396004638414468e+02
2.550000000000000000e+02 2.448906019397006162e+02 1.756463340712629133e+02
2.550000000000000000e+02 2.448710599831330512e+02 1.755517868437697757e+02
2.550000000000000000e+02 2.448177709255745356e+02 1.753923940543959645e+02
2.550000000000000000e+02 2.447576823740248813e+02 1.751009514020662152e+02
2.550000000000000000e+02 2.447876739405439537e+02 1.750965765338393396e+02
2.550000000000000000e+02 2.448856472696605522e+02 1.751242488931056300e+02
2.550000000000000000e+02 2.449031335652540520e+02 1.750558981657179061e+02
2.550000000000000000e+02 2.450555555555555429e+02 1.752630060088551431e+02
2.550000000000000000e+02 2.452974383301707917e+02 1.755438804554079582e+02
2.550000000000000000e+02 2.454361954459203048e+02 1.758035394265232867e+02
2.550000000000000000e+02 2.455922807294961103e+02 1.760565438541007666e+02
2.550000000000000000e+02 2.457926417878979635e+02 1.763509777566940784e+02
2.550000000000000000e+02 2.460172622812565919e+02 1.765949952561669818e+02
2.550000000000000000e+02 2.461876317731393726e+02 1.768857658654859790e+02
2.550000000000000000e+02 2.461098065570314191e+02 1.768778594771241899e+02
2.550000000000000000e+02 2.458693864642631297e+02 1.768076902804132544e+02
2.550000000000000000e+02 2.454556978705460608e+02 1.765579801813198344e+02
2.550000000000000000e+02 2.450028067678684351e+02 1.760369096563356663e+02
2.550000000000000000e+02 2.446581672991777339e+02 1.754881931267130426e+02
2.550000000000000000e+02 2.447083596879612060e+02 1.754645134935694841e+02
2.550000000000000000e+02 2.449700743200505997e+02 1.760800521821632003e+02
2.550000000000000000e+02 2.451476518026565543e+02 1.762093216318785664e+02
2.550000000000000000e+02 2.452218532574320022e+02 1.760063646426312403e+02
2.550000000000000000e+02 2.454439964157706129e+02 1.761683533628505245e+02
2.550000000000000000e+02 2.457364273666455858e+02 1.765547253847775551e+02
2.550000000000000000e+02 2.459057558507273882e+02 1.765618543116171111e+02
2.550000000000000000e+02 2.458900484925152909e+02 1.766659682690280420e+02
2.550000000000000000e+02 2.459702324478178355e+02 1.770241013071895395e+02
2.550000000000000000e+02 2.460228626396795164e+02 1.772468242673413386e+02
2.550000000000000000e+02 2.459019212523719204e+02 1.770253004427577537e+02
2.550000000000000000e+02 2.458359687961205964e+02 1.769288820366856498e+02
2.550000000000000000e+02 2.459695208728652744e+02 1.767183085599831429e+02
2.550000000000000000e+02 2.460033470377398146e+02 1.764726043643263722e+02
2.550000000000000000e+02 2.460157073582120972e+02 1.762695946658233197e+02
2.550000000000000000e+02 2.460912660763229951e+02 1.762697923255323644e+02
2.550000000000000000e+02 2.462899799704828183e+02 1.764710626185958233e+02
2.550000000000000000e+02 2.463290638836179767e+02 1.765111084756483137e+02
2.550000000000000000e+02 2.463566967109424297e+02 1.766545303605313109e+02
2.550000000000000000e+02 2.465039663714948404e+02 1.768466687750369033e+02
2.550000000000000000e+02 2.466727018764495085e+02 1.772141181741513947e+02
2.550000000000000000e+02 2.466531862745098067e+02 1.771325637781994544e+02
2.550000000000000000e+02 2.467060668353362871e+02 1.769771900695762099e+02
2.550000000000000000e+02 2.467962523719164949e+02 1.770245229812354921e+02
2.550000000000000000e+02 2.467486690912924416e+02 1.769212523719164949e+02
2.550000000000000000e+02 2.464915665190807488e+02 1.766407337128399888e+02
2.550000000000000000e+02 2.459834361163820233e+02 1.761970930845456564e+02
2.550000000000000000e+02 2.454907495256167067e+02 1.757980313092979259e+02
2.550000000000000000e+02 2.450086970271979681e+02 1.751526855365802362e+02
2.550000000000000000e+02 2.446566519080750481e+02 1.744897875816993462e+02
2.550000000000000000e+02 2.446107157916930248e+02 1.745187644950453318e+02
2.550000000000000000e+02 2.446543458781362119e+02 1.744766497997048305e+02
2.550000000000000000e+02 2.446714895635673486e+02 1.745889336917562673e+02
2.550000000000000000e+02 2.446854311617119890e+02 1.746287818890997130e+02
2.550000000000000000e+02 2.448149378030782088e+02 1.749925679949399182e+02
2.550000000000000000e+02 2.448906678262702883e+02 1.750567283364958939e+02
2.550000000000000000e+02 2.448759224119755515e+02 1.749800231920725366e+02
2.550000000000000000e+02 2.448834071262913881e+02 1.750554633143580077e+02
2.550000000000000000e+02 2.449565148640101313e+02 1.753362191650853958e+02
2.550000000000000000e+02 2.448942520556609850e+02 1.753537713472485677e+02
2.550000000000000000e+02 2.447638493569470768e+02 1.752257932742989794e+02
2.550000000000000000e+02 2.447168195235083203e+02 1.752203246890153991e+02
2.550000000000000000e+02 2.448117225384777669e+02 1.752734687961205964e+02
2.550000000000000000e+02 2.449003004427577537e+02 1.752959756483238323e+02
2.550000000000000000e+02 2.448917483660130756e+02 1.751218901539110391e+02
2.550000000000000000e+02 2.449446157495256102e+02 1.751453589500316355e+02
2.550000000000000000e+02 2.451661263967952777e+02 1.754956646637149618e+02
2.550000000000000000e+02 2.453770161290322562e+02 1.757818495677840929e+02
2.550000000000000000e+02 2.454861111111111143e+02 1.757656678262702883e+02
2.550000000000000000e+02 2.456332226438962607e+02 1.758177050390048350e+02
2.550000000000000000e+02 2.458973091924941912e+02 1.761613430318363953e+02
2.550000000000000000e+02 2.460665849673202672e+02 1.763475384777567001e+02
2.550000000000000000e+02 2.461205460678895349e+02 1.764121336706725742e+02
2.550000000000000000e+02 2.461710020029517239e+02 1.763513335441703589e+02
2.550000000000000000e+02 2.463264415981446405e+02 1.765277250685220451e+02
2.550000000000000000e+02 2.463103784524562627e+02 1.765411263967952777e+02
2.550000000000000000e+02 2.461321157495256102e+02 1.762821526460046471e+02
2.550000000000000000e+02 2.455674678473539814e+02 1.754723276407337096e+02
2.550000000000000000e+02 2.451166192283365035e+02 1.750014495045329852e+02
2.550000000000000000e+02 2.448326349356946992e+02 1.746716608686485301e+02
2.550000000000000000e+02 2.445895398481973473e+02 1.743519001686696299e+02
2.550000000000000000e+02 2.445888546278726494e+02 1.741654148218427167e+02
2.550000000000000000e+02 2.447713867805186680e+02 1.746897533206831099e+02
2.550000000000000000e+02 2.448522823107737736e+02 1.751554264178789708e+02
2.550000000000000000e+02 2.447624262070419547e+02 1.751358449293695969e+02
2.550000000000000000e+02 2.448150300442757725e+02 1.752748392367699637e+02
2.550000000000000000e+02 2.450160236137465688e+02 1.756589447606999670e+02
2.550000000000000000e+02 2.451731762597512159e+02 1.758385251950242321e+02
2.550000000000000000e+02 2.452500527092557547e+02 1.757100332068311275e+02
2.550000000000000000e+02 2.453106024667931706e+02 1.759015391102677768e+02
2.550000000000000000e+02 2.453385647269660694e+02 1.760703141471642539e+02
2.550000000000000000e+02 2.452977414083913175e+02 1.759441545435378487e+02
2.550000000000000000e+02 2.454060457516339966e+02 1.762742594349567753e+02
2.550000000000000000e+02 2.455672701876449366e+02 1.765695498629559381e+02
2.550000000000000000e+02 2.456777224330592446e+02 1.767311564410710503e+02
2.550000000000000000e+02 2.458309745941387234e+02 1.769492146320893937e+02
2.550000000000000000e+02 2.460588762386675228e+02 1.772576296647691265e+02
2.550000000000000000e+02 2.462224067046173275e+02 1.776241302972802032e+02
2.550000000000000000e+02 2.464020398481973473e+02 1.779065333122496213e+02
2.550000000000000000e+02 2.465740828589500211e+02 1.781583913135146418e+02
2.550000000000000000e+02 2.467169644739616388e+02 1.783276539110267720e+02
2.550000000000000000e+02 2.466794354838709751e+02 1.782493279569892479e+02
2.550000000000000000e+02 2.467097828378663280e+02 1.780274746995572457e+02
2.550000000000000000e+02 2.468899167193759183e+02 1.783146083702298199e+02
2.550000000000000000e+02 2.470148508328062462e+02 1.786450426944971639e+02
2.550000000000000000e+02 2.470289769133459856e+02 1.786456883828800244e+02
2.550000000000000000e+02 2.470344586759434833e+02 1.784809324267341424e+02
2.550000000000000000e+02 2.470826481130086449e+02 1.788370756904912469e+02
2.550000000000000000e+02 2.466284919881931330e+02 1.784651328273244815e+02
2.550000000000000000e+02 2.458909445498629509e+02 1.773824188277461644e+02
2.550000000000000000e+02 2.457149483449293825e+02 1.773855813830908801e+02
2.550000000000000000e+02 2.458435852835758055e+02 1.777886885937170689e+02
2.550000000000000000e+02 2.457849725911869996e+02 1.778255587181108979e+02
2.550000000000000000e+02 2.455320735821210292e+02 1.772097828378663280e+02
2.550000000000000000e+02 2.455154042799915715e+02 1.771296252371916466e+02
2.550000000000000000e+02 2.456591555977229575e+02 1.772911791060510325e+02
2.550000000000000000e+02 2.455459361163820233e+02 1.769094059666877570e+02
2.550000000000000000e+02 2.454090897111532854e+02 1.763285499683744604e+02
2.550000000000000000e+02 2.455214790217162033e+02 1.763705724225173981e+02
2.550000000000000000e+02 2.455143237402487841e+02 1.763597143158338554e+02
2.550000000000000000e+02 2.451216661395741028e+02 1.755825295171832181e+02
2.550000000000000000e+02 2.448710072738772965e+02 1.749776908075058088e+02
2.550000000000000000e+02 2.451018211047860120e+02 1.755461337760910681e+02
2.550000000000000000e+02 2.453055950874973519e+02 1.761946552814674192e+02
2.550000000000000000e+02 2.451302050390048350e+02 1.758277725068521988e+02
2.550000000000000000e+02 2.450514047016656036e+02 1.755925706304026903e+02
2.550000000000000000e+02 2.453310931899641503e+02 1.759792720851781667e+02
2.550000000000000000e+02 2.455749393843559005e+02 1.763883617963314236e+02
2.550000000000000000e+02 2.456048518869913551e+02 1.764206462154754433e+02
2.550000000000000000e+02 2.456745071684587742e+02 1.764498471431583368e+02
2.550000000000000000e+02 2.459294354838709751e+02 1.768053447185325808e+02
2.550000000000000000e+02 2.460621178578958563e+02 1.770230339447606980e+02
2.550000000000000000e+02 2.459969428631667654e+02 1.767113114062829311e+02
2.550000000000000000e+02 2.460450664136622265e+02 1.766324847143158365e+02
2.550000000000000000e+02 2.463911553868859414e+02 1.772320656757326560e+02
2.550000000000000000e+02 2.464845430107527022e+02 1.775368437697659658e+02
2.550000000000000000e+02 2.461488772928526316e+02 1.771086469534050138e+02
2.550000000000000000e+02 2.457472195867594280e+02 1.766128373392367621e+02
2.550000000000000000e+02 2.455074583596879734e+02 1.765560694707990592e+02
2.550000000000000000e+02 2.451807795698924792e+02 1.759504137676576079e+02
2.550000000000000000e+02 2.448643131983976389e+02 1.752285605102256056e+02
2.550000000000000000e+02 2.449536817415138046e+02 1.753102203246890269e+02
2.550000000000000000e+02 2.452879770187645079e+02 1.760818311195446029e+02
2.550000000000000000e+02 2.453360873919460232e+02 1.760747549019607732e+02
2.550000000000000000e+02 2.453295119122917924e+02 1.758659208306978599e+02
2.550000000000000000e+02 2.456002661817415174e+02 1.764399246257642915e+02
2.550000000000000000e+02 2.459096695129664738e+02 1.768798097195867456e+02
2.550000000000000000e+02 2.459221747838920464e+02 1.767541244992620761e+02
2.550000000000000000e+02 2.458981130086443159e+02 1.763717056715159117e+02
2.550000000000000000e+02 2.458064384355892855e+02 1.761802920092768261e+02
2.550000000000000000e+02 2.456058270082226329e+02 1.758610452245414422e+02
2.550000000000000000e+02 2.454348118279569917e+02 1.754970351043643291e+02
2.550000000000000000e+02 2.453059772296015240e+02 1.753716661395741028e+02
2.550000000000000000e+02 2.451662318153067588e+02 1.750250764284208174e+02
2.550000000000000000e+02 2.451159340080118056e+02 1.746685114906177603e+02
2.550000000000000000e+02 2.452595667299177649e+02 1.748571183849884108e+02
2.550000000000000000e+02 2.454374604680581911e+02 1.752694892473118387e+02
2.550000000000000000e+02 2.454693495677840929e+02 1.753179422306557171e+02
2.550000000000000000e+02 2.456699214632089365e+02 1.752775932953826725e+02
2.550000000000000000e+02 2.458544960995150745e+02 1.754948213156230281e+02
2.550000000000000000e+02 2.458700848619017449e+02 1.753878874130297163e+02
2.550000000000000000e+02 2.457247654438119469e+02 1.750644765970904473e+02
2.550000000000000000e+02 2.453553658022348714e+02 1.746511701454775505e+02
2.550000000000000000e+02 2.448876502213788626e+02 1.742952772506852170e+02
2.550000000000000000e+02 2.444244676365169653e+02 1.737236058401855416e+02
2.550000000000000000e+02 2.441445024246257560e+02 1.732361111111111143e+02
2.550000000000000000e+02 2.440724752266498001e+02 1.731516049968374489e+02
2.550000000000000000e+02 2.441337892683955317e+02 1.733892710309930294e+02
2.550000000000000000e+02 2.442323819312671276e+02 1.734537608053974225e+02
2.550000000000000000e+02 2.444634724857685057e+02 1.737866197554290579e+02
2.550000000000000000e+02 2.447681056293485256e+02 1.741745203457727200e+02
2.550000000000000000e+02 2.450249973645371995e+02 1.744711416824794412e+02
2.550000000000000000e+02 2.451626344086021447e+02 1.747014020662028315e+02
2.550000000000000000e+02 2.452378636938646537e+02 1.749612850516550679e+02
2.550000000000000000e+02 2.452259250474383236e+02 1.751911764705882320e+02
2.550000000000000000e+02 2.451917299177735572e+02 1.753301180687328724e+02
2.550000000000000000e+02 2.451860373181530690e+02 1.753155307822053430e+02
2.550000000000000000e+02 2.452127872654438079e+02 1.752680397427788250e+02
2.550000000000000000e+02 2.452070814885093739e+02 1.752657864220957151e+02
2.550000000000000000e+02 2.453130402698713795e+02 1.753928157284419171e+02
2.550000000000000000e+02 2.453356788952139880e+02 1.752905465949820893e+02
2.550000000000000000e+02 2.453395925574531020e+02 1.751458069787054512e+02
2.550000000000000000e+02 2.454231103731815438e+02 1.751261727809403226e+02
2.550000000000000000e+02 2.457069497153700297e+02 1.755825690491250270e+02
2.550000000000000000e+02 2.458436379928315318e+02 1.758021162766181646e+02
2.550000000000000000e+02 2.458569734345350923e+02 1.758239642631245943e+02
2.550000000000000000e+02 2.458488430318363953e+02 1.756928763440860166e+02
2.550000000000000000e+02 2.459862297069365411e+02 1.759292378241619303e+02
2.550000000000000000e+02 2.461545698924731198e+02 1.761868279569892479e+02
2.550000000000000000e+02 2.462512913767657494e+02 1.763461812144212502e+02
2.550000000000000000e+02 2.462819549862956023e+02 1.764853072949609896e+02
2.550000000000000000e+02 2.463965449082859038e+02 1.766591424204090117e+02
2.550000000000000000e+02 2.464813804554079582e+02 1.767447949609951650e+02
2.550000000000000000e+02 2.464723012861058464e+02 1.766073687539531818e+02
2.550000000000000000e+02 2.462611480075901227e+02 1.763148587391945910e+02
2.550000000000000000e+02 2.456040744254691219e+02 1.755800917141050093e+02
2.550000000000000000e+02 2.448932637571157613e+02 1.748672649167193640e+02
2.550000000000000000e+02 2.441484029095509243e+02 1.738921568627451109e+02
2.550000000000000000e+02 2.438412924309508867e+02 1.734123576850094821e+02
2.550000000000000000e+02 2.439974040691545554e+02 1.738310404807084240e+02
2.550000000000000000e+02 2.442113114062829311e+02 1.743985610373181601e+02
2.550000000000000000e+02 2.442202192705038897e+02 1.744853468269027985e+02
2.550000000000000000e+02 2.444157179000632425e+02 1.751616724646848127e+02
2.550000000000000000e+02 2.447357421463208880e+02 1.760779174573054888e+02
2.550000000000000000e+02 2.448831172253847797e+02 1.766016366223908847e+02
2.550000000000000000e+02 2.448050548176259724e+02 1.766158154121863788e+02
2.550000000000000000e+02 2.448017604891418841e+02 1.766095957200084285e+02
2.550000000000000000e+02 2.450957200084334886e+02 1.773284313725490335e+02
2.550000000000000000e+02 2.451091872232763933e+02 1.774931873286949155e+02
2.550000000000000000e+02 2.450028199451823809e+02 1.769662265443811862e+02
2.550000000000000000e+02 2.448841450558718122e+02 1.766001739405439537e+02
2.550000000000000000e+02 2.449495572422517284e+02 1.767765786422095857e+02
2.550000000000000000e+02 2.448791244992620761e+02 1.766586548597933870e+02
2.550000000000000000e+02 2.448522823107737736e+02 1.763893105629348383e+02
2.550000000000000000e+02 2.447859345351043601e+02 1.761341450558718122e+02
2.550000000000000000e+02 2.448704142947501623e+02 1.761088446131140586e+02
2.550000000000000000e+02 2.448998524140839095e+02 1.761404174573054888e+02
2.550000000000000000e+02 2.448055423782416256e+02 1.759228468269027985e+02
2.550000000000000000e+02 2.447923518869913551e+02 1.757807031414716334e+02
2.550000000000000000e+02 2.448846985030571375e+02 1.759377503689647995e+02
2.550000000000000000e+02 2.448216977651275670e+02 1.760794987349778751e+02
2.550000000000000000e+02 2.445977624920936080e+02 1.755132695551338884e+02
2.550000000000000000e+02 2.442039979970482761e+02 1.749206857474172523e+02
2.550000000000000000e+02 2.433036843769766051e+02 1.741146821631878652e+02
2.550000000000000000e+02 2.423298676997680730e+02 1.731538451402066130e+02
2.550000000000000000e+02 2.416037977018764593e+02 1.725677972802023987e+02
2.550000000000000000e+02 2.411886332489985136e+02 1.723444813409234655e+02
2.550000000000000000e+02 2.410876423149905179e+02 1.721452271768922628e+02
2.550000000000000000e+02 2.409738430318363953e+02 1.720439595192915760e+02
2.550000000000000000e+02 2.409423228969006914e+02 1.719600068522032359e+02
2.550000000000000000e+02 2.408889943074003668e+02 1.718547860004216830e+02
2.550000000000000000e+02 2.408507800969850337e+02 1.716177788319628803e+02
2.550000000000000000e+02 2.407978468269027985e+02 1.712704116592873618e+02
2.550000000000000000e+02 2.408591608686485301e+02 1.712475753742357085e+02
2.550000000000000000e+02 2.408673966898587366e+02 1.712203642209572081e+02
2.550000000000000000e+02 2.406684324267341424e+02 1.708726280834914633e+02
2.550000000000000000e+02 2.405147717689226283e+02 1.704578194180898265e+02
2.550000000000000000e+02 2.403642473118279668e+02 1.702676707779886272e+02
2.550000000000000000e+02 2.403165059034366493e+02 1.704453668564199802e+02
2.550000000000000000e+02 2.404150853889942994e+02 1.706740986717267674e+02
2.550000000000000000e+02 2.405945208728652744e+02 1.710670725279358919e+02
2.550000000000000000e+02 2.407185457516339966e+02 1.711491013071895395e+02
2.550000000000000000e+02 2.407078984819734444e+02 1.710615248787687221e+02
2.550000000000000000e+02 2.408271136411553925e+02 1.711038767657600772e+02
2.550000000000000000e+02 2.410074583596879734e+02 1.712830750579801702e+02
2.550000000000000000e+02 2.411908733923677062e+02 1.715116751001475848e+02
2.550000000000000000e+02 2.413400274088130004e+02 1.716869597301286205e+02
2.550000000000000000e+02 2.415518659076533936e+02 1.719686116382036687e+02
2.550000000000000000e+02 2.417155281467425709e+02 1.719845693653805654e+02
2.550000000000000000e+02 2.416488245835968769e+02 1.718190095930845587e+02
2.550000000000000000e+02 2.417060800126502329e+02 1.717175442757748272e+02
2.550000000000000000e+02 2.417932479443390150e+02 1.719996573898376653e+02
2.550000000000000000e+02 2.411624103942652368e+02 1.715706040480708339e+02
2.550000000000000000e+02 2.401059060721062508e+02 1.705098170988825643e+02
2.550000000000000000e+02 2.397285605102256056e+02 1.702552182163187808e+02
2.550000000000000000e+02 2.396989115538688679e+02 1.704147823107737736e+02
2.550000000000000000e+02 2.396805687328694887e+02 1.703853837233818354e+02
2.550000000000000000e+02 2.395681398903647619e+02 1.702917720851781667e+02
2.550000000000000000e+02 2.397527935905544894e+02 1.706329722749314897e+02
2.550000000000000000e+02 2.399672016656124924e+02 1.709524035420619725e+02
2.550000000000000000e+02 2.400433270082226329e+02 1.709870335230866658e+02
2.550000000000000000e+02 2.401007537423571705e+02 1.709348513598988006e+02
2.550000000000000000e+02 2.403045804343242651e+02 1.713001660341556089e+02
2.550000000000000000e+02 2.404279200927682894e+02 1.715657152646004704e+02
2.550000000000000000e+02 2.403184429685852876e+02 1.714722881087919006e+02
2.550000000000000000e+02 2.401753109846088989e+02 1.712968717056715207e+02
2.550000000000000000e+02 2.401976333544170359e+02 1.713761464263124594e+02
2.550000000000000000e+02 2.403642077798861578e+02 1.714391208096141668e+02
2.550000000000000000e+02 2.403698872021927002e+02 1.712072659709045013e+02
2.550000000000000000e+02 2.404359582542694511e+02 1.710513256377819857e+02
2.550000000000000000e+02 2.405509698503057052e+02 1.711589711153278586e+02
2.550000000000000000e+02 2.407003874130297163e+02 1.712551391524351629e+02
2.550000000000000000e+02 2.408397770398482010e+02 1.713433744465528150e+02
2.550000000000000000e+02 2.409024746995572457e+02 1.715219270503900475e+02
2.550000000000000000e+02 2.408965712629137670e+02 1.715036501159603688e+02
2.550000000000000000e+02 2.409839104996837307e+02 1.717907179000632425e+02
2.550000000000000000e+02 2.411994650010541932e+02 1.719969428631667654e+02
2.550000000000000000e+02 2.412378636938646537e+02 1.717034445498629509e+02
2.550000000000000000e+02 2.412043801391524482e+02 1.715374103942652368e+02
2.550000000000000000e+02 2.413872549019607732e+02 1.717418827746152203e+02
2.550000000000000000e+02 2.415925706304026903e+02 1.720482553236348338e+02
2.550000000000000000e+02 2.414815122285473308e+02 1.717932611216529608e+02
2.550000000000000000e+02 2.409938198397638587e+02 1.716484029095509243e+02
2.550000000000000000e+02 2.404167984398060298e+02 1.717260831752055594e+02
2.550000000000000000e+02 2.397356762597512159e+02 1.714962576428420959e+02
2.550000000000000000e+02 2.391195709466582286e+02 1.709121600253004374e+02
2.550000000000000000e+02 2.390262096774193594e+02 1.708395134935694841e+02
2.550000000000000000e+02 2.392013625342610226e+02 1.706968031836390480e+02
2.550000000000000000e+02 2.392199030149694181e+02 1.704544855576639293e+02
2.550000000000000000e+02 2.390230602993885611e+02 1.699492146320893937e+02
2.550000000000000000e+02 2.391329590976175439e+02 1.699440886569681766e+02
2.550000000000000000e+02 2.394416113219481304e+02 1.702421463208939372e+02
2.550000000000000000e+02 2.396925996204933540e+02 1.705793933164663656e+02
2.550000000000000000e+02 2.396267262281256478e+02 1.704072712418300739e+02
2.550000000000000000e+02 2.395919117647058840e+02 1.702891629770187762e+02
2.550000000000000000e+02 2.395540006325110767e+02 1.701469534050179107e+02
2.550000000000000000e+02 2.393111559139784958e+02 1.696383090870756973e+02
2.550000000000000000e+02 2.391963419776512865e+02 1.693862534261016322e+02
2.550000000000000000e+02 2.392526091081593904e+02 1.694201850094876534e+02
2.550000000000000000e+02 2.394617067257010206e+02 1.696862218005481679e+02
2.550000000000000000e+02 2.396765364748049763e+02 1.698856999789163069e+02
2.550000000000000000e+02 2.398674625764284087e+02 1.701144845034788204e+02
2.550000000000000000e+02 2.402836812144212502e+02 1.705846510647269554e+02
2.550000000000000000e+02 2.406032442546911341e+02 1.710795646215475472e+02
2.550000000000000000e+02 2.407999156651908095e+02 1.714194602572211750e+02
2.550000000000000000e+02 2.409235188699135506e+02 1.714891550706304031e+02
2.550000000000000000e+02 2.411870387940122384e+02 1.718070050600885565e+02
2.550000000000000000e+02 2.414226096352519448e+02 1.718228969006957527e+02
2.550000000000000000e+02 2.414867963314358121e+02 1.718388941598144584e+02
2.550000000000000000e+02 2.416091872232763933e+02 1.717347538477756643e+02
2.550000000000000000e+02 2.418093242673413386e+02 1.720243648534682563e+02
2.550000000000000000e+02 2.417912713472485677e+02 1.719208834071262970e+02
2.550000000000000000e+02 2.419168116171199756e+02 1.718261516972380321e+02
2.550000000000000000e+02 2.421742304448661116e+02 1.719717741935483843e+02
2.550000000000000000e+02 2.422428183639046892e+02 1.718240037950664032e+02
2.550000000000000000e+02 2.420342478389205212e+02 1.712409998945814777e+02
2.550000000000000000e+02 2.414602176892262264e+02 1.707890180265654578e+02
2.550000000000000000e+02 2.409510594560404684e+02 1.705330223487244439e+02
2.550000000000000000e+02 2.404178262702930624e+02 1.701336443179422417e+02
2.550000000000000000e+02 2.401635963525195052e+02 1.698520978283786746e+02
2.550000000000000000e+02 2.402692652329749023e+02 1.699110267763019237e+02
2.550000000000000000e+02 2.405219270503900475e+02 1.703340580855998212e+02
2.550000000000000000e+02 2.406532916930212878e+02 1.705056267130508161e+02
2.550000000000000000e+02 2.407471800548176191e+02 1.703921305081172193e+02
2.550000000000000000e+02 2.410912528990090777e+02 1.709111058401855416e+02
2.550000000000000000e+02 2.414629849251528526e+02 1.713286685641998872e+02
2.550000000000000000e+02 2.415160236137465688e+02 1.713492647058823479e+02
2.550000000000000000e+02 2.414422833649588824e+02 1.712505666244992710e+02
2.550000000000000000e+02 2.414738825637782043e+02 1.712774219903014910e+02
2.550000000000000000e+02 2.414738166772085037e+02 1.712541376765759935e+02
2.550000000000000000e+02 2.413095614589921922e+02 1.709067441492726118e+02
2.550000000000000000e+02 2.413893500948766473e+02 1.710077350832806360e+02
2.550000000000000000e+02 2.416276749947290625e+02 1.713081383090870702e+02
2.550000000000000000e+02 2.418565517604891397e+02 1.716115064305292037e+02
2.550000000000000000e+02 2.419663187855787498e+02 1.716814516129032313e+02
2.550000000000000000e+02 2.421059192494201966e+02 1.717942494201981845e+02
2.550000000000000000e+02 2.423083623234240065e+02 1.720386490617752600e+02
2.550000000000000000e+02 2.425187776723592776e+02 1.721691440016867034e+02
2.550000000000000000e+02 2.426780913978494709e+02 1.722164505587181225e+02
2.550000000000000000e+02 2.428241355682057758e+02 1.720597722960151827e+02
2.550000000000000000e+02 2.431012017710309863e+02 1.722353204722749354e+02
2.550000000000000000e+02 2.431815702087286581e+02 1.721820577693442829e+02
2.550000000000000000e+02 2.431801207041956445e+02 1.721740459624710127e+02
2.550000000000000000e+02 2.432167141049968393e+02 1.722264916719375947e+02
2.550000000000000000e+02 2.433964790217162033e+02 1.724407416192283335e+02
2.550000000000000000e+02 2.436049177735610272e+02 1.727187961205987676e+02
2.550000000000000000e+02 2.436372680792747190e+02 1.726081198608475518e+02
2.550000000000000000e+02 2.435613667510014864e+02 1.726384672148429331e+02
2.550000000000000000e+02 2.436785921357790414e+02 1.728231077377187432e+02
2.550000000000000000e+02 2.437639284208306947e+02 1.730194760699978929e+02
2.550000000000000000e+02 2.433136464263124594e+02 1.725090001054185223e+02
2.550000000000000000e+02 2.424496890153911011e+02 1.716188593717056676e+02
2.550000000000000000e+02 2.419752266497997084e+02 1.712274272612270636e+02
2.550000000000000000e+02 2.418349014336917548e+02 1.711127319207252810e+02
2.550000000000000000e+02 2.417199030149694181e+02 1.711332094665823433e+02
2.550000000000000000e+02 2.417808876238667608e+02 1.712219850305713749e+02
2.550000000000000000e+02 2.420763361796331310e+02 1.716580882352941160e+02
2.550000000000000000e+02 2.422301944971536898e+02 1.718063593717056676e+02
2.550000000000000000e+02 2.422569180898165655e+02 1.717840238245835849e+02
2.550000000000000000e+02 2.423862929580434411e+02 1.718920777988614930e+02
2.550000000000000000e+02 2.424808665401644419e+02 1.719053341766814356e+02
2.550000000000000000e+02 2.425711970271979681e+02 1.718285367910605146e+02
2.550000000000000000e+02 2.425245229812354921e+02 1.718216318785578665e+02
2.550000000000000000e+02 2.424533259540375241e+02 1.718343216318785664e+02
2.550000000000000000e+02 2.424145055871811110e+02 1.719161263967952777e+02
2.550000000000000000e+02 2.425124525616698179e+02 1.720670198186801656e+02
2.550000000000000000e+02 2.424679132405650535e+02 1.719660025300442783e+02
2.550000000000000000e+02 2.423913794012228493e+02 1.715574399114484550e+02
2.550000000000000000e+02 2.425931767868437703e+02 1.717228020240354169e+02
2.550000000000000000e+02 2.430458834071262970e+02 1.722015206620282584e+02
2.550000000000000000e+02 2.431424862955934998e+02 1.721111769976807864e+02
2.550000000000000000e+02 2.430908048703352335e+02 1.716580882352941160e+02
2.550000000000000000e+02 2.432874235715791826e+02 1.719473829854522364e+02
2.550000000000000000e+02 2.435470298334387564e+02 1.724904332700822351e+02
2.550000000000000000e+02 2.436146426312460562e+02 1.725394397006114389e+02
2.550000000000000000e+02 2.435666244992620761e+02 1.724531414716424251e+02
2.550000000000000000e+02 2.436590106472696675e+02 1.725216503267973849e+02
2.550000000000000000e+02 2.436882247522665068e+02 1.724532600674678520e+02
2.550000000000000000e+02 2.436627398271136542e+02 1.721917694497153661e+02
2.550000000000000000e+02 2.436076718321737360e+02 1.721620414294750105e+02
2.550000000000000000e+02 2.436086074214632049e+02 1.720976043643263722e+02
2.550000000000000000e+02 2.436564015391102771e+02 1.720994491882774753e+02
2.550000000000000000e+02 2.437425152856841635e+02 1.721663108791903767e+02
2.550000000000000000e+02 2.436584440227703965e+02 1.720391497997048305e+02
2.550000000000000000e+02 2.434119755429053384e+02 1.718597274931478012e+02
2.550000000000000000e+02 2.429432321315622971e+02 1.716107553236348338e+02
2.550000000000000000e+02 2.422225384777567001e+02 1.710612613324899769e+02
2.550000000000000000e+02 2.416607500527092611e+02 1.703029859793379615e+02
2.550000000000000000e+02 2.414668590554501293e+02 1.700513256377819857e+02
2.550000000000000000e+02 2.415230602993885611e+02 1.701098460889732280e+02
2.550000000000000000e+02 2.416537265443811862e+02 1.703570788530466018e+02
2.550000000000000000e+02 2.416534893527303325e+02 1.703831304026987254e+02
2.550000000000000000e+02 2.416859977862112601e+02 1.704380929791271342e+02
2.550000000000000000e+02 2.418426365169723908e+02 1.706102545857052633e+02
2.550000000000000000e+02 2.420084466582331970e+02 1.706638071895424957e+02
2.550000000000000000e+02 2.421889758591608768e+02 1.709726438962681812e+02
2.550000000000000000e+02 2.422547965422728282e+02 1.711849567784102817e+02
2.550000000000000000e+02 2.421990037950664032e+02 1.712005060088551431e+02
2.550000000000000000e+02 2.422150010541851088e+02 1.712783575795909883e+02
2.550000000000000000e+02 2.421954063883617891e+02 1.712775669407548094e+02
2.550000000000000000e+02 2.422282837866329430e+02 1.714004981024667984e+02
2.550000000000000000e+02 2.422137096774193594e+02 1.712579063883617891e+02
2.550000000000000000e+02 2.423733001265022153e+02 1.714367620704195758e+02
2.550000000000000000e+02 2.424514415981446405e+02 1.713698608475648371e+02
2.550000000000000000e+02 2.425284102888467146e+02 1.712013625342610226e+02
2.550000000000000000e+02 2.425956014126080618e+02 1.710854812355049432e+02
2.550000000000000000e+02 2.426610926628715958e+02 1.711931925996204882e+02
2.550000000000000000e+02 2.427526881720430083e+02 1.713157547965422793e+02
2.550000000000000000e+02 2.427302076744676356e+02 1.712038662239089319e+02
2.550000000000000000e+02 2.428031704617330888e+02 1.711378742357157989e+02
2.550000000000000000e+02 2.428450743200505997e+02 1.711596563356525280e+02
2.550000000000000000e+02 2.429467504743832933e+02 1.712721905966687643e+02
2.550000000000000000e+02 2.430176312460468182e+02 1.712125237191650911e+02
2.550000000000000000e+02 2.431212049335863412e+02 1.712540059034366493e+02
2.550000000000000000e+02 2.433773850938224825e+02 1.715664136622390856e+02
2.550000000000000000e+02 2.434602967531098443e+02 1.716469270503900475e+02
2.550000000000000000e+02 2.434353784524562627e+02 1.713632326586548515e+02
2.550000000000000000e+02 2.435201217583807818e+02 1.714206330381614976e+02
2.550000000000000000e+02 2.437587497364537228e+02 1.717369808138309111e+02
2.550000000000000000e+02 2.437323687539531818e+02 1.716724119755429001e+02
2.550000000000000000e+02 2.429854390681003622e+02 1.707216555977229575e+02
2.550000000000000000e+02 2.422688172043010866e+02 1.700028331224962983e+02
2.550000000000000000e+02 2.419500052709255726e+02 1.697873313303816190e+02
2.550000000000000000e+02 2.417086364115538686e+02 1.696850885515496543e+02
2.550000000000000000e+02 2.415377925363693805e+02 1.694613772928526316e+02
2.550000000000000000e+02 2.416894634197765015e+02 1.695756509593084616e+02
2.550000000000000000e+02 2.419134645793801326e+02 1.699504664769133342e+02
2.550000000000000000e+02 2.421070920303605192e+02 1.700020556609740652e+02
2.550000000000000000e+02 2.422179791271347256e+02 1.698824715370018907e+02
2.550000000000000000e+02 2.424411501159603688e+02 1.699610478600042143e+02
2.550000000000000000e+02 2.426440016866961855e+02 1.701603152013493627e+02
2.550000000000000000e+02 2.425334044908285875e+02 1.700309139784946240e+02
2.550000000000000000e+02 2.424731051022559427e+02 1.699223197343453649e+02
2.550000000000000000e+02 2.424957700822264428e+02 1.701228257432005080e+02
2.550000000000000000e+02 2.425171568627451109e+02 1.702112455197132590e+02
2.550000000000000000e+02 2.424480945604047974e+02 1.700996995572422463e+02
2.550000000000000000e+02 2.425154833438751893e+02 1.701896479021716289e+02
2.550000000000000000e+02 2.427352414083913175e+02 1.704974040691545554e+02
2.550000000000000000e+02 2.428952008222643997e+02 1.707865011596036311e+02
2.550000000000000000e+02 2.428939226228125676e+02 1.707105471220746438e+02
2.550000000000000000e+02 2.429811300864431871e+02 1.708076639257853628e+02
2.550000000000000000e+02 2.432020213999578289e+02 1.710433665401644419e+02
2.550000000000000000e+02 2.432904411764705799e+02 1.709910789584650956e+02
2.550000000000000000e+02 2.433209993674889233e+02 1.709622865275142374e+02
2.550000000000000000e+02 2.434645398481973473e+02 1.712131166982922252e+02
2.550000000000000000e+02 2.436990828589500211e+02 1.714741856419987300e+02
2.550000000000000000e+02 2.436456093189964065e+02 1.713179158760278256e+02
2.550000000000000000e+02 2.434955328905755891e+02 1.713375368964790084e+02
2.550000000000000000e+02 2.431832305502846339e+02 1.712321315623023281e+02
2.550000000000000000e+02 2.428928420830697803e+02 1.711321289268395560e+02
2.550000000000000000e+02 2.425269344296858662e+02 1.706888572633354499e+02
2.550000000000000000e+02 2.423996942863166737e+02 1.706814252582753397e+02
2.550000000000000000e+02 2.425052050390048350e+02 1.707209176681425333e+02
2.550000000000000000e+02 2.426899641577061004e+02 1.708352308665401722e+02
2.550000000000000000e+02 2.428124604680581911e+02 1.708303816150115892e+02
2.550000000000000000e+02 2.431151697238034899e+02 1.709925152856841635e+02
2.550000000000000000e+02 2.434016445287792578e+02 1.713459835547122054e+02
2.550000000000000000e+02 2.434724725911869996e+02 1.711357790427999248e+02
2.550000000000000000e+02 2.434056109002740982e+02 1.709519818680160199e+02
2.550000000000000000e+02 2.433097064094455106e+02 1.708792826270293119e+02
2.550000000000000000e+02 2.431812539531941866e+02 1.707808744465528150e+02
2.550000000000000000e+02 2.429483317520556511e+02 1.705116751001475848e+02
2.550000000000000000e+02 2.428621916508539016e+02 1.703760541851148957e+02
2.550000000000000000e+02 2.428902197975964441e+02 1.703538899430739946e+02
2.550000000000000000e+02 2.429900906599198720e+02 1.705888282732447863e+02
2.550000000000000000e+02 2.429708122496310239e+02 1.706063277461522318e+02
2.550000000000000000e+02 2.430232316044697427e+02 1.705587708201560133e+02
2.550000000000000000e+02 2.432368622180054842e+02 1.709864537212734490e+02
2.550000000000000000e+02 2.433331488509382154e+02 1.712317757748260476e+02
2.550000000000000000e+02 2.433377740881298621e+02 1.712708201560193970e+02
2.550000000000000000e+02 2.434363403963735948e+02 1.712563251106894313e+02
2.550000000000000000e+02 2.435853758169934622e+02 1.715405334176681436e+02
2.550000000000000000e+02 2.437083992199030149e+02 1.717730734767025069e+02
2.550000000000000000e+02 2.437092952772506749e+02 1.717373102466793284e+02
2.550000000000000000e+02 2.438123286949188184e+02 1.718662370862323314e+02
2.550000000000000000e+02 2.438164268395530314e+02 1.718719955724225201e+02
2.550000000000000000e+02 2.438865169723803490e+02 1.718500289900906637e+02
2.550000000000000000e+02 2.438414242040902309e+02 1.719291324056504209e+02
2.550000000000000000e+02 2.439100121231288085e+02 1.721187275985662950e+02
2.550000000000000000e+02 2.439589658444022859e+02 1.722645741092135836e+02
2.550000000000000000e+02 2.439697844191439913e+02 1.722432795698924792e+02
2.550000000000000000e+02 2.440240354206198674e+02 1.722645741092135836e+02
2.550000000000000000e+02 2.441106630824372701e+02 1.723817599620493297e+02
2.550000000000000000e+02 2.442781730971958609e+02 1.727266102677630215e+02
2.550000000000000000e+02 2.442854469744887069e+02 1.727779359055450072e+02
2.550000000000000000e+02 2.440655966687750436e+02 1.726053658022348714e+02
2.550000000000000000e+02 2.432887544802867410e+02 1.719226096352519448e+02
2.550000000000000000e+02 2.425827008222643997e+02 1.713487507906388316e+02
2.550000000000000000e+02 2.419746600253004374e+02 1.706053526249209256e+02
2.550000000000000000e+02 2.417539663714948404e+02 1.703545619860847466e+02
2.550000000000000000e+02 2.417533470377398146e+02 1.703810352097828513e+02
2.550000000000000000e+02 2.419149667931688725e+02 1.707060668353362871e+02
2.550000000000000000e+02 2.419561590765338508e+02 1.706964342188488217e+02
2.550000000000000000e+02 2.420321790006325102e+02 1.706724383301707917e+02
2.550000000000000000e+02 2.421555186590765345e+02 1.708993648534682563e+02
2.550000000000000000e+02 2.422554685852835803e+02 1.710131773139363247e+02
2.550000000000000000e+02 2.422988351254480222e+02 1.709819207252793660e+02
2.550000000000000000e+02 2.422788056082648041e+02 1.708840791693021401e+02
2.550000000000000000e+02 2.422686722538477682e+02 1.707832990723171065e+02
2.550000000000000000e+02 2.421900827535315273e+02 1.706201902804132544e+02
2.550000000000000000e+02 2.420553842504743898e+02 1.705203457727176897e+02
2.550000000000000000e+02 2.419560141260805324e+02 1.702786738351254598e+02
2.550000000000000000e+02 2.420957990723171065e+02 1.706450822264389728e+02
2.550000000000000000e+02 2.422701744676365081e+02 1.709554606788952071e+02
2.550000000000000000e+02 2.423474989458148912e+02 1.710788794012228493e+02
2.550000000000000000e+02 2.424277356103731904e+02 1.712544539321104651e+02
2.550000000000000000e+02 2.427153041324056630e+02 1.716273060299388646e+02
2.550000000000000000e+02 2.429599014336917548e+02 1.717416587602783125e+02
2.550000000000000000e+02 2.429130824372759889e+02 1.715618543116171111e+02
2.550000000000000000e+02 2.429847406704617470e+02 1.714919618384988382e+02
2.550000000000000000e+02 2.431343558928948028e+02 1.714530624077588072e+02
2.550000000000000000e+02 2.433209598355471144e+02 1.716632932742989794e+02
2.550000000000000000e+02 2.432948951085810734e+02 1.715138757115749399e+02
2.550000000000000000e+02 2.433387492093611684e+02 1.716030334176681436e+02
2.550000000000000000e+02 2.435327588024456986e+02 1.718249657389837637e+02
2.550000000000000000e+02 2.436840343664347586e+02 1.720740960362639669e+02
2.550000000000000000e+02 2.434026987138941536e+02 1.718174019607843093e+02
2.550000000000000000e+02 2.426873814041745732e+02 1.710249051233396642e+02
2.550000000000000000e+02 2.422513309087075584e+02 1.708373392367699637e+02
2.550000000000000000e+02 2.419546700400590282e+02 1.709215290955091575e+02
2.550000000000000000e+02 2.417734556188066506e+02 1.710815543959519403e+02
2.550000000000000000e+02 2.419132405650432247e+02 1.714117383512544848e+02
2.550000000000000000e+02 2.421003057136833263e+02 1.718457068311195428e+02
2.550000000000000000e+02 2.420831752055661070e+02 1.717365854944128216e+02
2.550000000000000000e+02 2.422015601939700673e+02 1.718621257642842011e+02
2.550000000000000000e+02 2.423663293274298951e+02 1.721538846721484219e+02
2.550000000000000000e+02 2.425337075690491133e+02 1.723154780729496167e+02
2.550000000000000000e+02 2.425419038583175109e+02 1.722444391735188560e+02
2.550000000000000000e+02 2.425533154121863788e+02 1.721039031203879404e+02
2.550000000000000000e+02 2.425334572000843423e+02 1.719802603837233903e+02
2.550000000000000000e+02 2.425288846721484219e+02 1.720108976386253516e+02
2.550000000000000000e+02 2.424974699557242275e+02 1.719823555766392644e+02
2.550000000000000000e+02 2.425009619439173605e+02 1.720115960362639669e+02
2.550000000000000000e+02 2.424546041534893561e+02 1.718858317520556511e+02
2.550000000000000000e+02 2.426553868859371619e+02 1.721009382247522694e+02
2.550000000000000000e+02 2.428755270925574621e+02 1.724932400379506703e+02
2.550000000000000000e+02 2.430835705249841965e+02 1.727584861901750060e+02
2.550000000000000000e+02 2.433061090027408682e+02 1.729259566729917879e+02
2.550000000000000000e+02 2.435266577060932036e+02 1.729643817204301115e+02
2.550000000000000000e+02 2.436428816150115892e+02 1.729522981235504915e+02
2.550000000000000000e+02 2.436173439806029819e+02 1.726487191650853958e+02
2.550000000000000000e+02 2.436094375922411928e+02 1.724848329116592822e+02
2.550000000000000000e+02 2.436464921990301491e+02 1.727116013071895395e+02
2.550000000000000000e+02 2.436648877292852546e+02 1.729415059034366493e+02
2.550000000000000000e+02 2.436146689858739194e+02 1.728188119333755139e+02
2.550000000000000000e+02 2.435322448872021823e+02 1.725697079907231739e+02
2.550000000000000000e+02 2.435297939068100277e+02 1.724558955302551055e+02
2.550000000000000000e+02 2.435632379295804242e+02 1.721220878136200838e+02
2.550000000000000000e+02 2.434348118279569917e+02 1.717460336285051596e+02
2.550000000000000000e+02 2.427369544592030479e+02 1.706621204933586284e+02
2.550000000000000000e+02 2.420112402487876864e+02 1.699073371283997460e+02
2.550000000000000000e+02 2.414360900274088237e+02 1.693602018764495085e+02
2.550000000000000000e+02 2.413294196710942572e+02 1.692753267973856168e+02
2.550000000000000000e+02 2.412780281467425709e+02 1.691618701243938574e+02
2.550000000000000000e+02 2.414375790638836179e+02 1.694002345561880531e+02
2.550000000000000000e+02 2.416754559350621889e+02 1.697625052709255726e+02
2.550000000000000000e+02 2.417663925785367951e+02 1.697886885937170689e+02
2.550000000000000000e+02 2.419377767235926626e+02 1.698124209361163821e+02
2.550000000000000000e+02 2.422147638625342552e+02 1.700046515918195098e+02
2.550000000000000000e+02 2.424837391946025775e+02 1.703820630402698839e+02
2.550000000000000000e+02 2.425070893948977471e+02 1.704811827956989134e+02
2.550000000000000000e+02 2.424845693653805654e+02 1.704873629559350547e+02
2.550000000000000000e+02 2.425904227282310899e+02 1.709214763862534312e+02
2.550000000000000000e+02 2.426640180265654578e+02 1.712162792536369409e+02
2.550000000000000000e+02 2.426269238878346926e+02 1.711871573898376653e+02
2.550000000000000000e+02 2.427402356103731904e+02 1.714094982078852922e+02
2.550000000000000000e+02 2.430026091081593904e+02 1.719475938224752269e+02
2.550000000000000000e+02 2.431903462998102441e+02 1.721299151380982551e+02
2.550000000000000000e+02 2.432198371283997460e+02 1.720071948134092281e+02
2.550000000000000000e+02 2.432156072106261888e+02 1.719287239089184141e+02
2.550000000000000000e+02 2.432827324478178355e+02 1.718084413873076244e+02
2.550000000000000000e+02 2.433439015391102771e+02 1.718016550706304031e+02
2.550000000000000000e+02 2.434633670672569963e+02 1.718252688172042895e+02
2.550000000000000000e+02 2.435323371283997460e+02 1.719074293695973097e+02
2.550000000000000000e+02 2.436166851149061756e+02 1.719786263967952777e+02
2.550000000000000000e+02 2.435897111532785289e+02 1.718205645161290249e+02
2.550000000000000000e+02 2.437495915032679648e+02 1.718429264178789708e+02
2.550000000000000000e+02 2.438012070419565589e+02 1.718839342188488217e+02
2.550000000000000000e+02 2.438080724225173981e+02 1.717577219059666902e+02
2.550000000000000000e+02 2.437234081804764969e+02 1.714365117014547764e+02
2.550000000000000000e+02 2.436563883617963313e+02 1.713118016023613848e+02
2.550000000000000000e+02 2.433442309719586660e+02 1.710684693232131508e+02
2.550000000000000000e+02 2.425805002108370161e+02 1.703676075268817272e+02
2.550000000000000000e+02 2.420430766392578619e+02 1.700398218427155825e+02
2.550000000000000000e+02 2.417678289057558629e+02 1.700028199451823809e+02
2.550000000000000000e+02 2.417737191650853958e+02 1.702983607421463148e+02
2.550000000000000000e+02 2.417669723803499835e+02 1.704927261227071540e+02
2.550000000000000000e+02 2.419220430107527022e+02 1.710279886148007620e+02
2.550000000000000000e+02 2.421822290744254644e+02 1.714509935694707963e+02
2.550000000000000000e+02 2.422260304659498331e+02 1.716496152224330558e+02
2.550000000000000000e+02 2.421758907864220873e+02 1.716651380982500541e+02
2.550000000000000000e+02 2.421703958465106439e+02 1.717868305924520484e+02
2.550000000000000000e+02 2.421559008011806782e+02 1.717901512755639999e+02
2.550000000000000000e+02 2.420302419354838719e+02 1.716496942863166737e+02
2.550000000000000000e+02 2.415896057347670194e+02 1.709404780729496167e+02
2.550000000000000000e+02 2.413048703352308735e+02 1.706125869702719910e+02
2.550000000000000000e+02 2.413573819312671276e+02 1.708310800126502329e+02
2.550000000000000000e+02 2.414562776723592776e+02 1.709729601518026527e+02
2.550000000000000000e+02 2.415662291798439867e+02 1.712718743411342928e+02
2.550000000000000000e+02 2.422267815728442031e+02 1.727549678473539814e+02
2.550000000000000000e+02 2.428359951507484595e+02 1.740265918195235031e+02
2.550000000000000000e+02 2.429991566519080664e+02 1.742865143369175769e+02
2.550000000000000000e+02 2.429168247944338930e+02 1.740687987560615682e+02
2.550000000000000000e+02 2.429563435589289497e+02 1.739585309930423875e+02
2.550000000000000000e+02 2.430960362639679602e+02 1.740747417246468558e+02
2.550000000000000000e+02 2.430608660130718874e+02 1.740242199030149663e+02
2.550000000000000000e+02 2.429543801391524482e+02 1.739019080750579747e+02
2.550000000000000000e+02 2.429228204722749354e+02 1.736224172464684727e+02
2.550000000000000000e+02 2.425956672991777339e+02 1.728852124183006538e+02
2.550000000000000000e+02 2.417151987138941536e+02 1.715958122496310239e+02
2.550000000000000000e+02 2.408718506219692301e+02 1.704004717478389068e+02
2.550000000000000000e+02 2.406362138941598232e+02 1.697595140206620385e+02
2.550000000000000000e+02 2.407627951718321810e+02 1.698313435589289497e+02
2.550000000000000000e+02 2.404624314779675274e+02 1.697492488931056300e+02
2.550000000000000000e+02 2.398207753531520154e+02 1.693924862955934998e+02
2.550000000000000000e+02 2.394209361163820233e+02 1.691987797807294953e+02
2.550000000000000000e+02 2.392835626185958233e+02 1.693042510014758477e+02
2.550000000000000000e+02 2.392266893316466394e+02 1.695098039215686185e+02
2.550000000000000000e+02 2.393534287370862330e+02 1.698482632300231785e+02
2.550000000000000000e+02 2.396412871600253141e+02 1.703847512123128922e+02
2.550000000000000000e+02 2.398678842504743898e+02 1.707393922622812568e+02
2.550000000000000000e+02 2.397719797596458022e+02 1.705312829432848503e+02
2.550000000000000000e+02 2.396567046173308029e+02 1.701887386675100231e+02
2.550000000000000000e+02 2.396385331014126052e+02 1.699096036263968017e+02
2.550000000000000000e+02 2.395093954248366117e+02 1.698233844613114059e+02
2.550000000000000000e+02 2.392104548808770801e+02 1.693446131140628381e+02
2.550000000000000000e+02 2.390243648534682563e+02 1.690913583175205588e+02
2.550000000000000000e+02 2.391070656757326560e+02 1.694546963946869198e+02
2.550000000000000000e+02 2.393328721273455528e+02 1.699279464473961525e+02
2.550000000000000000e+02 2.393510699978916421e+02 1.698850674678473638e+02
2.550000000000000000e+02 2.394903146742568083e+02 1.700037950664136588e+02
2.550000000000000000e+02 2.399922253847775551e+02 1.707539927261227035e+02
2.550000000000000000e+02 2.404756219692177979e+02 1.708735900274088237e+02
2.550000000000000000e+02 2.405994096563356663e+02 1.706689726966055218e+02
2.550000000000000000e+02 2.407444128188909929e+02 1.707043274298966935e+02
2.550000000000000000e+02 2.410384250474383236e+02 1.707240143369175769e+02
2.550000000000000000e+02 2.413662502635462772e+02 1.711070261437908471e+02
2.550000000000000000e+02 2.415160367910605146e+02 1.712694628926839471e+02
2.550000000000000000e+02 2.416598539953615727e+02 1.714421384145055924e+02
2.550000000000000000e+02 2.419844375922411928e+02 1.718615591397849585e+02
2.550000000000000000e+02 2.422916139574109309e+02 1.721733212102045059e+02
2.550000000000000000e+02 2.422311827956989134e+02 1.720556873286949155e+02
2.550000000000000000e+02 2.423959651064726870e+02 1.725715659919881944e+02
2.550000000000000000e+02 2.427404991566519072e+02 1.731781704617330888e+02
2.550000000000000000e+02 2.428211047860004328e+02 1.735156810035842341e+02
2.550000000000000000e+02 2.424441281889099855e+02 1.732393527303394478e+02
2.550000000000000000e+02 2.417646399957832557e+02 1.724829749103942618e+02
2.550000000000000000e+02 2.414872575374235737e+02 1.723228705460678896e+02
2.550000000000000000e+02 2.413739194602572127e+02 1.722128267973856168e+02
2.550000000000000000e+02 2.411892262281256478e+02 1.720165243516761677e+02
2.550000000000000000e+02 2.412267552182163115e+02 1.719703642209572081e+02
2.550000000000000000e+02 2.414812750368964771e+02 1.722519107105207752e+02
2.550000000000000000e+02 2.417225121231288085e+02 1.726258038161501247e+02
2.550000000000000000e+02 2.417636385199240863e+02 1.726088446131140586e+02
2.550000000000000000e+02 2.420173808770820187e+02 1.729696921779464560e+02
2.550000000000000000e+02 2.423737876871178685e+02 1.736137465738983678e+02
2.550000000000000000e+02 2.425212945393211044e+02 1.737828905755850712e+02
2.550000000000000000e+02 2.423655123339658530e+02 1.736306398903647619e+02
2.550000000000000000e+02 2.422946447396162739e+02 1.733643659076533936e+02
2.550000000000000000e+02 2.423549441281889187e+02 1.736678130929791166e+02
2.550000000000000000e+02 2.423651697238034899e+02 1.736875131773139458e+02
2.550000000000000000e+02 2.422602255956145996e+02 1.735121231288214290e+02
2.550000000000000000e+02 2.423467741935483843e+02 1.735366856419987300e+02
2.550000000000000000e+02 2.425161553868859414e+02 1.738627978072949531e+02
2.550000000000000000e+02 2.426586943917351959e+02 1.740470693653805654e+02
2.550000000000000000e+02 2.425938488298545224e+02 1.737971352519502375e+02
2.550000000000000000e+02 2.427112982289690137e+02 1.738463656968163491e+02
2.550000000000000000e+02 2.428757379295804242e+02 1.738298545224541556e+02
2.550000000000000000e+02 2.429492541640312027e+02 1.737381931267130426e+02
2.550000000000000000e+02 2.428926839553025445e+02 1.734445366856419923e+02
2.550000000000000000e+02 2.429381983976386152e+02 1.733347301286105733e+02
2.550000000000000000e+02 2.430985135989879780e+02 1.736019660552393020e+02
2.550000000000000000e+02 2.432152646004638541e+02 1.736787634408602230e+02
2.550000000000000000e+02 2.432216819523508207e+02 1.735887887413029773e+02
2.550000000000000000e+02 2.431935615644107145e+02 1.735076164874552092e+02
2.550000000000000000e+02 2.431238799283154037e+02 1.736272533206831099e+02
2.550000000000000000e+02 2.426358712839974601e+02 1.733323450347881192e+02
2.550000000000000000e+02 2.419965870756904849e+02 1.725628162555344716e+02
2.550000000000000000e+02 2.417431214421252434e+02 1.721847327640733738e+02
2.550000000000000000e+02 2.417396821631878652e+02 1.721820050600885565e+02
2.550000000000000000e+02 2.417383776091081700e+02 1.721927050390048350e+02
2.550000000000000000e+02 2.417946447396162739e+02 1.720258538899430789e+02
2.550000000000000000e+02 2.418271795277250646e+02 1.721242225384777669e+02
2.550000000000000000e+02 2.419917378241619303e+02 1.723689252582753397e+02
2.550000000000000000e+02 2.422386938646426415e+02 1.727188751844823855e+02
2.550000000000000000e+02 2.423878610584018531e+02 1.729008275353151873e+02
2.550000000000000000e+02 2.423456409445498707e+02 1.727049862955934998e+02
2.550000000000000000e+02 2.423401196500105357e+02 1.727406704617330888e+02
2.550000000000000000e+02 2.422769607843137294e+02 1.726979232553236443e+02
2.550000000000000000e+02 2.421469665823318564e+02 1.726760093822475142e+02
2.550000000000000000e+02 2.419900511279780631e+02 1.724628531520134800e+02
2.550000000000000000e+02 2.420369360109635295e+02 1.724432453088762429e+02
2.550000000000000000e+02 2.421411158549441325e+02 1.725559376976597150e+02
2.550000000000000000e+02 2.422404991566519072e+02 1.724691650853889939e+02
2.550000000000000000e+02 2.422696869070208834e+02 1.725269344296858662e+02
2.550000000000000000e+02 2.423687671305081039e+02 1.725681530676786792e+02
2.550000000000000000e+02 2.425703009698503081e+02 1.728453378663293165e+02
2.550000000000000000e+02 2.426753768711785710e+02 1.729327429896689807e+02
2.550000000000000000e+02 2.427271505376344010e+02 1.730013309087075584e+02
2.550000000000000000e+02 2.428247680792747190e+02 1.731687618595825313e+02
2.550000000000000000e+02 2.430350384777567001e+02 1.734184587813620055e+02
2.550000000000000000e+02 2.430166561248155119e+02 1.733780571368332346e+02
2.550000000000000000e+02 2.429818021294539392e+02 1.730560431161711961e+02
2.550000000000000000e+02 2.429474093400801280e+02 1.730737929580434411e+02
2.550000000000000000e+02 2.427942625975121302e+02 1.730110557663925874e+02
2.550000000000000000e+02 2.423043168880455482e+02 1.724908417668142420e+02
2.550000000000000000e+02 2.417427524773350171e+02 1.720350648323845633e+02
2.550000000000000000e+02 2.415399799704828183e+02 1.717533075057980056e+02
2.550000000000000000e+02 2.416042589078642209e+02 1.718886648745519778e+02
2.550000000000000000e+02 2.417222222222222285e+02 1.719405834914610978e+02
2.550000000000000000e+02 2.417541244992620761e+02 1.718961232342399228e+02
2.550000000000000000e+02 2.420417852624920840e+02 1.720917931688804572e+02
2.550000000000000000e+02 2.425098039215686185e+02 1.728764626818469310e+02
2.550000000000000000e+02 2.427594217794644749e+02 1.732517657600674568e+02
2.550000000000000000e+02 2.427151723592662904e+02 1.730938224752266592e+02
2.550000000000000000e+02 2.426327219059666902e+02 1.728662502635462772e+02
2.550000000000000000e+02 2.425616566519080664e+02 1.728359029095509243e+02
2.550000000000000000e+02 2.424098803499894643e+02 1.724860584018553595e+02
2.550000000000000000e+02 2.423199056504322186e+02 1.722509882985452236e+02
2.550000000000000000e+02 2.423690043221589576e+02 1.722976228125658906e+02
2.550000000000000000e+02 2.423313962681847045e+02 1.721924151380982551e+02
2.550000000000000000e+02 2.423367462576428295e+02 1.720615117014547764e+02
2.550000000000000000e+02 2.423413846721484219e+02 1.721019265232974931e+02
2.550000000000000000e+02 2.422664321104786040e+02 1.720516814252582662e+02
2.550000000000000000e+02 2.422041561248155119e+02 1.719989853468269132e+02
2.550000000000000000e+02 2.423785710520767509e+02 1.724020398481973473e+02
2.550000000000000000e+02 2.423464447606999670e+02 1.722733238456673064e+02
2.550000000000000000e+02 2.421274509803921546e+02 1.714765970904490757e+02
2.550000000000000000e+02 2.422877530044275716e+02 1.715231261859582617e+02
2.550000000000000000e+02 2.424170092768290203e+02 1.717348065570314191e+02
2.550000000000000000e+02 2.423849620493358543e+02 1.715794987349778751e+02
2.550000000000000000e+02 2.423670804343242651e+02 1.713350200295171817e+02
2.550000000000000000e+02 2.423812724014337050e+02 1.714280650432215793e+02
2.550000000000000000e+02 2.423698740248787828e+02 1.714463156230233949e+02
2.550000000000000000e+02 2.423679633143580077e+02 1.714274325321526362e+02
2.550000000000000000e+02 2.424106578115116974e+02 1.715640944549863036e+02
2.550000000000000000e+02 2.423409102888467146e+02 1.715364616276618221e+02
2.550000000000000000e+02 2.417216292430950944e+02 1.711914927261227035e+02
2.550000000000000000e+02 2.408655123339658530e+02 1.706119808138309111e+02
2.550000000000000000e+02 2.404297780940333098e+02 1.703522691334598278e+02
2.550000000000000000e+02 2.403237666034155495e+02 1.703304211469533982e+02
2.550000000000000000e+02 2.402931557031414798e+02 1.703335968796120596e+02
2.550000000000000000e+02 2.404630376344086073e+02 1.705970904490828559e+02
2.550000000000000000e+02 2.407317230655703213e+02 1.708688989036474766e+02
2.550000000000000000e+02 2.409369070208728658e+02 1.711005033733923710e+02
2.550000000000000000e+02 2.411940095930845587e+02 1.714097881087919006e+02
2.550000000000000000e+02 2.413270741092135836e+02 1.715224409656335638e+02
2.550000000000000000e+02 2.414546963946869198e+02 1.717497496310352005e+02
2.550000000000000000e+02 2.415887360320472226e+02 1.720271716213367199e+02
2.550000000000000000e+02 2.417091503267973849e+02 1.722716503267973849e+02
2.550000000000000000e+02 2.416093717056715207e+02 1.722157785157073704e+02
2.550000000000000000e+02 2.415566097406704671e+02 1.720835178157284417e+02
2.550000000000000000e+02 2.416480602993885611e+02 1.720081040480708339e+02
2.550000000000000000e+02 2.418750263546278632e+02 1.719564358001265134e+02
2.550000000000000000e+02 2.421043906810035935e+02 1.720004480286738442e+02
2.550000000000000000e+02 2.423295514442336014e+02 1.721095693653805654e+02
2.550000000000000000e+02 2.427031941808981799e+02 1.724507959097617515e+02
2.550000000000000000e+02 2.430402830487033441e+02 1.729628663293274258e+02
2.550000000000000000e+02 2.433033285895003246e+02 1.733590554501370491e+02
2.550000000000000000e+02 2.435844929369597196e+02 1.737544934640522740e+02
2.550000000000000000e+02 2.438786632932742862e+02 1.739772164242041015e+02
2.550000000000000000e+02 2.439265628294328394e+02 1.740597459413873196e+02
2.550000000000000000e+02 2.441833623234240065e+02 1.740719876660341470e+02
2.550000000000000000e+02 2.443318442968585202e+02 1.741791192283365035e+02
2.550000000000000000e+02 2.444077456251317813e+02 1.741385594560404684e+02
2.550000000000000000e+02 2.445609977862112601e+02 1.743140285684166031e+02
2.550000000000000000e+02 2.446634777566940784e+02 1.743262044064937868e+02
2.550000000000000000e+02 2.445828984819734444e+02 1.742542299177735572e+02
2.550000000000000000e+02 2.442089526670883401e+02 1.738530465949820893e+02
2.550000000000000000e+02 2.435201481130086449e+02 1.732768817204301115e+02
2.550000000000000000e+02 2.430936379928315318e+02 1.729382379295804242e+02
2.550000000000000000e+02 2.427831014126080618e+02 1.727578141471642539e+02
2.550000000000000000e+02 2.426887386675100231e+02 1.725499683744465642e+02
2.550000000000000000e+02 2.427164769133459856e+02 1.725784577271768967e+02
2.550000000000000000e+02 2.428950822264389728e+02 1.728945683111954565e+02
2.550000000000000000e+02 2.430317441492726118e+02 1.731249604680581911e+02
2.550000000000000000e+02 2.430461601307189596e+02 1.729674520345772635e+02
2.550000000000000000e+02 2.432697791482184186e+02 1.733739194602572127e+02
2.550000000000000000e+02 2.435546726755218288e+02 1.739422965422728282e+02
2.550000000000000000e+02 2.436066835336285124e+02 1.741131667720851794e+02
2.550000000000000000e+02 2.434617330803289121e+02 1.738233053974277880e+02
2.550000000000000000e+02 2.433945156019397018e+02 1.738035657811511783e+02
2.550000000000000000e+02 2.433617963314358121e+02 1.734205671515918254e+02
2.550000000000000000e+02 2.433152540586126804e+02 1.731841661395741028e+02
2.550000000000000000e+02 2.433783865696816235e+02 1.731789083913135130e+02
2.550000000000000000e+02 2.435433533628505245e+02 1.731473223698081370e+02
2.550000000000000000e+02 2.436823344929369739e+02 1.732592372970693759e+02
2.550000000000000000e+02 2.436272664979970557e+02 1.731842452034577207e+02
2.550000000000000000e+02 2.437549678473539814e+02 1.732393527303394478e+02
2.550000000000000000e+02 2.439905650432215793e+02 1.736488904701665490e+02
2.550000000000000000e+02 2.440997786211258642e+02 1.737856182795698885e+02
2.550000000000000000e+02 2.441775511279780631e+02 1.737333043432426791e+02
2.550000000000000000e+02 2.442315122285473308e+02 1.736892394054395936e+02
2.550000000000000000e+02 2.442181109002740982e+02 1.734901829011174357e+02
2.550000000000000000e+02 2.437920883407126382e+02 1.729252846299810358e+02
2.550000000000000000e+02 2.430611295593506327e+02 1.721343690702087201e+02
2.550000000000000000e+02 2.424967979127134754e+02 1.715053236348302903e+02
2.550000000000000000e+02 2.422225384777567001e+02 1.712727835757958985e+02
2.550000000000000000e+02 2.422509487666034147e+02 1.714675179211469640e+02
2.550000000000000000e+02 2.424849910394265180e+02 1.718387755639890315e+02
2.550000000000000000e+02 2.426952482605945534e+02 1.720999894581488547e+02
2.550000000000000000e+02 2.430473724436010912e+02 1.725108712839974601e+02
2.550000000000000000e+02 2.434119755429053384e+02 1.730324425469112271e+02
2.550000000000000000e+02 2.436282547965422793e+02 1.730775484925152909e+02
2.550000000000000000e+02 2.437297201138519824e+02 1.730981841661395606e+02
2.550000000000000000e+02 2.437404991566519072e+02 1.731158022348724330e+02
2.550000000000000000e+02 2.436202693442968723e+02 1.731052076744676356e+02
2.550000000000000000e+02 2.434660420619860872e+02 1.729109081804764969e+02
2.550000000000000000e+02 2.433684772296015240e+02 1.727312486822686139e+02
2.550000000000000000e+02 2.433288662239089319e+02 1.726450954037528902e+02
2.550000000000000000e+02 2.433639178789795494e+02 1.726853257432005080e+02
2.550000000000000000e+02 2.435001844823950989e+02 1.729305292009276798e+02
2.550000000000000000e+02 2.436277804132405720e+02 1.729173255323634919e+02
2.550000000000000000e+02 2.437788583175205588e+02 1.729938857263335308e+02
2.550000000000000000e+02 2.439575163398692723e+02 1.731526064726966183e+02
2.550000000000000000e+02 2.441496283997470016e+02 1.734419802867383567e+02
2.550000000000000000e+02 2.442733633776091153e+02 1.736371099515074832e+02
2.550000000000000000e+02 2.443495941387307653e+02 1.735570709466582286e+02
2.550000000000000000e+02 2.444546568627451109e+02 1.736483633776091153e+02
2.550000000000000000e+02 2.445432084123972061e+02 1.736840607210626217e+02
2.550000000000000000e+02 2.447112455197132590e+02 1.739112244360109685e+02
2.550000000000000000e+02 2.447577482605945534e+02 1.739466714104996754e+02
2.550000000000000000e+02 2.448339658444022859e+02 1.740682848408180519e+02
2.550000000000000000e+02 2.449333755007379239e+02 1.741376633986928084e+02
2.550000000000000000e+02 2.449113166772085037e+02 1.740903963736031983e+02
2.550000000000000000e+02 2.450286343031836509e+02 1.741967504743832933e+02
2.550000000000000000e+02 2.452204564621547433e+02 1.746170013704406472e+02
2.550000000000000000e+02 2.453685826481130050e+02 1.746463604258907765e+02
2.550000000000000000e+02 2.455967083069787122e+02 1.748231340923466064e+02
2.550000000000000000e+02 2.457053025511279714e+02 1.748846062618595738e+02
2.550000000000000000e+02 2.457512913767657494e+02 1.749266550706304031e+02
2.550000000000000000e+02 2.459319128188909929e+02 1.750228231077377075e+02
2.550000000000000000e+02 2.462081488509382154e+02 1.754237560615644043e+02
2.550000000000000000e+02 2.462707410921357791e+02 1.755779042799915715e+02
2.550000000000000000e+02 2.462545857052498377e+02 1.754787054606788956e+02
2.550000000000000000e+02 2.464513361796331310e+02 1.756636358844613142e+02
2.550000000000000000e+02 2.464616013071895395e+02 1.757434904069154413e+02
2.550000000000000000e+02 2.458378795066413716e+02 1.749342056715159117e+02
2.550000000000000000e+02 2.447640206620282584e+02 1.737567863166772213e+02
2.550000000000000000e+02 2.438651697238034899e+02 1.728632326586548515e+02
2.550000000000000000e+02 2.431840080118068670e+02 1.720986717267552137e+02
2.550000000000000000e+02 2.428237138941598232e+02 1.715878795066413716e+02
2.550000000000000000e+02 2.428150432215897183e+02 1.716932453088762429e+02
2.550000000000000000e+02 2.429344165085389022e+02 1.720334176681425333e+02
2.550000000000000000e+02 2.429623524140839095e+02 1.721645846510647289e+02
2.550000000000000000e+02 2.429159419144001788e+02 1.721753900484925168e+02
2.550000000000000000e+02 2.428630481762597526e+02 1.721627398271136542e+02
2.550000000000000000e+02 2.428810615644107145e+02 1.721869070208728658e+02
2.550000000000000000e+02 2.429932136833227787e+02 1.722915480708412304e+02
2.550000000000000000e+02 2.430045066413662198e+02 1.723571842715580829e+02
2.550000000000000000e+02 2.428361401012017780e+02 1.721298624288425003e+02
2.550000000000000000e+02 2.427249894581488547e+02 1.720069576217583744e+02
2.550000000000000000e+02 2.427305371073160529e+02 1.719244676365169653e+02
2.550000000000000000e+02 2.428030650432215793e+02 1.719515601939700673e+02
2.550000000000000000e+02 2.427826270293063544e+02 1.718698740248787828e+02
2.550000000000000000e+02 2.429666877503689761e+02 1.720235346826902685e+02
2.550000000000000000e+02 2.432486822686063590e+02 1.722520688382880110e+02
2.550000000000000000e+02 2.433525326797385731e+02 1.721317204301075208e+02
2.550000000000000000e+02 2.435216371494834391e+02 1.722630191861690889e+02
2.550000000000000000e+02 2.437905465949820893e+02 1.724174968374446451e+02
2.550000000000000000e+02 2.438390259329538310e+02 1.724458280624077702e+02
2.550000000000000000e+02 2.437497891629770095e+02 1.721008064516128968e+02
2.550000000000000000e+02 2.438101412608054090e+02 1.723886648745519778e+02
2.550000000000000000e+02 2.438857790427999248e+02 1.726546753109846009e+02
2.550000000000000000e+02 2.439356947079907343e+02 1.728045145477545930e+02
2.550000000000000000e+02 2.439278937381404262e+02 1.728686748893105687e+02
2.550000000000000000e+02 2.439801286105840177e+02 1.729538398692810404e+02
2.550000000000000000e+02 2.439735267763019237e+02 1.726812671305081039e+02
2.550000000000000000e+02 2.440746758380771553e+02 1.725985004216740322e+02
2.550000000000000000e+02 2.441772744043854004e+02 1.727327245414294623e+02
2.550000000000000000e+02 2.441604996837444617e+02 1.725507458359687973e+02
2.550000000000000000e+02 2.441806214421252434e+02 1.725054422306557171e+02
2.550000000000000000e+02 2.442058691756272424e+02 1.724285921357790414e+02
2.550000000000000000e+02 2.438398165717900099e+02 1.721508011806873242e+02
2.550000000000000000e+02 2.430474910394265180e+02 1.712472459413873196e+02
2.550000000000000000e+02 2.422531757326586614e+02 1.706605787476280796e+02
2.550000000000000000e+02 2.417492093611638211e+02 1.701844296858528480e+02
2.550000000000000000e+02 2.414713525195024317e+02 1.700176180687328724e+02
2.550000000000000000e+02 2.414839236769976765e+02 1.702094797596458022e+02
2.550000000000000000e+02 2.416740986717267674e+02 1.705328905755850712e+02
2.550000000000000000e+02 2.417581040480708339e+02 1.707016524351676026e+02
2.550000000000000000e+02 2.417191914400168571e+02 1.706362007168458774e+02
2.550000000000000000e+02 2.417707279148218333e+02 1.704625105418511453e+02
2.550000000000000000e+02 2.418676075268817272e+02 1.703768711785789662e+02
2.550000000000000000e+02 2.419179185114906261e+02 1.704594138730761017e+02
2.550000000000000000e+02 2.418838288003373407e+02 1.703979548808770801e+02
2.550000000000000000e+02 2.417980444866118432e+02 1.702416982922201214e+02
2.550000000000000000e+02 2.416844033312249564e+02 1.703059640522875782e+02
2.550000000000000000e+02 2.416898719165085367e+02 1.704590053763440949e+02
2.550000000000000000e+02 2.417622944339025821e+02 1.707290085388994214e+02
2.550000000000000000e+02 2.419126739405439537e+02 1.710576771030993086e+02
2.550000000000000000e+02 2.420698397638625465e+02 1.712612666034155495e+02
2.550000000000000000e+02 2.422712418300653496e+02 1.711749683744465642e+02
2.550000000000000000e+02 2.425259593084545600e+02 1.711284788108791872e+02
2.550000000000000000e+02 2.427509619439173605e+02 1.713497390891840553e+02
2.550000000000000000e+02 2.427745493358633837e+02 1.711960125448028691e+02
2.550000000000000000e+02 2.428285763230023235e+02 1.710392815728442031e+02
2.550000000000000000e+02 2.430769291587602652e+02 1.714042536369386482e+02
2.550000000000000000e+02 2.432446104786000376e+02 1.716943522032468934e+02
2.550000000000000000e+02 2.431338815095930954e+02 1.715792747206409388e+02
2.550000000000000000e+02 2.427717293906810028e+02 1.710915296226017404e+02
2.550000000000000000e+02 2.422131957621758431e+02 1.706147612270714831e+02
2.550000000000000000e+02 2.415931504322159071e+02 1.699665032679738488e+02
2.550000000000000000e+02 2.412681056293485256e+02 1.694215159181952401e+02
2.550000000000000000e+02 2.412004269449715252e+02 1.693029991566519072e+02
2.550000000000000000e+02 2.412153173097195804e+02 1.692696869070208834e+02
2.550000000000000000e+02 2.413554712207463524e+02 1.693262044064937868e+02
2.550000000000000000e+02 2.415982895846510701e+02 1.694334940965633507e+02
2.550000000000000000e+02 2.419465396373603312e+02 1.696387307611216499e+02
2.550000000000000000e+02 2.422693574741724660e+02 1.698649457094665820e+02
2.550000000000000000e+02 2.424688751844823855e+02 1.700139020662028315e+02
2.550000000000000000e+02 2.423519397006114389e+02 1.697688962681847045e+02
2.550000000000000000e+02 2.421266076323002210e+02 1.693963472485768591e+02
2.550000000000000000e+02 2.418720878136200838e+02 1.692460204511912423e+02
2.550000000000000000e+02 2.416355023192072622e+02 1.691101755218216454e+02
2.550000000000000000e+02 2.415310721062618597e+02 1.689616144845034853e+02
2.550000000000000000e+02 2.415659656335652414e+02 1.689376976597090447e+02
2.550000000000000000e+02 2.417027066202825267e+02 1.695253399746995626e+02
2.550000000000000000e+02 2.418081910183428249e+02 1.699276433691756267e+02
2.550000000000000000e+02 2.419130560826481258e+02 1.702520293063462020e+02
2.550000000000000000e+02 2.421690385831751939e+02 1.706167114695340388e+02
2.550000000000000000e+02 2.424018553658022483e+02 1.709513493569470768e+02
2.550000000000000000e+02 2.424475806451612812e+02 1.708936722538477682e+02
2.550000000000000000e+02 2.425049810246679272e+02 1.707525827535315273e+02
2.550000000000000000e+02 2.426499710099093363e+02 1.708622180054817647e+02
2.550000000000000000e+02 2.427037344507695593e+02 1.708228178368121348e+02
2.550000000000000000e+02 2.427747865275142374e+02 1.708544829222011288e+02
2.550000000000000000e+02 2.430057057769344340e+02 1.709679395951929166e+02
2.550000000000000000e+02 2.431909129243095151e+02 1.710929264178789708e+02
2.550000000000000000e+02 2.431657310773771883e+02 1.709489774404385400e+02
2.550000000000000000e+02 2.432536632932742862e+02 1.708483686485346880e+02
2.550000000000000000e+02 2.434709308454564507e+02 1.711057347670250977e+02
2.550000000000000000e+02 2.436932980181319977e+02 1.712232632300231785e+02
2.550000000000000000e+02 2.437749710099093363e+02 1.711266471642420299e+02
2.550000000000000000e+02 2.439613377609108227e+02 1.711141155386885941e+02
2.550000000000000000e+02 2.442802419354838719e+02 1.714359055450136964e+02
2.550000000000000000e+02 2.444948872021927002e+02 1.716550310984608814e+02
2.550000000000000000e+02 2.445806978705460608e+02 1.717082410921357791e+02
2.550000000000000000e+02 2.446980550284629885e+02 1.716927313936327266e+02
2.550000000000000000e+02 2.449069286316677108e+02 1.719288952139995672e+02
2.550000000000000000e+02 2.450732526881720332e+02 1.720270662028252104e+02
2.550000000000000000e+02 2.450334572000843423e+02 1.719303974277883071e+02
2.550000000000000000e+02 2.450981973434535064e+02 1.721744149272612390e+02
2.550000000000000000e+02 2.451631746784735526e+02 1.723237402487876864e+02
2.550000000000000000e+02 2.453261121652962231e+02 1.725032811511701425e+02
2.550000000000000000e+02 2.453516102677630215e+02 1.725581383090870702e+02
2.550000000000000000e+02 2.451618305924520484e+02 1.723349014336917548e+02
2.550000000000000000e+02 2.440789584651064672e+02 1.712258591608686515e+02
2.550000000000000000e+02 2.430283707569049056e+02 1.703357711364115517e+02
2.550000000000000000e+02 2.422302735610373077e+02 1.698013256377819857e+02
2.550000000000000000e+02 2.418048044486611730e+02 1.693784129243095151e+02
2.550000000000000000e+02 2.418225147585916091e+02 1.694398323845667278e+02
2.550000000000000000e+02 2.420111743622180143e+02 1.697473381825848548e+02
2.550000000000000000e+02 2.419950716845878276e+02 1.696411685641998872e+02
2.550000000000000000e+02 2.421235768500948780e+02 1.696226676154332722e+02
2.550000000000000000e+02 2.422620177103099195e+02 1.698040269871389398e+02
2.550000000000000000e+02 2.423714948344929496e+02 1.698457858950031607e+02
2.550000000000000000e+02 2.424369729074425379e+02 1.698957542694497249e+02
2.550000000000000000e+02 2.424603889943074080e+02 1.699557374024878698e+02
2.550000000000000000e+02 2.424081145899219791e+02 1.698658812987560509e+02
2.550000000000000000e+02 2.422219059666877570e+02 1.695915955091714125e+02
2.550000000000000000e+02 2.420951006746784628e+02 1.694305423782416256e+02
2.550000000000000000e+02 2.420995809614168195e+02 1.695685483870967687e+02
2.550000000000000000e+02 2.422142763019186305e+02 1.697527935905544894e+02
2.550000000000000000e+02 2.421790665190807488e+02 1.697398271136411552e+02
2.550000000000000000e+02 2.422731130086443159e+02 1.698971642420409012e+02
2.550000000000000000e+02 2.424180898165717792e+02 1.700524588867805278e+02
2.550000000000000000e+02 2.426467689226228117e+02 1.702440043221589576e+02
2.550000000000000000e+02 2.428459703773982596e+02 1.704656203879401346e+02
2.550000000000000000e+02 2.430350648323845633e+02 1.707265970904490757e+02
2.550000000000000000e+02 2.432454933586337802e+02 1.708941334598355581e+02
2.550000000000000000e+02 2.434370124393843469e+02 1.711485478600042143e+02
2.550000000000000000e+02 2.435327192705038897e+02 1.713398692810457646e+02
2.550000000000000000e+02 2.435067336074214666e+02 1.714506509593084616e+02
2.550000000000000000e+02 2.436283602150537604e+02 1.717254901960784252e+02
2.550000000000000000e+02 2.438553262702930624e+02 1.720341819523508207e+02
2.550000000000000000e+02 2.438699662660763181e+02 1.719921858528357461e+02
2.550000000000000000e+02 2.439076929158760265e+02 1.718097591187012370e+02
2.550000000000000000e+02 2.441100701033101359e+02 1.717579195656757349e+02
2.550000000000000000e+02 2.442844850305713749e+02 1.719059930423782419e+02
2.550000000000000000e+02 2.441453062407758807e+02 1.715908707569049056e+02
2.550000000000000000e+02 2.442938145688382860e+02 1.717041034155597856e+02
2.550000000000000000e+02 2.445796305081172193e+02 1.721224040691545554e+02
2.550000000000000000e+02 2.446878294328484174e+02 1.722520688382880110e+02
2.550000000000000000e+02 2.447600279359055548e+02 1.722154227282310899e+02
2.550000000000000000e+02 2.448628636938646537e+02 1.724416640312038851e+02
2.550000000000000000e+02 2.445270398481973473e+02 1.722275458570524904e+02
2.550000000000000000e+02 2.433483159392789332e+02 1.711959334809192512e+02
2.550000000000000000e+02 2.424135831752055594e+02 1.706202166350411176e+02
2.550000000000000000e+02 2.419887333965844505e+02 1.704928447185325808e+02
2.550000000000000000e+02 2.417361242884250601e+02 1.702851043643263722e+02
2.550000000000000000e+02 2.415583755007379239e+02 1.699221352519502375e+02
2.550000000000000000e+02 2.417145530255112931e+02 1.697176365169723908e+02
2.550000000000000000e+02 2.419090370018975307e+02 1.698251502213788626e+02
2.550000000000000000e+02 2.419572527935905555e+02 1.697084123972169607e+02
2.550000000000000000e+02 2.420416534893527398e+02 1.696533707569049056e+02
2.550000000000000000e+02 2.422216951296647665e+02 1.699072317098882650e+02
2.550000000000000000e+02 2.423991408391313485e+02 1.700421146953405014e+02
2.550000000000000000e+02 2.423360083280624053e+02 1.700234292641787874e+02
2.550000000000000000e+02 2.421983053974277880e+02 1.697341740459624759e+02
2.550000000000000000e+02 2.420346826902804196e+02 1.696017420409023941e+02
2.550000000000000000e+02 2.419271030993042473e+02 1.692938936327219039e+02
2.550000000000000000e+02 2.416980154965211796e+02 1.687573265865486007e+02
2.550000000000000000e+02 2.417649957832595362e+02 1.687427656546489629e+02
2.550000000000000000e+02 2.419294486611848924e+02 1.689132142104153615e+02
2.550000000000000000e+02 2.420945208728652744e+02 1.691479417035631343e+02
2.550000000000000000e+02 2.422491039426523400e+02 1.692077008222643997e+02
2.550000000000000000e+02 2.423700189753320728e+02 1.694516656124815484e+02
2.550000000000000000e+02 2.425781546489563709e+02 1.698026301918616809e+02
2.550000000000000000e+02 2.427059218848829971e+02 1.699411764705882320e+02
2.550000000000000000e+02 2.427973856209150370e+02 1.700145082226438831e+02
2.550000000000000000e+02 2.429031203879401346e+02 1.699971141682479470e+02
2.550000000000000000e+02 2.429849646847986548e+02 1.700453563145688349e+02
2.550000000000000000e+02 2.429779543537845257e+02 1.699393052920092657e+02
2.550000000000000000e+02 2.429498603204722826e+02 1.697447290744254644e+02
2.550000000000000000e+02 2.431389679527725036e+02 1.698798228969006914e+02
2.550000000000000000e+02 2.433238456672991674e+02 1.701910051655070504e+02
2.550000000000000000e+02 2.433186010963525234e+02 1.702828642209572081e+02
2.550000000000000000e+02 2.433528884672148536e+02 1.701958675943495791e+02
2.550000000000000000e+02 2.434067836812144208e+02 1.701900959308454446e+02
2.550000000000000000e+02 2.435759013282732326e+02 1.704734081804764969e+02
2.550000000000000000e+02 2.436682742989669066e+02 1.705791165928737030e+02
2.550000000000000000e+02 2.436996758380771553e+02 1.703955697870545976e+02
2.550000000000000000e+02 2.438086522243305865e+02 1.704164558296436951e+02
2.550000000000000000e+02 2.439141366223908847e+02 1.704779675310984715e+02
2.550000000000000000e+02 2.438667510014758477e+02 1.703608080328905885e+02
2.550000000000000000e+02 2.431593532574320022e+02 1.696890681003584120e+02
2.550000000000000000e+02 2.421938382880033771e+02 1.691235241408391232e+02
2.550000000000000000e+02 2.412208781362007244e+02 1.683085599831330512e+02
2.550000000000000000e+02 2.404847538477756643e+02 1.676651512755639999e+02
2.550000000000000000e+02 2.401253821421041437e+02 1.672770134935694841e+02
2.550000000000000000e+02 2.401526460046384273e+02 1.673261385199240863e+02
2.550000000000000000e+02 2.402899931477967641e+02 1.674808006535947698e+02
2.550000000000000000e+02 2.403146479021716289e+02 1.674140707358212126e+02
2.550000000000000000e+02 2.404232157916930248e+02 1.675173545224541556e+02
2.550000000000000000e+02 2.405253531520134800e+02 1.676555977229601524e+02
2.550000000000000000e+02 2.406399167193759183e+02 1.678824715370018907e+02
2.550000000000000000e+02 2.407489853468269132e+02 1.681557294960995250e+02
2.550000000000000000e+02 2.407248708623234279e+02 1.681878557874762805e+02
2.550000000000000000e+02 2.406074873497786086e+02 1.680836495888678144e+02
2.550000000000000000e+02 2.403619808138309111e+02 1.679309772296015240e+02
2.550000000000000000e+02 2.401705671515918254e+02 1.677805450137043977e+02
2.550000000000000000e+02 2.401586285051654954e+02 1.676470324689015285e+02
2.550000000000000000e+02 2.401908075057980056e+02 1.676032574320050514e+02
2.550000000000000000e+02 2.401190043221589576e+02 1.674852809403331264e+02
2.550000000000000000e+02 2.401397190596668736e+02 1.673111559139784958e+02
2.550000000000000000e+02 2.400674546700400640e+02 1.670721721484292743e+02
2.550000000000000000e+02 2.400986058401855416e+02 1.671364247311827853e+02
2.550000000000000000e+02 2.402092820999367575e+02 1.672527145266708715e+02
2.550000000000000000e+02 2.403383934218848879e+02 1.673984292641787874e+02
2.550000000000000000e+02 2.404269317942230657e+02 1.675759145055871784e+02
2.550000000000000000e+02 2.404223065570314191e+02 1.676188857263335308e+02
2.550000000000000000e+02 2.405194497153700297e+02 1.678657231709888151e+02
2.550000000000000000e+02 2.407432663925785334e+02 1.683900616698292083e+02
2.550000000000000000e+02 2.408638915243516863e+02 1.686000289900906637e+02
2.550000000000000000e+02 2.408215791693021401e+02 1.685307031414716334e+02
2.550000000000000000e+02 2.407421726755218288e+02 1.683432558507273882e+02
2.550000000000000000e+02 2.407391023613746484e+02 1.681846537001897559e+02
2.550000000000000000e+02 2.407203246890153991e+02 1.681630560826481258e+02
2.550000000000000000e+02 2.407542035631456940e+02 1.680218479865064296e+02
2.550000000000000000e+02 2.408302103099304361e+02 1.678909709044908425e+02
2.550000000000000000e+02 2.407857236980813695e+02 1.678361664558296411e+02
2.550000000000000000e+02 2.408189305292009408e+02 1.677381799493991252e+02
2.550000000000000000e+02 2.407518052920092657e+02 1.673279174573054888e+02
2.550000000000000000e+02 2.404810114906177603e+02 1.669325716845878276e+02
2.550000000000000000e+02 2.397798070841239735e+02 1.664421515918195098e+02
2.550000000000000000e+02 2.388274035420619725e+02 1.659378689647902263e+02
2.550000000000000000e+02 2.378680292009276798e+02 1.653345061142736654e+02
2.550000000000000000e+02 2.374850173940544096e+02 1.650081040480708339e+02
2.550000000000000000e+02 2.375056925996204882e+02 1.651915322580645125e+02
2.550000000000000000e+02 2.375985663082437327e+02 1.654898271136411552e+02
2.550000000000000000e+02 2.375551075268817272e+02 1.653596352519502375e+02
2.550000000000000000e+02 2.375994623655913927e+02 1.653045409023824561e+02
2.550000000000000000e+02 2.380229153489352711e+02 1.657229733291165985e+02
2.550000000000000000e+02 2.383903252161079536e+02 1.661515654648956399e+02
2.550000000000000000e+02 2.384086680371073044e+02 1.661689068100358497e+02
2.550000000000000000e+02 2.382662739827113683e+02 1.659372891629770095e+02
2.550000000000000000e+02 2.384280518659076620e+02 1.662278094033312357e+02
2.550000000000000000e+02 2.385175785367910635e+02 1.665368833017077748e+02
2.550000000000000000e+02 2.381591555977229575e+02 1.660607474172464606e+02
2.550000000000000000e+02 2.380311379928315318e+02 1.659192889521399934e+02
2.550000000000000000e+02 2.383305265654649077e+02 1.663961364115538686e+02
2.550000000000000000e+02 2.383954643685431165e+02 1.664501238667509995e+02
2.550000000000000000e+02 2.382098882563778091e+02 1.660043880455407930e+02
2.550000000000000000e+02 2.384198819312671276e+02 1.660251027830487089e+02
2.550000000000000000e+02 2.388023534682690183e+02 1.665544223065570293e+02
2.550000000000000000e+02 2.388258090870756973e+02 1.665071684587813650e+02
2.550000000000000000e+02 2.386061432637571045e+02 1.658791772085178025e+02
2.550000000000000000e+02 2.386820050600885565e+02 1.658691756272401392e+02
2.550000000000000000e+02 2.390248392367699637e+02 1.662744043854100653e+02
2.550000000000000000e+02 2.390801707779886272e+02 1.662814147164241945e+02
2.550000000000000000e+02 2.390675732658654908e+02 1.661542141049968393e+02
2.550000000000000000e+02 2.393600569259962185e+02 1.665774957832595362e+02
2.550000000000000000e+02 2.393737745098039227e+02 1.667310114906177603e+02
2.550000000000000000e+02 2.392098750790638917e+02 1.663632458359687973e+02
2.550000000000000000e+02 2.392040375289900851e+02 1.662017578536791120e+02
2.550000000000000000e+02 2.395072343453510371e+02 1.666386385199240863e+02
2.550000000000000000e+02 2.396150247733501999e+02 1.668003900484925168e+02
2.550000000000000000e+02 2.393928420830697803e+02 1.663892842083069752e+02
2.550000000000000000e+02 2.390486506430529232e+02 1.659424810246679272e+02
2.550000000000000000e+02 2.386075137044065002e+02 1.658510304659498331e+02
2.550000000000000000e+02 2.376233001265022153e+02 1.651626607632300363e+02
2.550000000000000000e+02 2.365892894792325478e+02 1.643346642420409012e+02
2.550000000000000000e+02 2.363354812355049432e+02 1.642211548597933870e+02
2.550000000000000000e+02 2.365540006325110767e+02 1.644805502846299703e+02
2.550000000000000000e+02 2.365956277672359249e+02 1.645386095298334510e+02
2.550000000000000000e+02 2.366714632089394854e+02 1.646133248998524152e+02
2.550000000000000000e+02 2.368343216318785664e+02 1.646847591187012370e+02
2.550000000000000000e+02 2.369127925363693805e+02 1.646888572633354499e+02
2.550000000000000000e+02 2.369058349146110061e+02 1.645718163609529938e+02
2.550000000000000000e+02 2.368973619017499459e+02 1.643928157284419171e+02
2.550000000000000000e+02 2.368469850305713749e+02 1.642923387096774093e+02
2.550000000000000000e+02 2.368768316466371573e+02 1.643845403752899017e+02
2.550000000000000000e+02 2.368419908285895019e+02 1.645302419354838719e+02
2.550000000000000000e+02 2.367745098039215748e+02 1.645278173097195804e+02
2.550000000000000000e+02 2.366944312671305113e+02 1.644468295382669112e+02
2.550000000000000000e+02 2.366485742146320774e+02 1.644459466582331970e+02
2.550000000000000000e+02 2.367510805397427873e+02 1.646165928737086119e+02
2.550000000000000000e+02 2.368081646637149618e+02 1.647678947923255350e+02
2.550000000000000000e+02 2.369226491671937538e+02 1.648077298123550634e+02
2.550000000000000000e+02 2.372376660341556089e+02 1.650682980181319977e+02
2.550000000000000000e+02 2.374337708201560133e+02 1.652923914189331640e+02
2.550000000000000000e+02 2.376542272823107851e+02 1.653558928947923334e+02
2.550000000000000000e+02 2.379981156441071164e+02 1.652390364748049763e+02
2.550000000000000000e+02 2.384035947712418420e+02 1.654474225173940454e+02
2.550000000000000000e+02 2.386847591187012370e+02 1.655761780518658952e+02
2.550000000000000000e+02 2.388729179843980717e+02 1.657129849251528526e+02
2.550000000000000000e+02 2.390364220957200132e+02 1.657030228758169983e+02
2.550000000000000000e+02 2.392497232764073374e+02 1.657924968374446451e+02
2.550000000000000000e+02 2.394641708834071210e+02 1.660498366013071916e+02
2.550000000000000000e+02 2.394889442336074126e+02 1.659457094665823433e+02
2.550000000000000000e+02 2.395308876238667608e+02 1.658164531941808946e+02
2.550000000000000000e+02 2.397820604048070834e+02 1.661778014969428625e+02
2.550000000000000000e+02 2.399924493991144914e+02 1.664764521399957857e+02
2.550000000000000000e+02 2.391961970271979681e+02 1.659698107737718829e+02
2.550000000000000000e+02 2.378999314779675274e+02 1.648652619650010536e+02
2.550000000000000000e+02 2.372766313514653120e+02 1.644179316888045435e+02
2.550000000000000000e+02 2.370627108370229905e+02 1.643986005692599690e+02
2.550000000000000000e+02 2.368371811090027279e+02 1.642882010331014158e+02
2.550000000000000000e+02 2.368508591608686515e+02 1.643464842926417759e+02
2.550000000000000000e+02 2.372162528990090777e+02 1.646537265443811862e+02
2.550000000000000000e+02 2.375215053763440949e+02 1.649742251739405390e+02
2.550000000000000000e+02 2.376166324056504209e+02 1.652415928737086119e+02
2.550000000000000000e+02 2.378070577693442829e+02 1.654585441703563049e+02
2.550000000000000000e+02 2.381396795277250646e+02 1.658609793379717416e+02
2.550000000000000000e+02 2.381788952139995672e+02 1.659110004216740322e+02
2.550000000000000000e+02 2.379695867594349465e+02 1.656964210415349044e+02
2.550000000000000000e+02 2.379627740881298621e+02 1.656882642842083158e+02
2.550000000000000000e+02 2.380233106683533606e+02 1.658560378452456234e+02
2.550000000000000000e+02 2.379879164031203800e+02 1.658518606367278210e+02
2.550000000000000000e+02 2.380026881720430083e+02 1.657255956145899347e+02
2.550000000000000000e+02 2.381275300442757725e+02 1.657534524562513241e+02
2.550000000000000000e+02 2.384239800759013406e+02 1.661984371705671606e+02
2.550000000000000000e+02 2.386294539321104651e+02 1.665506799493991252e+02
2.550000000000000000e+02 2.387718348091924838e+02 1.665711311406282960e+02
2.550000000000000000e+02 2.389654622601728988e+02 1.666598276407337096e+02
2.550000000000000000e+02 2.392661685641998872e+02 1.669713656968163491e+02
2.550000000000000000e+02 2.394294618384988382e+02 1.670860478600042143e+02
2.550000000000000000e+02 2.396643738140417383e+02 1.672084651064726870e+02
2.550000000000000000e+02 2.397952377187434081e+02 1.674545250896057382e+02
2.550000000000000000e+02 2.396759171410499789e+02 1.671845219270503833e+02
2.550000000000000000e+02 2.391367541640312027e+02 1.668452456251317813e+02
2.550000000000000000e+02 2.385640285684166031e+02 1.656366355682057758e+02
2.550000000000000000e+02 2.382401170145477636e+02 1.654251923887834721e+02
2.550000000000000000e+02 2.380416798439806030e+02 1.649481736242884153e+02
2.550000000000000000e+02 2.379650537634408636e+02 1.646829670040059170e+02
2.550000000000000000e+02 2.380242594349567753e+02 1.645814753320683224e+02
2.550000000000000000e+02 2.382685536580223413e+02 1.647330144423360707e+02
2.550000000000000000e+02 2.387215765338393396e+02 1.650355523930002164e+02
2.550000000000000000e+02 2.392191387307611308e+02 1.653486453721273506e+02
2.550000000000000000e+02 2.393997733502002916e+02 1.653957279148218333e+02
2.550000000000000000e+02 2.393680555555555429e+02 1.652749578325953905e+02
2.550000000000000000e+02 2.393072949609951650e+02 1.653432953826691971e+02
2.550000000000000000e+02 2.392530571368332346e+02 1.655367515285684306e+02
2.550000000000000000e+02 2.391369254691123842e+02 1.655600094876660364e+02
2.550000000000000000e+02 2.389391076323002210e+02 1.653681082648112977e+02
2.550000000000000000e+02 2.389628267973856168e+02 1.653856340923466064e+02
2.550000000000000000e+02 2.389731314568838343e+02 1.655168274298966935e+02
