2.550000000000000000e+02 2.270064904780412007e+02 1.584656529343179159e+02
2.550000000000000000e+02 2.267664205207928489e+02 1.583637582588418127e+02
2.550000000000000000e+02 2.271194325689856157e+02 1.588805674310143843e+02
2.550000000000000000e+02 2.272151865526622601e+02 1.594311309755149750e+02
2.550000000000000000e+02 2.277071026039642447e+02 1.602371064904780553e+02
2.550000000000000000e+02 2.279308394869801759e+02 1.605560921103769942e+02
2.550000000000000000e+02 2.281913816556548795e+02 1.609782063738826139e+02
2.550000000000000000e+02 2.288027011270889943e+02 1.615196463272444589e+02
2.550000000000000000e+02 2.291902739992227112e+02 1.618843664982510688e+02
2.550000000000000000e+02 2.289563447337738182e+02 1.616747570928876883e+02
2.550000000000000000e+02 2.288909541391371931e+02 1.615256704236300038e+02
2.550000000000000000e+02 2.291164788184998145e+02 1.617687329965021377e+02
2.550000000000000000e+02 2.284116886902448584e+02 1.608178099494753326e+02
2.550000000000000000e+02 2.276349786241741242e+02 1.597480275942479579e+02
2.550000000000000000e+02 2.279562184220754091e+02 1.600316750874465583e+02
2.550000000000000000e+02 2.281952973183054780e+02 1.603869510299261663e+02
2.550000000000000000e+02 2.278067819665759828e+02 1.599522638942868298e+02
2.550000000000000000e+02 2.279295083560046749e+02 1.598286533229693021e+02
2.550000000000000000e+02 2.286092207539836636e+02 1.606705596579867859e+02
2.550000000000000000e+02 2.291344150796735448e+02 1.613922755538282274e+02
2.550000000000000000e+02 2.291169160513019847e+02 1.615066556548775623e+02
2.550000000000000000e+02 2.290468616401088298e+02 1.615698309366498222e+02
2.550000000000000000e+02 2.295639040031092009e+02 1.623825398367664263e+02
2.550000000000000000e+02 2.298110182666148376e+02 1.628222697240575201e+02
2.550000000000000000e+02 2.295850369218810840e+02 1.624363097551496367e+02
2.550000000000000000e+02 2.295151185386708050e+02 1.623952681694520095e+02
2.550000000000000000e+02 2.297840944422852658e+02 1.627223571706179541e+02
2.550000000000000000e+02 2.299841527399922256e+02 1.630225709288768030e+02
2.550000000000000000e+02 2.299125340069957133e+02 1.628592984842596252e+02
2.550000000000000000e+02 2.295455985231247666e+02 1.623058200544111855e+02
2.550000000000000000e+02 2.294772930431402926e+02 1.621700446949086540e+02
2.550000000000000000e+02 2.293863680528565965e+02 1.619961620676253347e+02
2.550000000000000000e+02 2.292293043140303155e+02 1.618117178390983213e+02
2.550000000000000000e+02 2.290247959580256634e+02 1.616649727944034112e+02
2.550000000000000000e+02 2.289873882627283308e+02 1.615160221531286311e+02
2.550000000000000000e+02 2.289436552662261875e+02 1.614771764477263787e+02
2.550000000000000000e+02 2.284874659930042640e+02 1.609353964244073154e+02
2.550000000000000000e+02 2.283436261173727075e+02 1.605559852312475755e+02
2.550000000000000000e+02 2.285585017489312065e+02 1.606970462495141874e+02
2.550000000000000000e+02 2.286104644383987647e+02 1.608317236688690173e+02
2.550000000000000000e+02 2.284190924990283804e+02 1.605136805285658852e+02
2.550000000000000000e+02 2.284389428682471817e+02 1.605368344345122296e+02
2.550000000000000000e+02 2.285472697240575144e+02 1.608848134473377343e+02
2.550000000000000000e+02 2.286616012436844017e+02 1.609531869413136462e+02
2.550000000000000000e+02 2.286559755149630746e+02 1.609576467158958337e+02
2.550000000000000000e+02 2.285704624951418680e+02 1.609679265448892238e+02
2.550000000000000000e+02 2.288915565487757533e+02 1.612346774193548526e+02
2.550000000000000000e+02 2.293407986785853154e+02 1.621574426739214800e+02
2.550000000000000000e+02 2.293853284104158661e+02 1.623462689467547477e+02
2.550000000000000000e+02 2.293395744267392047e+02 1.623637193937038603e+02
2.550000000000000000e+02 2.296192479595802638e+02 1.625945005829770764e+02
2.550000000000000000e+02 2.297759521958803077e+02 1.627378254955305010e+02
2.550000000000000000e+02 2.294973571706179598e+02 1.625438495919160573e+02
2.550000000000000000e+02 2.295657792460163193e+02 1.627181111542946041e+02
2.550000000000000000e+02 2.298083754372327974e+02 1.631605324523902141e+02
2.550000000000000000e+02 2.296963952584531796e+02 1.630888068402642830e+02
2.550000000000000000e+02 2.294607170617955774e+02 1.629803439564710459e+02
2.550000000000000000e+02 2.296003595025262314e+02 1.630289545277885850e+02
2.550000000000000000e+02 2.298356101826661586e+02 1.632738826272833137e+02
2.550000000000000000e+02 2.294250291488534685e+02 1.629687524290711167e+02
2.550000000000000000e+02 2.292193548387096769e+02 1.623838515351729370e+02
2.550000000000000000e+02 2.295254566653711663e+02 1.627350660707345469e+02
2.550000000000000000e+02 2.295009619121647972e+02 1.627302176447726367e+02
2.550000000000000000e+02 2.292251943256898699e+02 1.622749319860085393e+02
2.550000000000000000e+02 2.295524873688301568e+02 1.627228138359891148e+02
2.550000000000000000e+02 2.298782355227361052e+02 1.632688495919160516e+02
2.550000000000000000e+02 2.296491158181111416e+02 1.630440924990283804e+02
2.550000000000000000e+02 2.296144869801787820e+02 1.629113486202876118e+02
2.550000000000000000e+02 2.298999125534395773e+02 1.631965604352895411e+02
2.550000000000000000e+02 2.300830742324135372e+02 1.633998348231636157e+02
2.550000000000000000e+02 2.300301301982121913e+02 1.633098037310532504e+02
2.550000000000000000e+02 2.303711815001943251e+02 1.636213758258841722e+02
2.550000000000000000e+02 2.307335503303536655e+02 1.640889623008161777e+02
2.550000000000000000e+02 2.306347065682083155e+02 1.639986008550330325e+02
2.550000000000000000e+02 2.307287893509521837e+02 1.640914593859308184e+02
2.550000000000000000e+02 2.311949766809172218e+02 1.646427808006218356e+02
2.550000000000000000e+02 2.313879420909444207e+02 1.649209871745044609e+02
2.550000000000000000e+02 2.312636708122813900e+02 1.649474446171783768e+02
2.550000000000000000e+02 2.314558200544111912e+02 1.651443354061406978e+02
2.550000000000000000e+02 2.318389234356781969e+02 1.656557714729887323e+02
2.550000000000000000e+02 2.318749611348620192e+02 1.658153517294986443e+02
2.550000000000000000e+02 2.317473571706179598e+02 1.657703847648659234e+02
2.550000000000000000e+02 2.321488729109988469e+02 1.663307131752817725e+02
2.550000000000000000e+02 2.326363972017100537e+02 1.669776525456665297e+02
2.550000000000000000e+02 2.324662164788184953e+02 1.666679751263116884e+02
2.550000000000000000e+02 2.321891663427905144e+02 1.661975029148853480e+02
2.550000000000000000e+02 2.321729692965409981e+02 1.660878254955304953e+02
2.550000000000000000e+02 2.318858433734939695e+02 1.655258647493198509e+02
2.550000000000000000e+02 2.315120384764865946e+02 1.650295277885736596e+02
2.550000000000000000e+02 2.311819860085503251e+02 1.644814904780411950e+02
2.550000000000000000e+02 2.309293237465992945e+02 1.640699475320637362e+02
2.550000000000000000e+02 2.307186844150796787e+02 1.637227166731441912e+02
2.550000000000000000e+02 2.305406723668868949e+02 1.635830062184220708e+02
2.550000000000000000e+02 2.304243392926544800e+02 1.635715895841430267e+02
2.550000000000000000e+02 2.305631169840652888e+02 1.638573455110765735e+02
2.550000000000000000e+02 2.308516323357947897e+02 1.643447143412359139e+02
2.550000000000000000e+02 2.309241741158181185e+02 1.644548775748153844e+02
2.550000000000000000e+02 2.309061018266614838e+02 1.645234259619121531e+02
2.550000000000000000e+02 2.309856879129420975e+02 1.647713369607461971e+02
2.550000000000000000e+02 2.310558492032646711e+02 1.648111154294597611e+02
2.550000000000000000e+02 2.310060338126700401e+02 1.648319568596968452e+02
2.550000000000000000e+02 2.309540031092110439e+02 1.647695102992615546e+02
2.550000000000000000e+02 2.310311309755149694e+02 1.648096191216478701e+02
2.550000000000000000e+02 2.311022541780023403e+02 1.648834531675087476e+02
2.550000000000000000e+02 2.310896327244461759e+02 1.648651185386707994e+02
2.550000000000000000e+02 2.309366595413913785e+02 1.646853867081228202e+02
2.550000000000000000e+02 2.308736494364555085e+02 1.645272250291488660e+02
2.550000000000000000e+02 2.309770015546055220e+02 1.641913719393703843e+02
2.550000000000000000e+02 2.310128837932374779e+02 1.641206179556937457e+02
2.550000000000000000e+02 2.309360571317528183e+02 1.640002429071123231e+02
2.550000000000000000e+02 2.309896424407306768e+02 1.639058977846871414e+02
2.550000000000000000e+02 2.311548775748154014e+02 1.640146327244461588e+02
2.550000000000000000e+02 2.309714049747376521e+02 1.639007675864749274e+02
2.550000000000000000e+02 2.306777497085114703e+02 1.634596871356393422e+02
2.550000000000000000e+02 2.306765740380878356e+02 1.633798387096774150e+02
2.550000000000000000e+02 2.307784298484259580e+02 1.634724349008938873e+02
2.550000000000000000e+02 2.305406043528954569e+02 1.630894481150407955e+02
2.550000000000000000e+02 2.302467256121259140e+02 1.625131947143412390e+02
2.550000000000000000e+02 2.303080936649825219e+02 1.625494753206373844e+02
2.550000000000000000e+02 2.304040516906335085e+02 1.626615429459774589e+02
2.550000000000000000e+02 2.302312961523513479e+02 1.626136902448503747e+02
2.550000000000000000e+02 2.300717644772638835e+02 1.623966673144189770e+02
2.550000000000000000e+02 2.300995044694908529e+02 1.625666148464827074e+02
2.550000000000000000e+02 2.301322289156626368e+02 1.626678585308977745e+02
2.550000000000000000e+02 2.301518946754760861e+02 1.627281675087446615e+02
2.550000000000000000e+02 2.302160998834045813e+02 1.627561504080839541e+02
2.550000000000000000e+02 2.302259036144578204e+02 1.627662553439564590e+02
2.550000000000000000e+02 2.303021278663039197e+02 1.629618635833657265e+02
2.550000000000000000e+02 2.303403614457831452e+02 1.630388262728332620e+02
2.550000000000000000e+02 2.304198212203653213e+02 1.631445297318305450e+02
2.550000000000000000e+02 2.305927710843373575e+02 1.634828021764477342e+02
2.550000000000000000e+02 2.308026428293820516e+02 1.636370773416245754e+02
2.550000000000000000e+02 2.308732316362223003e+02 1.635610182666148376e+02
2.550000000000000000e+02 2.310731247570928986e+02 1.637146132918771855e+02
2.550000000000000000e+02 2.312292751651768299e+02 1.640256704236300038e+02
2.550000000000000000e+02 2.314167411581811109e+02 1.641610474154683175e+02
2.550000000000000000e+02 2.314881169840653001e+02 1.643400408083948605e+02
2.550000000000000000e+02 2.315345705402254168e+02 1.645215118538670822e+02
2.550000000000000000e+02 2.316658958414302276e+02 1.648336863583365641e+02
2.550000000000000000e+02 2.316113972017100764e+02 1.648615137971239903e+02
2.550000000000000000e+02 2.316892926544889235e+02 1.649285172949863920e+02
2.550000000000000000e+02 2.318516226195102945e+02 1.652286047415468317e+02
2.550000000000000000e+02 2.316811309755149750e+02 1.648440633501749062e+02
2.550000000000000000e+02 2.316917605907501070e+02 1.647364166342790384e+02
2.550000000000000000e+02 2.319845316750874531e+02 1.649537602020987208e+02
2.550000000000000000e+02 2.320023513408472695e+02 1.649919257675864799e+02
2.550000000000000000e+02 2.316419063350174952e+02 1.645112708900116729e+02
2.550000000000000000e+02 2.317741546832491224e+02 1.649229498639720077e+02
2.550000000000000000e+02 2.320318888457053959e+02 1.655096288379323823e+02
2.550000000000000000e+02 2.318095219588029465e+02 1.653678099494753155e+02
2.550000000000000000e+02 2.316589001165954187e+02 1.651796152351340936e+02
2.550000000000000000e+02 2.319917605907500899e+02 1.655992324135250726e+02
2.550000000000000000e+02 2.322028760202098852e+02 1.657755246793626043e+02
2.550000000000000000e+02 2.317489117761367936e+02 1.652428196657598107e+02
2.550000000000000000e+02 2.315641663427905144e+02 1.650642732219199331e+02
2.550000000000000000e+02 2.317785853089778527e+02 1.653072191993781530e+02
2.550000000000000000e+02 2.317308103381267017e+02 1.653046735328410364e+02
2.550000000000000000e+02 2.315998251068791376e+02 1.650538573649436387e+02
2.550000000000000000e+02 2.320188107267780708e+02 1.655182180334240059e+02
2.550000000000000000e+02 2.322555965798678699e+02 1.658218907889622926e+02
2.550000000000000000e+02 2.321393606684803785e+02 1.657484065293431854e+02
2.550000000000000000e+02 2.322595413913719256e+02 1.658451418577535890e+02
2.550000000000000000e+02 2.324672172561212733e+02 1.660707442673921435e+02
2.550000000000000000e+02 2.324681888845705373e+02 1.660925864749319771e+02
2.550000000000000000e+02 2.324112611737271550e+02 1.660263116984065164e+02
2.550000000000000000e+02 2.324622036533229732e+02 1.660438301593470669e+02
2.550000000000000000e+02 2.326475320637388222e+02 1.662734939759036195e+02
2.550000000000000000e+02 2.326242907112320211e+02 1.665949669646327322e+02
2.550000000000000000e+02 2.326217644772638948e+02 1.667719102215313001e+02
2.550000000000000000e+02 2.327317625340070038e+02 1.669936164010882180e+02
2.550000000000000000e+02 2.329337932374660056e+02 1.672243878740769389e+02
2.550000000000000000e+02 2.328705207928488221e+02 1.672304702681694550e+02
2.550000000000000000e+02 2.329287893509522007e+02 1.671115526622619427e+02
2.550000000000000000e+02 2.329409832879906617e+02 1.669303925378935105e+02
2.550000000000000000e+02 2.329313641663428029e+02 1.668043723280217705e+02
2.550000000000000000e+02 2.330838709677419445e+02 1.668890400310921223e+02
2.550000000000000000e+02 2.332060046638165431e+02 1.669801107656432180e+02
2.550000000000000000e+02 2.332587155071900611e+02 1.670875437232802199e+02
2.550000000000000000e+02 2.332564224640497343e+02 1.671490575204041988e+02
2.550000000000000000e+02 2.331537893509521950e+02 1.671163913719393577e+02
2.550000000000000000e+02 2.331567625340069867e+02 1.672139817333851397e+02
2.550000000000000000e+02 2.329481636222308509e+02 1.668077438787407800e+02
2.550000000000000000e+02 2.327338321026039694e+02 1.667756218422075278e+02
2.550000000000000000e+02 2.326614069179945545e+02 1.666642635056354322e+02
2.550000000000000000e+02 2.326700058297707017e+02 1.667640303148076271e+02
2.550000000000000000e+02 2.325411970462495219e+02 1.667275456665371109e+02
2.550000000000000000e+02 2.323971336960746328e+02 1.665788379323746540e+02
2.550000000000000000e+02 2.325151282549553002e+02 1.665713369607462084e+02
2.550000000000000000e+02 2.325336572094830956e+02 1.665559949475320707e+02
2.550000000000000000e+02 2.323725514963078069e+02 1.662714438398756442e+02
2.550000000000000000e+02 2.321805868635833576e+02 1.659313253012048222e+02
2.550000000000000000e+02 2.321476778080062218e+02 1.657943062572872179e+02
2.550000000000000000e+02 2.320487465993004150e+02 1.655495724834823079e+02
2.550000000000000000e+02 2.317423338515351645e+02 1.651012242518461051e+02
2.550000000000000000e+02 2.315496113486202887e+02 1.647947823552273690e+02
2.550000000000000000e+02 2.316549844539448202e+02 1.649622813835989064e+02
2.550000000000000000e+02 2.317791780023319177e+02 1.651218130586863708e+02
2.550000000000000000e+02 2.316209094442285163e+02 1.650255149630781091e+02
2.550000000000000000e+02 2.314079284881461263e+02 1.647960940536338796e+02
2.550000000000000000e+02 2.316074038087835163e+02 1.650369315973571815e+02
2.550000000000000000e+02 2.317032841041585698e+02 1.651488048970073805e+02
2.550000000000000000e+02 2.315567819665759828e+02 1.649430625728721225e+02
2.550000000000000000e+02 2.315181694520015583e+02 1.647793917605907552e+02
2.550000000000000000e+02 2.317347454333462906e+02 1.650172852701127226e+02
2.550000000000000000e+02 2.318007287213369523e+02 1.650709774582199714e+02
2.550000000000000000e+02 2.316352992615623805e+02 1.649113389040031166e+02
2.550000000000000000e+02 2.317446074621065009e+02 1.649246307811892791e+02
2.550000000000000000e+02 2.319751846094053747e+02 1.652329187718616481e+02
2.550000000000000000e+02 2.321178099494753155e+02 1.655086669257675851e+02
2.550000000000000000e+02 2.319730567431014379e+02 1.653470851146521454e+02
2.550000000000000000e+02 2.317565779246016291e+02 1.651194228527011205e+02
2.550000000000000000e+02 2.315936261173727075e+02 1.647719005052468049e+02
2.550000000000000000e+02 2.313473280217644685e+02 1.643877477652545736e+02
2.550000000000000000e+02 2.311360765643217974e+02 1.640001068791294188e+02
2.550000000000000000e+02 2.310147104547221204e+02 1.637564321803342295e+02
2.550000000000000000e+02 2.310918188884570554e+02 1.639471434123591109e+02
2.550000000000000000e+02 2.313100077730275927e+02 1.642463078118927342e+02
2.550000000000000000e+02 2.313480956082394187e+02 1.645128254955305067e+02
2.550000000000000000e+02 2.311844636610960038e+02 1.643359113874854245e+02
2.550000000000000000e+02 2.312613486202876061e+02 1.644488826272833251e+02
2.550000000000000000e+02 2.313390983287990537e+02 1.645861931597357284e+02
2.550000000000000000e+02 2.311622328021764474e+02 1.643550330353672848e+02
2.550000000000000000e+02 2.311451224251846099e+02 1.642707539836766557e+02
2.550000000000000000e+02 2.313882432957636865e+02 1.646159347065681970e+02
2.550000000000000000e+02 2.313739312087057840e+02 1.646078021764477342e+02
2.550000000000000000e+02 2.311497668091721778e+02 1.643981539059463728e+02
2.550000000000000000e+02 2.311636805285658625e+02 1.642841624562767322e+02
2.550000000000000000e+02 2.314069762922658242e+02 1.646360376991838450e+02
2.550000000000000000e+02 2.314313447337738125e+02 1.645953556160124265e+02
2.550000000000000000e+02 2.313506121259230497e+02 1.645464146910221643e+02
2.550000000000000000e+02 2.315402739992227055e+02 1.647841333074232466e+02
2.550000000000000000e+02 2.318522833268557974e+02 1.652019043917605927e+02
2.550000000000000000e+02 2.317700155460551912e+02 1.651839972794403479e+02
2.550000000000000000e+02 2.317475514963078069e+02 1.650737660318694111e+02
2.550000000000000000e+02 2.319395841430236942e+02 1.652620481927710898e+02
2.550000000000000000e+02 2.321174893120870593e+02 1.655712495141857801e+02
2.550000000000000000e+02 2.319675767586474819e+02 1.653384376214535507e+02
2.550000000000000000e+02 2.318205499417022963e+02 1.652148561989895086e+02
2.550000000000000000e+02 2.319561795569374283e+02 1.653531480761756711e+02
2.550000000000000000e+02 2.319684900893898032e+02 1.653974251846094035e+02
2.550000000000000000e+02 2.317529148853478489e+02 1.653191993781578049e+02
2.550000000000000000e+02 2.315926350563544531e+02 1.652174893120870536e+02
2.550000000000000000e+02 2.316998639720171127e+02 1.652792363000388605e+02
2.550000000000000000e+02 2.317516420520792906e+02 1.653709483093664971e+02
2.550000000000000000e+02 2.315249611348620249e+02 1.652139331519626921e+02
2.550000000000000000e+02 2.313845608239409160e+02 1.648355616012436826e+02
2.550000000000000000e+02 2.314420520792848777e+02 1.649473183054799961e+02
2.550000000000000000e+02 2.314089001165954187e+02 1.648007190050524571e+02
2.550000000000000000e+02 2.314171492421297955e+02 1.646428488146133020e+02
2.550000000000000000e+02 2.316750291488534685e+02 1.649275650991060900e+02
2.550000000000000000e+02 2.318878740769529827e+02 1.652692868247182219e+02
2.550000000000000000e+02 2.318944131364166310e+02 1.652823940924990325e+02
2.550000000000000000e+02 2.316734939759036251e+02 1.650266614846482582e+02
2.550000000000000000e+02 2.314726389428682580e+02 1.645975612125922964e+02
2.550000000000000000e+02 2.312105907500971682e+02 1.642153031480761740e+02
2.550000000000000000e+02 2.310182860474154722e+02 1.638717644772638948e+02
2.550000000000000000e+02 2.308733385153517190e+02 1.636507773027594226e+02
2.550000000000000000e+02 2.305997668091721664e+02 1.635794500582977093e+02
2.550000000000000000e+02 2.304177808006218413e+02 1.635054119704624895e+02
2.550000000000000000e+02 2.305951224251845986e+02 1.638606781966576023e+02
2.550000000000000000e+02 2.309007967353284130e+02 1.643497570928876712e+02
2.550000000000000000e+02 2.311721239797901148e+02 1.646415759813447437e+02
2.550000000000000000e+02 2.314529051690633423e+02 1.647764865915274015e+02
2.550000000000000000e+02 2.313880586863583346e+02 1.645177905169063308e+02
2.550000000000000000e+02 2.315910998834045813e+02 1.647096579867858566e+02
2.550000000000000000e+02 2.318804605518849655e+02 1.651150991061018374e+02
2.550000000000000000e+02 2.317953361834434531e+02 1.651195880295375105e+02
2.550000000000000000e+02 2.315599203264671644e+02 1.648559852312475584e+02
2.550000000000000000e+02 2.313189176059075010e+02 1.644221919937815812e+02
2.550000000000000000e+02 2.311583560046638297e+02 1.641348425961912199e+02
2.550000000000000000e+02 2.309097260007773116e+02 1.638240478041197150e+02
2.550000000000000000e+02 2.307615137971239676e+02 1.635716770307034551e+02
2.550000000000000000e+02 2.309935775359502657e+02 1.641477263894286693e+02
2.550000000000000000e+02 2.310945880295375048e+02 1.644089292654489043e+02
2.550000000000000000e+02 2.309094539448115029e+02 1.642699766809172104e+02
2.550000000000000000e+02 2.309221336960746100e+02 1.642339486980178833e+02
2.550000000000000000e+02 2.314602701127089119e+02 1.648927808006218356e+02
2.550000000000000000e+02 2.315958997279440439e+02 1.648253595025262257e+02
2.550000000000000000e+02 2.314305188495919197e+02 1.646771084337349293e+02
2.550000000000000000e+02 2.314766712009327705e+02 1.647159444228527150e+02
2.550000000000000000e+02 2.317442868247182162e+02 1.650171589584143135e+02
2.550000000000000000e+02 2.317433734939758949e+02 1.651453458997279427e+02
2.550000000000000000e+02 2.314856296152351263e+02 1.648179265448892465e+02
2.550000000000000000e+02 2.315368830159347056e+02 1.648784784298484283e+02
2.550000000000000000e+02 2.316640886125145755e+02 1.650620287602021108e+02
2.550000000000000000e+02 2.314372230858919579e+02 1.647977069568596846e+02
2.550000000000000000e+02 2.313704139137194034e+02 1.646787019043917724e+02
2.550000000000000000e+02 2.317072386319471491e+02 1.650719588029537590e+02
2.550000000000000000e+02 2.319555091333074301e+02 1.653275359502526101e+02
2.550000000000000000e+02 2.319439564710454817e+02 1.654753109211037838e+02
2.550000000000000000e+02 2.320349008938981683e+02 1.656230470268169483e+02
2.550000000000000000e+02 2.323977944034201357e+02 1.661710843373493844e+02
2.550000000000000000e+02 2.322864457831325353e+02 1.661075009716284399e+02
2.550000000000000000e+02 2.319540808394869771e+02 1.656798095608239407e+02
2.550000000000000000e+02 2.319331325301204743e+02 1.656443937038476406e+02
2.550000000000000000e+02 2.321253886513797227e+02 1.659056937427127991e+02
2.550000000000000000e+02 2.320496793626117267e+02 1.658240672366886770e+02
2.550000000000000000e+02 2.319600077730275984e+02 1.656431888845705487e+02
2.550000000000000000e+02 2.319887582588418127e+02 1.657173630003886444e+02
2.550000000000000000e+02 2.318812378546443824e+02 1.656154974737660268e+02
2.550000000000000000e+02 2.315419257675864628e+02 1.654385542168674590e+02
2.550000000000000000e+02 2.314488048970073919e+02 1.653197337738048986e+02
2.550000000000000000e+02 2.316089972794403309e+02 1.653679945588806959e+02
2.550000000000000000e+02 2.315595608239409273e+02 1.652326175670423538e+02
2.550000000000000000e+02 2.313653225806451701e+02 1.649768946754761032e+02
2.550000000000000000e+02 2.313812961523513536e+02 1.648620773416245697e+02
2.550000000000000000e+02 2.315595511076564321e+02 1.650582782743878738e+02
2.550000000000000000e+02 2.316651379712398011e+02 1.652245044694908529e+02
2.550000000000000000e+02 2.313717450446949044e+02 1.650157695297318412e+02
2.550000000000000000e+02 2.315352701127089006e+02 1.652306257287213498e+02
2.550000000000000000e+02 2.317572094830936749e+02 1.656044111931597342e+02
2.550000000000000000e+02 2.317720656820831664e+02 1.657654197434900993e+02
2.550000000000000000e+02 2.316622813835989234e+02 1.654154780411970478e+02
2.550000000000000000e+02 2.317132724446171892e+02 1.653698698017877859e+02
2.550000000000000000e+02 2.316157112320248643e+02 1.651796055188495984e+02
2.550000000000000000e+02 2.315455305091333003e+02 1.647784395647104532e+02
2.550000000000000000e+02 2.315685678196657591e+02 1.647327633113097534e+02
2.550000000000000000e+02 2.316933929265449024e+02 1.648066945200155544e+02
2.550000000000000000e+02 2.316212883793237438e+02 1.646476583754372314e+02
2.550000000000000000e+02 2.314030509133307305e+02 1.642998931208705926e+02
2.550000000000000000e+02 2.313071317528177246e+02 1.640464244073066595e+02
2.550000000000000000e+02 2.313004955305091244e+02 1.639208900116595373e+02
2.550000000000000000e+02 2.312076661484648241e+02 1.638796541002720630e+02
2.550000000000000000e+02 2.311410804508356023e+02 1.638351340847260076e+02
2.550000000000000000e+02 2.312910804508356080e+02 1.640399533618344208e+02
2.550000000000000000e+02 2.315379518072289216e+02 1.645164302370773441e+02
2.550000000000000000e+02 2.317669840652934283e+02 1.650391954916439943e+02
2.550000000000000000e+02 2.319284006995724781e+02 1.651769238243295774e+02
2.550000000000000000e+02 2.320659638554216997e+02 1.655004566653711606e+02
2.550000000000000000e+02 2.319961232024873823e+02 1.654750097162844895e+02
2.550000000000000000e+02 2.321125145744267400e+02 1.655949863972017226e+02
2.550000000000000000e+02 2.322914496696463402e+02 1.658919646327244379e+02
2.550000000000000000e+02 2.322202195880295506e+02 1.657608628060629599e+02
2.550000000000000000e+02 2.321928876797512658e+02 1.654221045472211529e+02
2.550000000000000000e+02 2.323871259230470230e+02 1.655437232802176482e+02
2.550000000000000000e+02 2.327025942479595813e+02 1.658576078507578586e+02
2.550000000000000000e+02 2.327578118927322066e+02 1.660948503692188183e+02
2.550000000000000000e+02 2.326917800233190690e+02 1.662728915662650593e+02
2.550000000000000000e+02 2.327420034978624130e+02 1.666261368052856540e+02
2.550000000000000000e+02 2.329258453167508662e+02 1.670766031869413268e+02
2.550000000000000000e+02 2.330042848814613308e+02 1.672956373882627190e+02
2.550000000000000000e+02 2.329327147298872944e+02 1.672585017489311952e+02
2.550000000000000000e+02 2.330238631947143517e+02 1.672028760202098852e+02
2.550000000000000000e+02 2.331722308589195620e+02 1.672615818111154340e+02
2.550000000000000000e+02 2.332614263505635392e+02 1.672933151962689351e+02
2.550000000000000000e+02 2.332521375825884320e+02 1.670986300038865124e+02
2.550000000000000000e+02 2.333286144578313213e+02 1.673602992615623748e+02
2.550000000000000000e+02 2.334043723280217648e+02 1.674509813447337763e+02
2.550000000000000000e+02 2.334054508356004760e+02 1.673975709288768030e+02
2.550000000000000000e+02 2.334249028371550594e+02 1.674250291488534685e+02
2.550000000000000000e+02 2.335504178002331912e+02 1.675611834434512275e+02
2.550000000000000000e+02 2.337163427905169044e+02 1.678268752429071071e+02
2.550000000000000000e+02 2.336349300427516482e+02 1.675339681305868567e+02
2.550000000000000000e+02 2.333580742324135144e+02 1.671657209483093709e+02
2.550000000000000000e+02 2.333834823163622332e+02 1.670328021764477171e+02
2.550000000000000000e+02 2.334455013602798203e+02 1.671295375048581491e+02
2.550000000000000000e+02 2.332372133696074741e+02 1.668780217644772677e+02
2.550000000000000000e+02 2.330244267392149311e+02 1.667339001165954073e+02
2.550000000000000000e+02 2.331487174504469522e+02 1.670592401865526710e+02
2.550000000000000000e+02 2.333194228527011376e+02 1.673095996890789081e+02
2.550000000000000000e+02 2.332086280606296214e+02 1.672076952973183097e+02
2.550000000000000000e+02 2.330465798678585259e+02 1.670141760590749982e+02
2.550000000000000000e+02 2.332866886902448584e+02 1.673614263505635336e+02
2.550000000000000000e+02 2.334070054411193098e+02 1.676462300816167783e+02
2.550000000000000000e+02 2.332881072677807879e+02 1.675079867858530918e+02
2.550000000000000000e+02 2.332461912164788203e+02 1.675245239020598547e+02
2.550000000000000000e+02 2.334202001554605488e+02 1.677282258064516043e+02
2.550000000000000000e+02 2.334182471822774971e+02 1.677571706179556941e+02
2.550000000000000000e+02 2.331496113486202830e+02 1.674115818111154397e+02
2.550000000000000000e+02 2.331191410804508450e+02 1.673334726000777266e+02
2.550000000000000000e+02 2.334085308977846864e+02 1.677726778080062218e+02
2.550000000000000000e+02 2.332991546832491281e+02 1.675667217256121262e+02
2.550000000000000000e+02 2.328736008550330325e+02 1.668818694131364282e+02
2.550000000000000000e+02 2.328731830547998527e+02 1.667351438010104800e+02
2.550000000000000000e+02 2.331901185386708164e+02 1.672564807617567055e+02
2.550000000000000000e+02 2.331738826272833194e+02 1.672240866692576731e+02
2.550000000000000000e+02 2.331378352118150019e+02 1.670540808394869714e+02
2.550000000000000000e+02 2.332374174115818164e+02 1.671569860085503194e+02
2.550000000000000000e+02 2.334314710454722217e+02 1.674708997279440439e+02
2.550000000000000000e+02 2.333126311698406425e+02 1.673555382821608930e+02
2.550000000000000000e+02 2.331125145744267400e+02 1.670727166731441855e+02
2.550000000000000000e+02 2.329864652157015144e+02 1.669111251457442791e+02
2.550000000000000000e+02 2.330077050136027879e+02 1.670148950641274723e+02
2.550000000000000000e+02 2.327968324912553442e+02 1.668468810726778031e+02
2.550000000000000000e+02 2.326413427905169158e+02 1.665982024873688374e+02
2.550000000000000000e+02 2.327376117372716635e+02 1.667332879906723804e+02
2.550000000000000000e+02 2.328336766420520689e+02 1.668893801010493689e+02
2.550000000000000000e+02 2.326987660318694111e+02 1.666732024873688260e+02
2.550000000000000000e+02 2.326272250291488604e+02 1.663907112320248700e+02
2.550000000000000000e+02 2.328477166731441912e+02 1.665038282160901701e+02
2.550000000000000000e+02 2.330259910610182601e+02 1.666710260396424417e+02
2.550000000000000000e+02 2.328690147687524359e+02 1.665212786630392543e+02
2.550000000000000000e+02 2.327843082005441033e+02 1.665490478041197093e+02
2.550000000000000000e+02 2.329091721725611990e+02 1.668044792071511893e+02
2.550000000000000000e+02 2.329101146521570058e+02 1.669229207151185506e+02
2.550000000000000000e+02 2.326867664205207973e+02 1.666853769918383250e+02
2.550000000000000000e+02 2.327687135639331473e+02 1.667743392926545027e+02
2.550000000000000000e+02 2.329172366886902523e+02 1.669251846094053633e+02
2.550000000000000000e+02 2.328756218422075506e+02 1.668109502526233996e+02
2.550000000000000000e+02 2.328380392537893613e+02 1.667143898173338528e+02
2.550000000000000000e+02 2.328898659152739867e+02 1.667582005441119293e+02
2.550000000000000000e+02 2.327109988340458528e+02 1.663944422852701166e+02
2.550000000000000000e+02 2.326573357947920613e+02 1.663513505635445142e+02
2.550000000000000000e+02 2.327266517683637801e+02 1.664883598911776232e+02
2.550000000000000000e+02 2.328143801010493519e+02 1.665378935095219504e+02
2.550000000000000000e+02 2.326720073843762009e+02 1.663199669646327266e+02
2.550000000000000000e+02 2.325592499028371662e+02 1.660667314418966214e+02
2.550000000000000000e+02 2.327515254566653766e+02 1.663892149242129790e+02
2.550000000000000000e+02 2.329470559657986826e+02 1.668576952973183154e+02
2.550000000000000000e+02 2.326536338904003003e+02 1.665699378157792410e+02
2.550000000000000000e+02 2.325422949863971951e+02 1.664366303925378929e+02
2.550000000000000000e+02 2.325239700738437705e+02 1.665319374271278718e+02
2.550000000000000000e+02 2.324737563155849216e+02 1.664971919937815699e+02
2.550000000000000000e+02 2.324954527788573557e+02 1.665341138748542562e+02
2.550000000000000000e+02 2.325845025262339618e+02 1.667576467158958451e+02
2.550000000000000000e+02 2.325865332296929751e+02 1.668119315973571588e+02
2.550000000000000000e+02 2.326185969685192276e+02 1.667290711232024876e+02
2.550000000000000000e+02 2.325737465993004207e+02 1.667471919937815699e+02
2.550000000000000000e+02 2.324686746987951835e+02 1.666831130975514839e+02
2.550000000000000000e+02 2.325477944034201414e+02 1.668337932374659829e+02
2.550000000000000000e+02 2.324394481150408183e+02 1.668663330742324149e+02
2.550000000000000000e+02 2.321282063738826196e+02 1.664504275165176921e+02
2.550000000000000000e+02 2.319128060629615220e+02 1.660051982122036520e+02
2.550000000000000000e+02 2.321913525068013939e+02 1.663044014768752561e+02
2.550000000000000000e+02 2.322250388651379751e+02 1.662256898561989829e+02
2.550000000000000000e+02 2.318917800233190860e+02 1.655984162456276749e+02
2.550000000000000000e+02 2.316186066848037228e+02 1.650624076952973098e+02
2.550000000000000000e+02 2.318785755926933518e+02 1.652881655654877591e+02
2.550000000000000000e+02 2.321448406529343060e+02 1.655338515351729427e+02
2.550000000000000000e+02 2.321365235134084628e+02 1.655632821609016787e+02
2.550000000000000000e+02 2.322079479207151280e+02 1.656494267392149311e+02
2.550000000000000000e+02 2.324582782743878795e+02 1.660311406917994645e+02
2.550000000000000000e+02 2.326602798289933958e+02 1.664714535561601281e+02
2.550000000000000000e+02 2.327099980567431032e+02 1.666205790905557649e+02
2.550000000000000000e+02 2.327386805285658795e+02 1.667378254955305010e+02
2.550000000000000000e+02 2.327798678585309062e+02 1.667816167897396156e+02
2.550000000000000000e+02 2.328694228527011205e+02 1.669188787407695429e+02
2.550000000000000000e+02 2.327853867081228145e+02 1.666561212592304742e+02
2.550000000000000000e+02 2.326440244850369083e+02 1.664569568596968452e+02
2.550000000000000000e+02 2.328279731830548087e+02 1.664932374659929906e+02
2.550000000000000000e+02 2.328393898173338528e+02 1.664639525845316825e+02
2.550000000000000000e+02 2.324763019821220382e+02 1.660378837932374552e+02
2.550000000000000000e+02 2.322885736494364437e+02 1.660760007773027667e+02
2.550000000000000000e+02 2.323873396813058605e+02 1.664021861640108852e+02
2.550000000000000000e+02 2.322092013214146959e+02 1.662857364943645564e+02
2.550000000000000000e+02 2.320446657598134550e+02 1.661527302759424742e+02
2.550000000000000000e+02 2.323195005829770707e+02 1.665866984065293366e+02
2.550000000000000000e+02 2.327778080062184358e+02 1.671538282160901758e+02
2.550000000000000000e+02 2.327500971628449236e+02 1.671429751263117112e+02
2.550000000000000000e+02 2.325625145744267286e+02 1.668010687912941989e+02
2.550000000000000000e+02 2.327340750097162925e+02 1.668911193159735831e+02
2.550000000000000000e+02 2.329013602798289924e+02 1.670895744267392047e+02
2.550000000000000000e+02 2.326863389040031223e+02 1.667962397979012792e+02
2.550000000000000000e+02 2.325696366109599751e+02 1.665687135639331586e+02
2.550000000000000000e+02 2.326377671978235639e+02 1.666986105713175164e+02
2.550000000000000000e+02 2.324583074232413651e+02 1.664142246404974799e+02
2.550000000000000000e+02 2.322592013214146789e+02 1.660789059463661204e+02
2.550000000000000000e+02 2.323294889234356901e+02 1.661451127089001147e+02
2.550000000000000000e+02 2.323914302370773441e+02 1.661679071123202505e+02
2.550000000000000000e+02 2.322072969296540919e+02 1.659834240186552563e+02
2.550000000000000000e+02 2.322134862028760267e+02 1.659775262339681206e+02
2.550000000000000000e+02 2.323599106101826521e+02 1.661525262339681319e+02
2.550000000000000000e+02 2.322166925767586463e+02 1.659093082005441033e+02
2.550000000000000000e+02 2.320938884570540210e+02 1.656049941702293040e+02
2.550000000000000000e+02 2.322682568985619866e+02 1.658171492421298012e+02
2.550000000000000000e+02 2.323147881849980649e+02 1.658518266614846368e+02
2.550000000000000000e+02 2.321055382821608930e+02 1.655635445005829638e+02
2.550000000000000000e+02 2.320151476875242906e+02 1.656210357559269255e+02
2.550000000000000000e+02 2.321321123202487229e+02 1.659093664982510745e+02
2.550000000000000000e+02 2.321842110376991855e+02 1.660943159735716961e+02
2.550000000000000000e+02 2.320018849591916137e+02 1.658540419743490020e+02
2.550000000000000000e+02 2.320182860474154722e+02 1.659605324523901970e+02
2.550000000000000000e+02 2.322209677419354819e+02 1.661939661873299769e+02
2.550000000000000000e+02 2.321405363389040133e+02 1.661535561601243671e+02
2.550000000000000000e+02 2.318515837543723421e+02 1.658312184220754091e+02
2.550000000000000000e+02 2.317856587640886232e+02 1.658421103769918261e+02
2.550000000000000000e+02 2.318650505246793614e+02 1.660366692576758680e+02
2.550000000000000000e+02 2.317852992615623862e+02 1.657510493587252256e+02
2.550000000000000000e+02 2.316018752429071128e+02 1.653896521570151492e+02
2.550000000000000000e+02 2.317257092887679732e+02 1.654718033424018699e+02
2.550000000000000000e+02 2.318552273610571319e+02 1.656770695685969770e+02
2.550000000000000000e+02 2.315999902837154991e+02 1.654310823940924990e+02
2.550000000000000000e+02 2.315059949475320593e+02 1.651605810338126616e+02
2.550000000000000000e+02 2.317282743878740803e+02 1.652660513019821167e+02
2.550000000000000000e+02 2.317248153905946424e+02 1.653156432180334150e+02
2.550000000000000000e+02 2.314319277108433823e+02 1.648708511465215736e+02
2.550000000000000000e+02 2.313337543723280305e+02 1.647987563155849102e+02
2.550000000000000000e+02 2.316502429071123288e+02 1.652516129032258050e+02
2.550000000000000000e+02 2.316953264671589636e+02 1.654188981733385049e+02
2.550000000000000000e+02 2.314529440342013231e+02 1.651716867469879446e+02
2.550000000000000000e+02 2.313534687135639274e+02 1.649903031480761797e+02
2.550000000000000000e+02 2.316824329576369905e+02 1.654864749319860096e+02
2.550000000000000000e+02 2.316098523124757094e+02 1.654803536727555411e+02
2.550000000000000000e+02 2.313893703847648737e+02 1.653037213369607343e+02
2.550000000000000000e+02 2.315581713952584550e+02 1.655082685581033672e+02
2.550000000000000000e+02 2.317322580645161167e+02 1.659152157015157343e+02
2.550000000000000000e+02 2.316719005052467821e+02 1.658303536727555354e+02
2.550000000000000000e+02 2.315082296929654149e+02 1.654036144578313383e+02
2.550000000000000000e+02 2.315916148464827131e+02 1.653143606684803615e+02
2.550000000000000000e+02 2.317960649047804225e+02 1.655381655654877591e+02
2.550000000000000000e+02 2.316637776914108144e+02 1.652226680917217152e+02
2.550000000000000000e+02 2.314163525068013882e+02 1.649352895452778967e+02
2.550000000000000000e+02 2.315237368830159426e+02 1.650893218033424148e+02
2.550000000000000000e+02 2.315344733773804933e+02 1.652758356004663938e+02
2.550000000000000000e+02 2.312979790128254933e+02 1.651331130975515009e+02
2.550000000000000000e+02 2.311544306257287076e+02 1.649749222697240612e+02
2.550000000000000000e+02 2.312368344345122466e+02 1.651226097940147781e+02
2.550000000000000000e+02 2.312536144578313326e+02 1.651833851535172926e+02
2.550000000000000000e+02 2.311204624951418509e+02 1.648767877963466901e+02
2.550000000000000000e+02 2.309639525845316825e+02 1.647057326078507629e+02
2.550000000000000000e+02 2.311173144189661741e+02 1.648261659541391282e+02
2.550000000000000000e+02 2.310944617178390956e+02 1.648230275942479466e+02
2.550000000000000000e+02 2.309507287213369580e+02 1.645313253012048165e+02
2.550000000000000000e+02 2.309160027205596464e+02 1.643488631947143404e+02
2.550000000000000000e+02 2.309283521181500305e+02 1.644360668480373135e+02
2.550000000000000000e+02 2.309037407695297190e+02 1.643876797512631072e+02
2.550000000000000000e+02 2.307183054799844513e+02 1.642060532452390191e+02
2.550000000000000000e+02 2.308837738048970039e+02 1.644222211426350668e+02
2.550000000000000000e+02 2.310357364943645564e+02 1.649340944422852715e+02
2.550000000000000000e+02 2.308529926156237764e+02 1.648656432180334264e+02
2.550000000000000000e+02 2.308082199766809310e+02 1.647608822386319503e+02
2.550000000000000000e+02 2.310316556548775679e+02 1.649394966964632658e+02
2.550000000000000000e+02 2.310608142246404952e+02 1.650910318694131433e+02
2.550000000000000000e+02 2.308904780411970421e+02 1.646950641274776501e+02
2.550000000000000000e+02 2.309540225417800343e+02 1.647670909444228471e+02
2.550000000000000000e+02 2.311418771861640096e+02 1.649303050913330821e+02
2.550000000000000000e+02 2.309736300038865124e+02 1.647487660318694225e+02
2.550000000000000000e+02 2.308241158181111530e+02 1.647818985619898910e+02
2.550000000000000000e+02 2.309828799067236673e+02 1.649803731053245315e+02
2.550000000000000000e+02 2.311055479984453882e+02 1.652007287213369580e+02
2.550000000000000000e+02 2.309872036533229789e+02 1.651120676253400745e+02
2.550000000000000000e+02 2.310308006218422179e+02 1.652763894286824780e+02
2.550000000000000000e+02 2.311674310143800994e+02 1.654090555771472850e+02
2.550000000000000000e+02 2.310951904391760650e+02 1.653867178390983383e+02
2.550000000000000000e+02 2.308178390983287898e+02 1.650929265448892238e+02
2.550000000000000000e+02 2.308331033812669943e+02 1.650682568985619980e+02
2.550000000000000000e+02 2.311422075398367610e+02 1.655067042363000382e+02
2.550000000000000000e+02 2.311162359113874913e+02 1.652934415079673443e+02
2.550000000000000000e+02 2.308555091333074358e+02 1.649259910610182658e+02
2.550000000000000000e+02 2.309944034201321301e+02 1.649848620287602046e+02
2.550000000000000000e+02 2.313682083171395334e+02 1.655041682860474168e+02
2.550000000000000000e+02 2.312153031480761740e+02 1.653093470656820898e+02
2.550000000000000000e+02 2.310943256898561913e+02 1.651039933929265544e+02
2.550000000000000000e+02 2.311684026428293919e+02 1.651653517294986386e+02
2.550000000000000000e+02 2.313387096774193594e+02 1.653885833657209616e+02
2.550000000000000000e+02 2.310828507578702045e+02 1.650972697240575258e+02
2.550000000000000000e+02 2.308965701515740250e+02 1.649086280606296100e+02
2.550000000000000000e+02 2.310781675087446558e+02 1.652012825495530421e+02
2.550000000000000000e+02 2.313493587252234818e+02 1.655669257675864685e+02
2.550000000000000000e+02 2.310743392926544857e+02 1.654242712786630420e+02
2.550000000000000000e+02 2.310693159735717188e+02 1.653934512242518338e+02
2.550000000000000000e+02 2.314814710454722047e+02 1.658107850757870096e+02
2.550000000000000000e+02 2.314868344345122466e+02 1.657416828604741568e+02
2.550000000000000000e+02 2.311235425573260898e+02 1.651947532063738890e+02
2.550000000000000000e+02 2.311122230858919409e+02 1.651571900505246902e+02
2.550000000000000000e+02 2.313893120870579025e+02 1.655578021764477228e+02
2.550000000000000000e+02 2.314164399533618450e+02 1.655322483482316329e+02
2.550000000000000000e+02 2.310889817333851397e+02 1.649222017100660764e+02
2.550000000000000000e+02 2.312187815779246023e+02 1.649743490089389866e+02
2.550000000000000000e+02 2.316054022541779887e+02 1.654036921881072715e+02
2.550000000000000000e+02 2.316050913330742276e+02 1.653482316362222946e+02
2.550000000000000000e+02 2.314061212592304742e+02 1.649777885736494341e+02
2.550000000000000000e+02 2.314765740380878469e+02 1.652335114652157131e+02
2.550000000000000000e+02 2.315931888845705373e+02 1.655026622619510306e+02
2.550000000000000000e+02 2.312954624951418623e+02 1.652695588806840306e+02
2.550000000000000000e+02 2.308863291877186157e+02 1.648288865137971300e+02
2.550000000000000000e+02 2.309829382044306385e+02 1.650338904003109235e+02
2.550000000000000000e+02 2.312756412747765182e+02 1.653967547609794053e+02
2.550000000000000000e+02 2.310821414691022255e+02 1.652262922658375430e+02
2.550000000000000000e+02 2.307273416245627686e+02 1.647589584143023842e+02
2.550000000000000000e+02 2.308850272055965718e+02 1.649639331519626921e+02
2.550000000000000000e+02 2.311854644383987534e+02 1.652531577924601720e+02
2.550000000000000000e+02 2.309181694520015640e+02 1.650480373105324645e+02
2.550000000000000000e+02 2.305355033035367285e+02 1.644876797512631299e+02
2.550000000000000000e+02 2.307448017877963480e+02 1.647736494364554858e+02
2.550000000000000000e+02 2.308632335794792141e+02 1.650338126700349903e+02
2.550000000000000000e+02 2.304626408861251434e+02 1.646213855421686674e+02
2.550000000000000000e+02 2.302236008550330268e+02 1.641906820831713958e+02
2.550000000000000000e+02 2.306856101826661529e+02 1.647061989895064187e+02
2.550000000000000000e+02 2.307980761756704169e+02 1.647832782743878681e+02
2.550000000000000000e+02 2.305307520404197419e+02 1.645163330742324206e+02
2.550000000000000000e+02 2.306535561601243671e+02 1.647026331130975620e+02
2.550000000000000000e+02 2.309910124368441586e+02 1.650163233579479254e+02
2.550000000000000000e+02 2.309406917994558910e+02 1.648014185775359408e+02
2.550000000000000000e+02 2.307170034978624074e+02 1.643281966575981414e+02
2.550000000000000000e+02 2.309107753595025372e+02 1.645419063350175009e+02
2.550000000000000000e+02 2.311840069957248431e+02 1.648270890011659446e+02
2.550000000000000000e+02 2.310881558492032752e+02 1.647759230470268221e+02
2.550000000000000000e+02 2.308142537893509427e+02 1.645239506412747801e+02
2.550000000000000000e+02 2.308159347065682141e+02 1.643353478429848451e+02
2.550000000000000000e+02 2.309639331519626921e+02 1.644936844150796844e+02
2.550000000000000000e+02 2.308353089778468643e+02 1.643434026428293748e+02
2.550000000000000000e+02 2.306328507578701874e+02 1.641086863583365698e+02
2.550000000000000000e+02 2.306901574038087972e+02 1.642879809560824071e+02
2.550000000000000000e+02 2.306860279828993328e+02 1.643366206762534034e+02
2.550000000000000000e+02 2.304015546055188395e+02 1.642341916051302064e+02
2.550000000000000000e+02 2.301704236300038815e+02 1.639500874465604454e+02
2.550000000000000000e+02 2.302452487368830134e+02 1.641165079673532716e+02
2.550000000000000000e+02 2.302465312864360669e+02 1.641704819277108527e+02
2.550000000000000000e+02 2.300431791682860592e+02 1.639460260396424474e+02
2.550000000000000000e+02 2.299722891566265162e+02 1.638685192382432945e+02
2.550000000000000000e+02 2.301808394869801759e+02 1.639932471822774858e+02
2.550000000000000000e+02 2.303351340847260076e+02 1.638838029537504895e+02
2.550000000000000000e+02 2.303183249125534360e+02 1.635689953361834341e+02
2.550000000000000000e+02 2.304854450058297743e+02 1.635610376991838280e+02
2.550000000000000000e+02 2.307402642829381989e+02 1.639773221919937782e+02
2.550000000000000000e+02 2.307581325301204913e+02 1.640200252623396864e+02
2.550000000000000000e+02 2.306286241741158278e+02 1.640390303148076043e+02
2.550000000000000000e+02 2.308028954527788699e+02 1.644620676253400688e+02
2.550000000000000000e+02 2.307326855810338202e+02 1.646453070345899619e+02
2.550000000000000000e+02 2.305942479595802581e+02 1.645636708122813729e+02
2.550000000000000000e+02 2.305673921492421243e+02 1.644240866692576617e+02
2.550000000000000000e+02 2.306394481150408069e+02 1.644555771472988681e+02
2.550000000000000000e+02 2.307054314030314686e+02 1.645389234356781856e+02
2.550000000000000000e+02 2.306991935483870861e+02 1.644341235911387571e+02
2.550000000000000000e+02 2.307609016712009407e+02 1.645524485036921760e+02
2.550000000000000000e+02 2.307492324135250783e+02 1.645386513797124053e+02
2.550000000000000000e+02 2.307675281772250173e+02 1.645027399922269637e+02
2.550000000000000000e+02 2.307957248348231758e+02 1.645148173338515392e+02
2.550000000000000000e+02 2.307624854255732600e+02 1.644427516517683614e+02
2.550000000000000000e+02 2.308179071123202561e+02 1.644409541391372045e+02
2.550000000000000000e+02 2.308657598134473403e+02 1.645409832879906844e+02
2.550000000000000000e+02 2.307887388262728336e+02 1.642534978624174187e+02
2.550000000000000000e+02 2.305993004275165106e+02 1.639557617567042485e+02
2.550000000000000000e+02 2.305551301982121970e+02 1.639827341624562678e+02
2.550000000000000000e+02 2.304949961134861951e+02 1.637836863583365812e+02
2.550000000000000000e+02 2.303572191993781644e+02 1.636337155071900611e+02
2.550000000000000000e+02 2.302878254955305124e+02 1.635688398756315678e+02
2.550000000000000000e+02 2.303613874854255812e+02 1.636719490866692581e+02
2.550000000000000000e+02 2.303854935872522276e+02 1.637192673921492485e+02
2.550000000000000000e+02 2.303418480373105410e+02 1.636695297318305506e+02
2.550000000000000000e+02 2.304198212203653213e+02 1.637623008161679081e+02
2.550000000000000000e+02 2.305844733773804762e+02 1.641054702681694550e+02
2.550000000000000000e+02 2.305925378935095296e+02 1.642922269724057571e+02
2.550000000000000000e+02 2.304841916051302064e+02 1.642303439564710459e+02
2.550000000000000000e+02 2.303449183832102563e+02 1.640832782743878795e+02
2.550000000000000000e+02 2.303345122425184570e+02 1.640067819665759714e+02
2.550000000000000000e+02 2.301907209483093766e+02 1.639791294209094303e+02
2.550000000000000000e+02 2.300361445783132410e+02 1.638042363000388661e+02
2.550000000000000000e+02 2.298672075398367554e+02 1.636484745433346291e+02
2.550000000000000000e+02 2.299830645161290192e+02 1.636908375437232905e+02
2.550000000000000000e+02 2.300607073455110765e+02 1.637277885736494341e+02
2.550000000000000000e+02 2.300570248736883059e+02 1.637222502914885354e+02
2.550000000000000000e+02 2.299980178779634628e+02 1.635841527399922199e+02
2.550000000000000000e+02 2.301155654877574932e+02 1.637740769529731892e+02
2.550000000000000000e+02 2.301478721336960689e+02 1.637681694520015583e+02
2.550000000000000000e+02 2.300005246793625986e+02 1.635987951807229024e+02
2.550000000000000000e+02 2.300590652934317859e+02 1.634343664982510802e+02
2.550000000000000000e+02 2.302065293431791702e+02 1.632832977069568585e+02
2.550000000000000000e+02 2.300818888457054072e+02 1.630810338126700287e+02
2.550000000000000000e+02 2.297904877574815430e+02 1.627504566653711606e+02
2.550000000000000000e+02 2.297831033812670114e+02 1.627134181888845603e+02
2.550000000000000000e+02 2.299251165954139253e+02 1.629434998056743211e+02
2.550000000000000000e+02 2.296669937815779292e+02 1.629422464049747248e+02
2.550000000000000000e+02 2.294219296541002677e+02 1.627838418188884475e+02
2.550000000000000000e+02 2.296972697240575201e+02 1.631691410804508280e+02
2.550000000000000000e+02 2.297988243295763766e+02 1.631985036921880976e+02
2.550000000000000000e+02 2.295278565876408834e+02 1.627698406529343060e+02
2.550000000000000000e+02 2.294739700738437591e+02 1.625233482316362199e+02
2.550000000000000000e+02 2.296228041197046252e+02 1.625789059463661204e+02
2.550000000000000000e+02 2.296761465215701605e+02 1.627768072289156578e+02
2.550000000000000000e+02 2.294855130198212123e+02 1.624833171395258375e+02
2.550000000000000000e+02 2.294136319471434149e+02 1.624033909832879772e+02
2.550000000000000000e+02 2.295987368830159312e+02 1.627785367275553767e+02
2.550000000000000000e+02 2.295243490089389695e+02 1.627425767586474876e+02
2.550000000000000000e+02 2.293237951807228967e+02 1.623285950252623309e+02
2.550000000000000000e+02 2.292906626506023997e+02 1.622664205207928489e+02
2.550000000000000000e+02 2.293639137193937074e+02 1.622914496696463402e+02
2.550000000000000000e+02 2.292935581033812582e+02 1.619388748542557437e+02
2.550000000000000000e+02 2.291252137582588375e+02 1.617160707345510957e+02
2.550000000000000000e+02 2.291833948698017878e+02 1.617226097940147724e+02
2.550000000000000000e+02 2.293461037699183862e+02 1.619266809172172543e+02
2.550000000000000000e+02 2.293413427905169044e+02 1.619855130198212123e+02
2.550000000000000000e+02 2.292944520015546175e+02 1.619619413136416597e+02
2.550000000000000000e+02 2.292936164010882294e+02 1.619172075398367667e+02
2.550000000000000000e+02 2.293432763311309657e+02 1.619871453556160077e+02
2.550000000000000000e+02 2.292758453167508605e+02 1.619448406529343174e+02
2.550000000000000000e+02 2.292708997279440268e+02 1.619257092887679619e+02
2.550000000000000000e+02 2.293550524679362752e+02 1.618625923047026731e+02
2.550000000000000000e+02 2.294301399144966922e+02 1.619404294597745775e+02
2.550000000000000000e+02 2.294274970851146520e+02 1.618826272833268547e+02
2.550000000000000000e+02 2.294636513797123882e+02 1.619354158569763058e+02
2.550000000000000000e+02 2.296393995336183309e+02 1.620870773416245640e+02
2.550000000000000000e+02 2.297335600466381607e+02 1.621941993781578049e+02
2.550000000000000000e+02 2.294801107656432180e+02 1.620654294597745775e+02
2.550000000000000000e+02 2.292692285270112791e+02 1.617730761756704112e+02
2.550000000000000000e+02 2.292402254178002465e+02 1.617135250680139791e+02
2.550000000000000000e+02 2.292964244073066595e+02 1.618621064904780553e+02
2.550000000000000000e+02 2.290965895841430324e+02 1.618538184998056693e+02
2.550000000000000000e+02 2.290452778857364819e+02 1.617546735328410534e+02
2.550000000000000000e+02 2.290857364943645678e+02 1.618253303536727685e+02
2.550000000000000000e+02 2.290592013214146903e+02 1.617844442285270077e+02
2.550000000000000000e+02 2.290129323746599255e+02 1.616873105324523863e+02
2.550000000000000000e+02 2.291256509910610077e+02 1.618577341624562678e+02
2.550000000000000000e+02 2.292418674698795087e+02 1.620188690244850420e+02
2.550000000000000000e+02 2.292357656432180306e+02 1.619797512631169809e+02
2.550000000000000000e+02 2.291730664593859217e+02 1.619760104935872391e+02
2.550000000000000000e+02 2.292872522347454378e+02 1.622178002331908147e+02
2.550000000000000000e+02 2.293236202876020116e+02 1.624858336572094970e+02
2.550000000000000000e+02 2.292705207928488278e+02 1.626106684803731071e+02
2.550000000000000000e+02 2.292399825106879234e+02 1.625346871356393308e+02
2.550000000000000000e+02 2.293109405363389044e+02 1.627169160513019790e+02
2.550000000000000000e+02 2.294175864749319942e+02 1.627589389817333938e+02
2.550000000000000000e+02 2.293851826661484665e+02 1.626684900893898202e+02
2.550000000000000000e+02 2.293581228138359904e+02 1.626414691022153249e+02
2.550000000000000000e+02 2.294155460551884858e+02 1.627254955305091357e+02
2.550000000000000000e+02 2.294268558103381395e+02 1.626478138359891261e+02
2.550000000000000000e+02 2.293801982122036520e+02 1.627229692965410095e+02
2.550000000000000000e+02 2.294040322580645181e+02 1.627887582588418240e+02
2.550000000000000000e+02 2.294349494753206500e+02 1.627573357947920840e+02
2.550000000000000000e+02 2.293964244073066538e+02 1.627462786630392486e+02
2.550000000000000000e+02 2.293435483870967744e+02 1.626924407306646003e+02
2.550000000000000000e+02 2.293535658764088510e+02 1.624695394481150288e+02
2.550000000000000000e+02 2.294230761756704169e+02 1.624464632724446176e+02
2.550000000000000000e+02 2.293843470656820784e+02 1.622223183054799733e+02
2.550000000000000000e+02 2.292782549553051012e+02 1.620345899727944072e+02
2.550000000000000000e+02 2.291036436066848125e+02 1.618201029926156309e+02
2.550000000000000000e+02 2.289767197823552181e+02 1.616330159347065774e+02
2.550000000000000000e+02 2.289007481539059370e+02 1.614656917994558967e+02
2.550000000000000000e+02 2.287448989506412715e+02 1.612769918383210381e+02
2.550000000000000000e+02 2.286433540614069102e+02 1.614131461329187687e+02
2.550000000000000000e+02 2.286515351729498775e+02 1.613763505635444915e+02
2.550000000000000000e+02 2.287537116206762562e+02 1.616650213758258872e+02
2.550000000000000000e+02 2.287034298484259693e+02 1.617281189273221855e+02
2.550000000000000000e+02 2.288217547609793883e+02 1.620570443062572963e+02
2.550000000000000000e+02 2.288665954139137284e+02 1.622065196268946750e+02
2.550000000000000000e+02 2.287815293431791588e+02 1.620702293043140401e+02
2.550000000000000000e+02 2.286312961523513536e+02 1.617306548775748070e+02
2.550000000000000000e+02 2.283527205596579961e+02 1.612125923047026959e+02
2.550000000000000000e+02 2.278288379323746540e+02 1.603701710066070802e+02
2.550000000000000000e+02 2.274236883015934723e+02 1.596012048192771147e+02
2.550000000000000000e+02 2.272270890011659503e+02 1.592484259619121758e+02
2.550000000000000000e+02 2.272084240186552790e+02 1.592511076564321684e+02
2.550000000000000000e+02 2.274107462106490516e+02 1.596382141469102294e+02
2.550000000000000000e+02 2.274373008161678911e+02 1.596826758647493136e+02
2.550000000000000000e+02 2.274759619121647916e+02 1.598007578701904379e+02
2.550000000000000000e+02 2.274614554994170135e+02 1.597560435289545353e+02
2.550000000000000000e+02 2.275323066459386041e+02 1.597458219976680880e+02
2.550000000000000000e+02 2.276366303925378816e+02 1.598692090944422830e+02
2.550000000000000000e+02 2.276656917994558853e+02 1.599164788184997974e+02
2.550000000000000000e+02 2.276976097940147667e+02 1.599918869024484991e+02
2.550000000000000000e+02 2.278103089778468586e+02 1.601022250291488547e+02
2.550000000000000000e+02 2.278368344345122409e+02 1.601219879518072275e+02
2.550000000000000000e+02 2.278987465993004378e+02 1.603592887679751300e+02
2.550000000000000000e+02 2.280851826661484552e+02 1.606968130586863595e+02
2.550000000000000000e+02 2.281185192382432945e+02 1.607945200155460554e+02
2.550000000000000000e+02 2.280476583754372371e+02 1.607808492032646654e+02
2.550000000000000000e+02 2.279537213369607400e+02 1.608022833268558145e+02
2.550000000000000000e+02 2.278870967741935374e+02 1.607402059852312561e+02
2.550000000000000000e+02 2.279098814613291779e+02 1.608639914496696406e+02
2.550000000000000000e+02 2.278458802953750535e+02 1.608053536727555297e+02
2.550000000000000000e+02 2.277938204430625717e+02 1.608306257287213441e+02
2.550000000000000000e+02 2.279133987563155870e+02 1.609815487757481662e+02
2.550000000000000000e+02 2.281077827438787438e+02 1.613061406917994418e+02
2.550000000000000000e+02 2.281794889234356845e+02 1.614064224640497400e+02
2.550000000000000000e+02 2.281543431791682792e+02 1.614447337738048986e+02
2.550000000000000000e+02 2.281467644772639005e+02 1.614077535950252695e+02
2.550000000000000000e+02 2.281613291877186214e+02 1.611959385930820190e+02
2.550000000000000000e+02 2.280661581811115468e+02 1.610482705013602924e+02
2.550000000000000000e+02 2.279211329187718604e+02 1.607841916051301894e+02
2.550000000000000000e+02 2.279654294597745832e+02 1.606940147687524245e+02
2.550000000000000000e+02 2.279620481927710784e+02 1.607045472211426329e+02
2.550000000000000000e+02 2.277953167508744627e+02 1.605713175281772180e+02
2.550000000000000000e+02 2.277747085114652066e+02 1.605120579090555850e+02
2.550000000000000000e+02 2.279709968907889674e+02 1.607851729498639770e+02
2.550000000000000000e+02 2.279842887679751300e+02 1.609040419743490133e+02
2.550000000000000000e+02 2.279407112320248814e+02 1.607907889623008089e+02
2.550000000000000000e+02 2.279793723280217534e+02 1.608539836766420592e+02
2.550000000000000000e+02 2.281767489312086923e+02 1.610524776525456616e+02
2.550000000000000000e+02 2.282017683637776884e+02 1.610840555771472964e+02
2.550000000000000000e+02 2.280893703847648624e+02 1.609421103769918489e+02
2.550000000000000000e+02 2.281123979790128260e+02 1.610141760590749982e+02
2.550000000000000000e+02 2.281869607462106444e+02 1.608426350563544531e+02
2.550000000000000000e+02 2.281377477652545736e+02 1.607739506412747801e+02
2.550000000000000000e+02 2.281105033035367171e+02 1.607137874076952926e+02
2.550000000000000000e+02 2.280264574426739159e+02 1.605723571706179484e+02
2.550000000000000000e+02 2.279437815779245966e+02 1.605594345122425182e+02
2.550000000000000000e+02 2.278004858142246292e+02 1.606632141469102351e+02
2.550000000000000000e+02 2.275812864360668470e+02 1.606542557326078509e+02
2.550000000000000000e+02 2.276286047415468374e+02 1.608495919160513097e+02
2.550000000000000000e+02 2.277142732219199388e+02 1.612243490089389866e+02
2.550000000000000000e+02 2.275543237465992945e+02 1.610144481150408069e+02
2.550000000000000000e+02 2.275052273610571376e+02 1.610373688301593518e+02
2.550000000000000000e+02 2.276345316750874588e+02 1.613263699961134989e+02
2.550000000000000000e+02 2.277369801787796462e+02 1.614981733385153575e+02
2.550000000000000000e+02 2.276559172172561318e+02 1.614390983287990764e+02
2.550000000000000000e+02 2.275151088223863098e+02 1.614037893509521950e+02
2.550000000000000000e+02 2.275320540225417858e+02 1.612677808006218356e+02
2.550000000000000000e+02 2.275994364554994149e+02 1.610756315584920344e+02
2.550000000000000000e+02 2.274815973571706138e+02 1.608990089389817228e+02
2.550000000000000000e+02 2.274746210649047669e+02 1.607449961134861951e+02
2.550000000000000000e+02 2.274745239020598433e+02 1.606735522736105679e+02
2.550000000000000000e+02 2.275276233968130555e+02 1.606298289933929198e+02
2.550000000000000000e+02 2.275118830159346999e+02 1.606008064516128968e+02
2.550000000000000000e+02 2.276342013214146789e+02 1.607652157015157286e+02
2.550000000000000000e+02 2.277054605518849542e+02 1.608385153517295123e+02
2.550000000000000000e+02 2.278710066070734683e+02 1.610169840652934283e+02
2.550000000000000000e+02 2.276968130586863595e+02 1.610755926933540536e+02
2.550000000000000000e+02 2.275790614069179867e+02 1.610722600077730249e+02
2.550000000000000000e+02 2.276185678196657705e+02 1.611000485814224703e+02
2.550000000000000000e+02 2.276845996890789081e+02 1.612016614846482696e+02
2.550000000000000000e+02 2.276100174893120993e+02 1.612280314807617572e+02
2.550000000000000000e+02 2.275211523513408451e+02 1.609985522736105850e+02
2.550000000000000000e+02 2.277216964632724512e+02 1.613169840652934397e+02
2.550000000000000000e+02 2.277827438787407743e+02 1.613074815390594665e+02
2.550000000000000000e+02 2.276133307423241376e+02 1.610979498639720191e+02
2.550000000000000000e+02 2.273925184609405505e+02 1.608390497473766061e+02
2.550000000000000000e+02 2.273781286436066864e+02 1.609355713175281721e+02
2.550000000000000000e+02 2.272340069957248261e+02 1.607923532841041663e+02
2.550000000000000000e+02 2.270429945588806788e+02 1.605819860085503308e+02
2.550000000000000000e+02 2.270846968519238374e+02 1.606205985231247553e+02
2.550000000000000000e+02 2.272203847648659121e+02 1.607818596968519103e+02
2.550000000000000000e+02 2.271638165565487668e+02 1.609311795569374226e+02
2.550000000000000000e+02 2.271284395647104475e+02 1.609442965410027284e+02
2.550000000000000000e+02 2.272630586863583346e+02 1.610863972017100707e+02
2.550000000000000000e+02 2.275050816167897381e+02 1.615064516129032199e+02
2.550000000000000000e+02 2.274748834045860804e+02 1.615279828993392925e+02
2.550000000000000000e+02 2.274592887679751243e+02 1.613657209483093595e+02
2.550000000000000000e+02 2.274732899339292658e+02 1.613225514963078240e+02
2.550000000000000000e+02 2.275542460163233613e+02 1.613569082782743749e+02
2.550000000000000000e+02 2.276151962689467609e+02 1.613287019043917496e+02
2.550000000000000000e+02 2.275021667314418892e+02 1.611934900893898259e+02
2.550000000000000000e+02 2.275482607850757972e+02 1.614042654488923461e+02
2.550000000000000000e+02 2.276846094053633749e+02 1.615839195491643920e+02
2.550000000000000000e+02 2.275954527788573785e+02 1.616309366498251165e+02
2.550000000000000000e+02 2.274084434512242581e+02 1.612848523124757207e+02
2.550000000000000000e+02 2.274428488146132850e+02 1.613808977846871358e+02
2.550000000000000000e+02 2.275573940924990382e+02 1.613694325689856157e+02
2.550000000000000000e+02 2.274535853089778357e+02 1.612171589584143021e+02
2.550000000000000000e+02 2.275159832879906787e+02 1.611931305868635889e+02
2.550000000000000000e+02 2.276428973960357496e+02 1.612251165954139083e+02
2.550000000000000000e+02 2.277101340847260076e+02 1.613706373882627361e+02
2.550000000000000000e+02 2.275836086280606310e+02 1.612412261951029961e+02
2.550000000000000000e+02 2.276004760979401453e+02 1.613479984453944951e+02
2.550000000000000000e+02 2.277195588806840192e+02 1.613920617955693615e+02
2.550000000000000000e+02 2.277326564321803346e+02 1.614938495919160459e+02
2.550000000000000000e+02 2.276361640108822257e+02 1.613795277885736539e+02
2.550000000000000000e+02 2.275330353672755450e+02 1.613237077341624683e+02
2.550000000000000000e+02 2.275805868635833633e+02 1.614236105713175391e+02
2.550000000000000000e+02 2.275244073066459407e+02 1.614390691799455908e+02
2.550000000000000000e+02 2.275296152351340879e+02 1.614120676253400575e+02
2.550000000000000000e+02 2.275076078507578643e+02 1.612459774582199827e+02
2.550000000000000000e+02 2.275615915273999121e+02 1.614821511853866980e+02
2.550000000000000000e+02 2.275978041197046196e+02 1.616413913719393634e+02
2.550000000000000000e+02 2.277024582199766769e+02 1.617526428293820402e+02
2.550000000000000000e+02 2.276866886902448641e+02 1.617856296152351376e+02
2.550000000000000000e+02 2.277100369218810840e+02 1.618080839486980267e+02
2.550000000000000000e+02 2.276434317916828718e+02 1.615461232024873652e+02
2.550000000000000000e+02 2.276282452390206004e+02 1.613213272444617132e+02
2.550000000000000000e+02 2.275984842596191129e+02 1.611472697240575087e+02
2.550000000000000000e+02 2.276217256121259140e+02 1.612150602409638509e+02
2.550000000000000000e+02 2.276489020598523041e+02 1.612579187718616538e+02
2.550000000000000000e+02 2.276672172561212619e+02 1.614633598911776176e+02
2.550000000000000000e+02 2.276208705790905640e+02 1.615835211815002026e+02
2.550000000000000000e+02 2.276495627671978355e+02 1.617205693742712924e+02
2.550000000000000000e+02 2.277004469490866825e+02 1.618588029537504838e+02
2.550000000000000000e+02 2.277287019043917553e+02 1.619443839875631568e+02
2.550000000000000000e+02 2.277094636610960094e+02 1.617230956082394187e+02
2.550000000000000000e+02 2.277504080839486846e+02 1.616275942479595926e+02
2.550000000000000000e+02 2.278186746987951778e+02 1.616534298484259580e+02
2.550000000000000000e+02 2.278099786241741072e+02 1.615376797512631128e+02
2.550000000000000000e+02 2.278913913719393634e+02 1.615640108822386196e+02
2.550000000000000000e+02 2.278808200544112026e+02 1.616722405752040288e+02
2.550000000000000000e+02 2.279611348620287572e+02 1.619684512242518508e+02
2.550000000000000000e+02 2.280874951418577439e+02 1.622397104547221147e+02
2.550000000000000000e+02 2.280960551884959102e+02 1.622821706179556998e+02
2.550000000000000000e+02 2.280716770307034551e+02 1.621595802565099120e+02
2.550000000000000000e+02 2.281163525068014053e+02 1.619587738048970209e+02
2.550000000000000000e+02 2.282539933929265317e+02 1.619064030314807496e+02
2.550000000000000000e+02 2.281529828993392925e+02 1.616377186164010880e+02
2.550000000000000000e+02 2.279194908666925699e+02 1.613504663816556501e+02
2.550000000000000000e+02 2.277941410804508280e+02 1.611603478429848337e+02
2.550000000000000000e+02 2.277414205207928433e+02 1.610749999999999886e+02
2.550000000000000000e+02 2.275742032646715813e+02 1.609049553050913346e+02
2.550000000000000000e+02 2.273905654877574705e+02 1.607746016323357878e+02
2.550000000000000000e+02 2.274492809949475429e+02 1.607749125534395773e+02
2.550000000000000000e+02 2.275486688690244819e+02 1.608152448503692256e+02
2.550000000000000000e+02 2.274905946366109504e+02 1.609134667703070249e+02
2.550000000000000000e+02 2.273696754760979388e+02 1.609011853867081356e+02
2.550000000000000000e+02 2.274585114652157074e+02 1.609903420132141605e+02
2.550000000000000000e+02 2.275667605907501070e+02 1.611656820831713901e+02
2.550000000000000000e+02 2.274868538670812370e+02 1.610262048192770976e+02
2.550000000000000000e+02 2.273405849203264779e+02 1.608812281383598872e+02
2.550000000000000000e+02 2.274207248348231758e+02 1.608372133696074684e+02
2.550000000000000000e+02 2.275039739603575697e+02 1.608823843762145316e+02
2.550000000000000000e+02 2.273285172949863977e+02 1.605852603964244167e+02
2.550000000000000000e+02 2.272554022541779943e+02 1.604268655266226062e+02
2.550000000000000000e+02 2.274496113486202944e+02 1.607405654877574932e+02
2.550000000000000000e+02 2.274667897396035698e+02 1.608929945588806731e+02
2.550000000000000000e+02 2.272778663039253786e+02 1.607019724057520307e+02
2.550000000000000000e+02 2.273474154683249253e+02 1.608005635445005908e+02
2.550000000000000000e+02 2.275643801010493519e+02 1.609997765254566673e+02
2.550000000000000000e+02 2.276570345899727954e+02 1.613210260396424474e+02
2.550000000000000000e+02 2.275613000388651415e+02 1.614308394869801759e+02
2.550000000000000000e+02 2.275086086280606423e+02 1.614671395258453117e+02
2.550000000000000000e+02 2.276554897007384284e+02 1.618102701127089063e+02
2.550000000000000000e+02 2.275883210260396368e+02 1.617320248736882888e+02
2.550000000000000000e+02 2.276119801787796462e+02 1.614200544111931492e+02
2.550000000000000000e+02 2.275806743101437917e+02 1.611726778080062275e+02
2.550000000000000000e+02 2.275403905946366194e+02 1.609242421298095564e+02
2.550000000000000000e+02 2.273307228915662677e+02 1.606777788573649559e+02
2.550000000000000000e+02 2.271653128643606578e+02 1.605236883015934666e+02
2.550000000000000000e+02 2.272388359891177743e+02 1.608168383210260401e+02
2.550000000000000000e+02 2.271699766809172161e+02 1.608482024873688374e+02
2.550000000000000000e+02 2.271407695297318412e+02 1.608880003886513919e+02
2.550000000000000000e+02 2.271101826661484608e+02 1.608310532452390191e+02
2.550000000000000000e+02 2.271373396813058605e+02 1.608866886902448528e+02
2.550000000000000000e+02 2.272441605130198070e+02 1.608539739603575640e+02
2.550000000000000000e+02 2.271893703847648567e+02 1.607717741935483957e+02
2.550000000000000000e+02 2.271478915662650593e+02 1.607709385930820076e+02
2.550000000000000000e+02 2.270672366886902580e+02 1.606193645549941778e+02
2.550000000000000000e+02 2.270475223474543327e+02 1.606709871745044609e+02
2.550000000000000000e+02 2.269991255343956595e+02 1.604874951418577496e+02
2.550000000000000000e+02 2.268514477263894378e+02 1.603503692188107266e+02
2.550000000000000000e+02 2.268124757092887762e+02 1.602899144966964684e+02
2.550000000000000000e+02 2.268351438010105028e+02 1.603097065682083269e+02
2.550000000000000000e+02 2.268168383210260401e+02 1.602549844539448145e+02
2.550000000000000000e+02 2.267925864749319942e+02 1.602038573649436444e+02
2.550000000000000000e+02 2.268318888457054072e+02 1.601995044694908756e+02
2.550000000000000000e+02 2.269308394869801759e+02 1.602787213369607571e+02
2.550000000000000000e+02 2.268673532841041549e+02 1.601780314807617458e+02
2.550000000000000000e+02 2.267780411970462353e+02 1.601751943256898585e+02
2.550000000000000000e+02 2.268834920326467284e+02 1.602455402254178125e+02
2.550000000000000000e+02 2.268574426739214971e+02 1.601696754760979502e+02
2.550000000000000000e+02 2.267649727944034339e+02 1.600749708511465315e+02
2.550000000000000000e+02 2.267630003886513919e+02 1.600034492809949427e+02
2.550000000000000000e+02 2.268794306257287303e+02 1.601319082782743806e+02
2.550000000000000000e+02 2.269153711620676290e+02 1.602284978624174130e+02
2.550000000000000000e+02 2.267807714729887323e+02 1.600742712786630477e+02
2.550000000000000000e+02 2.265994850369218909e+02 1.598907403808783556e+02
2.550000000000000000e+02 2.265202876020209999e+02 1.598619898950641414e+02
2.550000000000000000e+02 2.264394869801787706e+02 1.598034298484259637e+02
2.550000000000000000e+02 2.262848037310532447e+02 1.596771861640108909e+02
2.550000000000000000e+02 2.262680237077341587e+02 1.596126408861251491e+02
2.550000000000000000e+02 2.263002914885347820e+02 1.597380586863583289e+02
2.550000000000000000e+02 2.262438495919160459e+02 1.597116012436844130e+02
2.550000000000000000e+02 2.262190244850369254e+02 1.597081130975514895e+02
2.550000000000000000e+02 2.263118441507967304e+02 1.596448600855032964e+02
2.550000000000000000e+02 2.263990575204041988e+02 1.595734162456276692e+02
2.550000000000000000e+02 2.263669354838709751e+02 1.593706373882627361e+02
2.550000000000000000e+02 2.263996016323357878e+02 1.594611834434512332e+02
2.550000000000000000e+02 2.264896424407306768e+02 1.595710746210648949e+02
2.550000000000000000e+02 2.264632141469102180e+02 1.599342207539836807e+02
2.550000000000000000e+02 2.263456276719782352e+02 1.600001457442673996e+02
2.550000000000000000e+02 2.263335989117761358e+02 1.601875340069957190e+02
2.550000000000000000e+02 2.264436552662261875e+02 1.605080645161290249e+02
2.550000000000000000e+02 2.264570151574038164e+02 1.605267975126311626e+02
2.550000000000000000e+02 2.264724931986008585e+02 1.601905266226195010e+02
2.550000000000000000e+02 2.264195685969685314e+02 1.599302856587640917e+02
2.550000000000000000e+02 2.265796443839875565e+02 1.600228235522736213e+02
2.550000000000000000e+02 2.265834045860862886e+02 1.598516809172172657e+02
2.550000000000000000e+02 2.265069665759813518e+02 1.596423630003886558e+02
2.550000000000000000e+02 2.266235134084726042e+02 1.599927516517683728e+02
2.550000000000000000e+02 2.267525165176836310e+02 1.603200738437621453e+02
2.550000000000000000e+02 2.266948503692188126e+02 1.603246307811892848e+02
2.550000000000000000e+02 2.265974543334628777e+02 1.602640108822386367e+02
2.550000000000000000e+02 2.267053439564710402e+02 1.604055188495919140e+02
2.550000000000000000e+02 2.267445005829770821e+02 1.605211912164788259e+02
2.550000000000000000e+02 2.265248834045860917e+02 1.604213078118927456e+02
2.550000000000000000e+02 2.262916342790516921e+02 1.601652739992227055e+02
2.550000000000000000e+02 2.261408764088612600e+02 1.603528371550719100e+02
2.550000000000000000e+02 2.261518752429071242e+02 1.603362708900116615e+02
2.550000000000000000e+02 2.260524776525456616e+02 1.600109891177613690e+02
2.550000000000000000e+02 2.258446949086669235e+02 1.597622910998834129e+02
2.550000000000000000e+02 2.259217353284104206e+02 1.597549650213758241e+02
2.550000000000000000e+02 2.259667120093276367e+02 1.597388554216867362e+02
2.550000000000000000e+02 2.258726000777302829e+02 1.595688398756315678e+02
2.550000000000000000e+02 2.257967547609794110e+02 1.595294792071511836e+02
2.550000000000000000e+02 2.258988146132918757e+02 1.596791780023318950e+02
2.550000000000000000e+02 2.257532452390206004e+02 1.594863097551496196e+02
2.550000000000000000e+02 2.254397881849980649e+02 1.591862320248736751e+02
2.550000000000000000e+02 2.251755149630781148e+02 1.587624465604352793e+02
2.550000000000000000e+02 2.249174212980956042e+02 1.585759036144578431e+02
2.550000000000000000e+02 2.247612125923047017e+02 1.584756801399144877e+02
2.550000000000000000e+02 2.245319471434123670e+02 1.583349397590361320e+02
2.550000000000000000e+02 2.244326272833268661e+02 1.581618830159347056e+02
2.550000000000000000e+02 2.244533812670034933e+02 1.582215895841430324e+02
2.550000000000000000e+02 2.244461620676253517e+02 1.578491546832491395e+02
2.550000000000000000e+02 2.244609891177613576e+02 1.575979887291099999e+02
2.550000000000000000e+02 2.246585891954916576e+02 1.576426933540614073e+02
2.550000000000000000e+02 2.248768946754761089e+02 1.578206859696852007e+02
2.550000000000000000e+02 2.248705305091333173e+02 1.578084337349397686e+02
2.550000000000000000e+02 2.248481539059463614e+02 1.579751360279828987e+02
2.550000000000000000e+02 2.247921200932763384e+02 1.580246599300427590e+02
2.550000000000000000e+02 2.248039253789351051e+02 1.580439759036144665e+02
2.550000000000000000e+02 2.247185775359502600e+02 1.580159055577147171e+02
2.550000000000000000e+02 2.247383696074621184e+02 1.580703361834434588e+02
2.550000000000000000e+02 2.248560240963855392e+02 1.579839972794403309e+02
2.550000000000000000e+02 2.248998056743101301e+02 1.578672464049747362e+02
2.550000000000000000e+02 2.246788184998056863e+02 1.576204722114263461e+02
2.550000000000000000e+02 2.243105518849591817e+02 1.570970462495141931e+02
2.550000000000000000e+02 2.240518363777691491e+02 1.567132530120481988e+02
2.550000000000000000e+02 2.238308977846871244e+02 1.566117275553828279e+02
2.550000000000000000e+02 2.236005829770695641e+02 1.565308103381267131e+02
2.550000000000000000e+02 2.234007870190439178e+02 1.564542168674698814e+02
2.550000000000000000e+02 2.235120384764865946e+02 1.564957831325301072e+02
2.550000000000000000e+02 2.235002234745433327e+02 1.565058880684026406e+02
2.550000000000000000e+02 2.233235036921880976e+02 1.564958025650990976e+02
2.550000000000000000e+02 2.233111640108822371e+02 1.566329576369996062e+02
2.550000000000000000e+02 2.235585697629226445e+02 1.569358142246404952e+02
2.550000000000000000e+02 2.236556645938593135e+02 1.571420617955693615e+02
2.550000000000000000e+02 2.235087640886125087e+02 1.570682860474154552e+02
2.550000000000000000e+02 2.235204430625728662e+02 1.567815876408861300e+02
2.550000000000000000e+02 2.236678585308977745e+02 1.566402739992226998e+02
2.550000000000000000e+02 2.236930625728721225e+02 1.565283424018655296e+02
2.550000000000000000e+02 2.235861834434512332e+02 1.563721628449281127e+02
2.550000000000000000e+02 2.237458025650990976e+02 1.565276136805285603e+02
2.550000000000000000e+02 2.239704527788573785e+02 1.569056257287213327e+02
2.550000000000000000e+02 2.238926059075009789e+02 1.569286533229692964e+02
2.550000000000000000e+02 2.237868538670812200e+02 1.568051496307811874e+02
2.550000000000000000e+02 2.240329187718616311e+02 1.570977555382821720e+02
2.550000000000000000e+02 2.240396813058686405e+02 1.570934998056742984e+02
2.550000000000000000e+02 2.238317139525845221e+02 1.568242712786630477e+02
2.550000000000000000e+02 2.237639525845316655e+02 1.565846482705013614e+02
2.550000000000000000e+02 2.238755829770695698e+02 1.566267100660707285e+02
2.550000000000000000e+02 2.237030411970462467e+02 1.563266129032257936e+02
2.550000000000000000e+02 2.235001360279829044e+02 1.561171103769918318e+02
2.550000000000000000e+02 2.236130975514963097e+02 1.562075884181888910e+02
2.550000000000000000e+02 2.237007092887679676e+02 1.563741061018266691e+02
2.550000000000000000e+02 2.237509133307423212e+02 1.565088806840264226e+02
2.550000000000000000e+02 2.236943645549941664e+02 1.565258161678974034e+02
2.550000000000000000e+02 2.236726195102992563e+02 1.566141469102215353e+02
2.550000000000000000e+02 2.236500777302759388e+02 1.566908861251457381e+02
2.550000000000000000e+02 2.233827341624562735e+02 1.564948212203653384e+02
2.550000000000000000e+02 2.232902934317916959e+02 1.564974640497473786e+02
2.550000000000000000e+02 2.233801010493587285e+02 1.565898756315584990e+02
2.550000000000000000e+02 2.234625631558492103e+02 1.567100563544500460e+02
2.550000000000000000e+02 2.234947920715118528e+02 1.566909347065682141e+02
2.550000000000000000e+02 2.235650796735328356e+02 1.567366789739603519e+02
2.550000000000000000e+02 2.236561504080839597e+02 1.568378935095219617e+02
2.550000000000000000e+02 2.237224931986008585e+02 1.569025456665371223e+02
2.550000000000000000e+02 2.236471725612125852e+02 1.568779537504858013e+02
2.550000000000000000e+02 2.235807326078507629e+02 1.569652254178002408e+02
2.550000000000000000e+02 2.235544014768752561e+02 1.571170229304314034e+02
2.550000000000000000e+02 2.235285950252623479e+02 1.571641566265060135e+02
2.550000000000000000e+02 2.235545666537116176e+02 1.573934609405363290e+02
2.550000000000000000e+02 2.236734939759036251e+02 1.575523610571317477e+02
2.550000000000000000e+02 2.236442771084337267e+02 1.571988631947143347e+02
2.550000000000000000e+02 2.236211134862028871e+02 1.567496210649047725e+02
2.550000000000000000e+02 2.236143218033423921e+02 1.565585114652157017e+02
2.550000000000000000e+02 2.236951029926156309e+02 1.565954139137193977e+02
2.550000000000000000e+02 2.236450932763311243e+02 1.565258938981733365e+02
2.550000000000000000e+02 2.236708122813836042e+02 1.565290322580645181e+02
2.550000000000000000e+02 2.237341721725612160e+02 1.564565584920326557e+02
2.550000000000000000e+02 2.238654877574815316e+02 1.566244656043529062e+02
2.550000000000000000e+02 2.238232996502137553e+02 1.565552079284881586e+02
2.550000000000000000e+02 2.237846385542168548e+02 1.564990575204041932e+02
2.550000000000000000e+02 2.238616012436844187e+02 1.566969976680917114e+02
2.550000000000000000e+02 2.239402448503692256e+02 1.567790808394869941e+02
2.550000000000000000e+02 2.237832588418188777e+02 1.566686261173727246e+02
2.550000000000000000e+02 2.237269141080450936e+02 1.566585600466381720e+02
2.550000000000000000e+02 2.238677030703458968e+02 1.569204527788573671e+02
2.550000000000000000e+02 2.239287602020987151e+02 1.571979207151185278e+02
2.550000000000000000e+02 2.236823066459385814e+02 1.571963369607462084e+02
2.550000000000000000e+02 2.233747182277496961e+02 1.570298970073843634e+02
2.550000000000000000e+02 2.229372716673144055e+02 1.566416634279051721e+02
2.550000000000000000e+02 2.225525748153905852e+02 1.562539836766420649e+02
2.550000000000000000e+02 2.221472502914885467e+02 1.559247570928876883e+02
2.550000000000000000e+02 2.216874076952973098e+02 1.553482510687912850e+02
2.550000000000000000e+02 2.214609502526234053e+02 1.551068694131364225e+02
2.550000000000000000e+02 2.212842887679751129e+02 1.548807131752817838e+02
2.550000000000000000e+02 2.212234065293431797e+02 1.547265837543723421e+02
2.550000000000000000e+02 2.211818694131364111e+02 1.544798095608239521e+02
2.550000000000000000e+02 2.212667022930431528e+02 1.544994461717839158e+02
2.550000000000000000e+02 2.212948892343567877e+02 1.545173435678196654e+02
2.550000000000000000e+02 2.213385445005829695e+02 1.545599106101826692e+02
2.550000000000000000e+02 2.214375825884181950e+02 1.546975806451612812e+02
2.550000000000000000e+02 2.215501748931208681e+02 1.550674698795180859e+02
2.550000000000000000e+02 2.216495627671978355e+02 1.554453653322969160e+02
2.550000000000000000e+02 2.217741449669646272e+02 1.557620579090555850e+02
2.550000000000000000e+02 2.218642829382044397e+02 1.560012436844150727e+02
2.550000000000000000e+02 2.220658181111543001e+02 1.562458802953750592e+02
2.550000000000000000e+02 2.221829576369996175e+02 1.560209968907889504e+02
2.550000000000000000e+02 2.223172269724057628e+02 1.559432180334240172e+02
2.550000000000000000e+02 2.224392343567819808e+02 1.559580742324135372e+02
2.550000000000000000e+02 2.224800524679362752e+02 1.559799650213758184e+02
2.550000000000000000e+02 2.225956276719782352e+02 1.559711329187718718e+02
2.550000000000000000e+02 2.227673532841041606e+02 1.560341916051301894e+02
2.550000000000000000e+02 2.227069665759813404e+02 1.559561018266614951e+02
2.550000000000000000e+02 2.226152448503692085e+02 1.557452778857364990e+02
2.550000000000000000e+02 2.227487271667314417e+02 1.557437621453556176e+02
2.550000000000000000e+02 2.228619996113486081e+02 1.559077924601632219e+02
2.550000000000000000e+02 2.229516712009327648e+02 1.561898367664205125e+02
2.550000000000000000e+02 2.230120676253400802e+02 1.564534881461329121e+02
2.550000000000000000e+02 2.230880975514963040e+02 1.566336183443451091e+02
2.550000000000000000e+02 2.231720365332296865e+02 1.566916731441896502e+02
2.550000000000000000e+02 2.228544597745822102e+02 1.565132918771861625e+02
2.550000000000000000e+02 2.226022833268557974e+02 1.562296832491255429e+02
2.550000000000000000e+02 2.226484356781966483e+02 1.560613680528565794e+02
2.550000000000000000e+02 2.227130781189273137e+02 1.561751360279828873e+02
2.550000000000000000e+02 2.226140400310921166e+02 1.559928390983288011e+02
2.550000000000000000e+02 2.226543334628837840e+02 1.559280314807617458e+02
2.550000000000000000e+02 2.229887193937038603e+02 1.564169063350175009e+02
2.550000000000000000e+02 2.231613972017100593e+02 1.565929848425961950e+02
2.550000000000000000e+02 2.231889817333851624e+02 1.565761076564321854e+02
2.550000000000000000e+02 2.232942965410027227e+02 1.566686844150796674e+02
2.550000000000000000e+02 2.234832199766809140e+02 1.568262436844150898e+02
2.550000000000000000e+02 2.235222114263505659e+02 1.570339195491644091e+02
2.550000000000000000e+02 2.235106976292265699e+02 1.571758064516129139e+02
2.550000000000000000e+02 2.236124854255732544e+02 1.572920326467159100e+02
2.550000000000000000e+02 2.237351729498639656e+02 1.574223183054799904e+02
2.550000000000000000e+02 2.237347260007773002e+02 1.574091624562767322e+02
2.550000000000000000e+02 2.236892829382044283e+02 1.570719879518072162e+02
2.550000000000000000e+02 2.239046541002720687e+02 1.569857947920715162e+02
2.550000000000000000e+02 2.239990380878352028e+02 1.568596871356393194e+02
2.550000000000000000e+02 2.240205305091332946e+02 1.568029246016323270e+02
2.550000000000000000e+02 2.240745821997668088e+02 1.567116595413913842e+02
2.550000000000000000e+02 2.241955985231247439e+02 1.570839778468713632e+02
2.550000000000000000e+02 2.243191702293043193e+02 1.575332394092499158e+02
2.550000000000000000e+02 2.243052370773416158e+02 1.575440147687524188e+02
2.550000000000000000e+02 2.243715604352895525e+02 1.576554314030314856e+02
2.550000000000000000e+02 2.244953264671589466e+02 1.577952876020209771e+02
2.550000000000000000e+02 2.246719782355227437e+02 1.580685095219588163e+02
2.550000000000000000e+02 2.245751554605518834e+02 1.579268169452001587e+02
2.550000000000000000e+02 2.246065876408861186e+02 1.579063350174893117e+02
2.550000000000000000e+02 2.247092207539836863e+02 1.579677613680528623e+02
2.550000000000000000e+02 2.248755441119315890e+02 1.581306548775748126e+02
2.550000000000000000e+02 2.248842207539836693e+02 1.578664399533618337e+02
2.550000000000000000e+02 2.249114652157015257e+02 1.574628837932374665e+02
2.550000000000000000e+02 2.249121453556160191e+02 1.574421978235522772e+02
2.550000000000000000e+02 2.248338126700349733e+02 1.573592013214147016e+02
2.550000000000000000e+02 2.247194228527011148e+02 1.573311989895064187e+02
2.550000000000000000e+02 2.247149922269724129e+02 1.573366692576758510e+02
2.550000000000000000e+02 2.247274387874076922e+02 1.573561018266614724e+02
2.550000000000000000e+02 2.246486980178779618e+02 1.573463661095996997e+02
2.550000000000000000e+02 2.245962300816167954e+02 1.571328507578701874e+02
2.550000000000000000e+02 2.245424212980956042e+02 1.571307131752817838e+02
2.550000000000000000e+02 2.245333365720948393e+02 1.572156140691799351e+02
2.550000000000000000e+02 2.246112223085891912e+02 1.574987271667314417e+02
2.550000000000000000e+02 2.245732316362223173e+02 1.574645258453167571e+02
2.550000000000000000e+02 2.244556257287213441e+02 1.573613486202876004e+02
2.550000000000000000e+02 2.244383307423241263e+02 1.573093956471045374e+02
2.550000000000000000e+02 2.243239895064127438e+02 1.568261853867081186e+02
2.550000000000000000e+02 2.242522055965798700e+02 1.565576467158958280e+02
2.550000000000000000e+02 2.243048872910998739e+02 1.563760687912942160e+02
2.550000000000000000e+02 2.242755149630781091e+02 1.562902934317916959e+02
2.550000000000000000e+02 2.242435872522347324e+02 1.560946463272444475e+02
2.550000000000000000e+02 2.242186164010882123e+02 1.563378157792460286e+02
2.550000000000000000e+02 2.242368732996502274e+02 1.566183151962689521e+02
2.550000000000000000e+02 2.243084240186552734e+02 1.568144092499028375e+02
2.550000000000000000e+02 2.243206859696852007e+02 1.570691410804508337e+02
2.550000000000000000e+02 2.243468519238243175e+02 1.570334920326467056e+02
2.550000000000000000e+02 2.244808589195491777e+02 1.570990186552662351e+02
2.550000000000000000e+02 2.243951321414691051e+02 1.568103672755538298e+02
2.550000000000000000e+02 2.243320734551107591e+02 1.565873882627283251e+02
2.550000000000000000e+02 2.243778663039253729e+02 1.565723183054799961e+02
2.550000000000000000e+02 2.245319665759813574e+02 1.567717158958414245e+02
2.550000000000000000e+02 2.245247959580256634e+02 1.568963952584531683e+02
2.550000000000000000e+02 2.244203361834434531e+02 1.567934123591138871e+02
2.550000000000000000e+02 2.244386902448503633e+02 1.569565099106101798e+02
2.550000000000000000e+02 2.243240769529731722e+02 1.568442673921492485e+02
2.550000000000000000e+02 2.240288087835211854e+02 1.566463855421686731e+02
2.550000000000000000e+02 2.238393509521958720e+02 1.564474154683249196e+02
2.550000000000000000e+02 2.238831130975515009e+02 1.564310338126700231e+02
2.550000000000000000e+02 2.239547901282549560e+02 1.565603381267003442e+02
2.550000000000000000e+02 2.239444325689856328e+02 1.565719490866692638e+02
2.550000000000000000e+02 2.239373202487368815e+02 1.565915176836377896e+02
2.550000000000000000e+02 2.240828896230081568e+02 1.566325981344733691e+02
2.550000000000000000e+02 2.242003206373882733e+02 1.568155849203264722e+02
2.550000000000000000e+02 2.241015837543723421e+02 1.566359696851923786e+02
2.550000000000000000e+02 2.240180528565876443e+02 1.566012242518461051e+02
2.550000000000000000e+02 2.240309366498250938e+02 1.566043431791682963e+02
2.550000000000000000e+02 2.240396715895841453e+02 1.563636902448503747e+02
2.550000000000000000e+02 2.239585794792071454e+02 1.562197726389428567e+02
2.550000000000000000e+02 2.239728235522736099e+02 1.560873299650213823e+02
2.550000000000000000e+02 2.242131364166342848e+02 1.562311115429459676e+02
2.550000000000000000e+02 2.242295763699961242e+02 1.562226000777302772e+02
2.550000000000000000e+02 2.240853089778468643e+02 1.562896424407306597e+02
2.550000000000000000e+02 2.241697434900893882e+02 1.564602992615623691e+02
2.550000000000000000e+02 2.242881169840652831e+02 1.566742615623785468e+02
2.550000000000000000e+02 2.242564904780412007e+02 1.568164399533618223e+02
2.550000000000000000e+02 2.241936649825106826e+02 1.567800427516517630e+02
2.550000000000000000e+02 2.243070637388262867e+02 1.567762145355615928e+02
2.550000000000000000e+02 2.243771181500194416e+02 1.567586086280606423e+02
2.550000000000000000e+02 2.243187038476486634e+02 1.565765157403808701e+02
2.550000000000000000e+02 2.243848620287602103e+02 1.566462300816167783e+02
2.550000000000000000e+02 2.244159055577147228e+02 1.566500291488534913e+02
2.550000000000000000e+02 2.243765837543723194e+02 1.566897493198600841e+02
2.550000000000000000e+02 2.242390886125145641e+02 1.564704527788573785e+02
2.550000000000000000e+02 2.240584920326467113e+02 1.562803439564710573e+02
2.550000000000000000e+02 2.239369607462106444e+02 1.562342110376991968e+02
2.550000000000000000e+02 2.238709968907889731e+02 1.561193451224251874e+02
2.550000000000000000e+02 2.238471045472211358e+02 1.563154780411970535e+02
2.550000000000000000e+02 2.238182374659930076e+02 1.564211329187718604e+02
2.550000000000000000e+02 2.236853478429848394e+02 1.563926836377769121e+02
2.550000000000000000e+02 2.236245919160513154e+02 1.563543723280217534e+02
2.550000000000000000e+02 2.237427905169063251e+02 1.564967061795569236e+02
2.550000000000000000e+02 2.236835503303536825e+02 1.561903420132141491e+02
2.550000000000000000e+02 2.236127089001165871e+02 1.559460746210648949e+02
2.550000000000000000e+02 2.237108045083560057e+02 1.558507773027594112e+02
2.550000000000000000e+02 2.238004663816556672e+02 1.558534395647104418e+02
2.550000000000000000e+02 2.237153614457831452e+02 1.558099203264671644e+02
2.550000000000000000e+02 2.236255246793625986e+02 1.558309657986785908e+02
2.550000000000000000e+02 2.237853964244073097e+02 1.560630003886513748e+02
2.550000000000000000e+02 2.239042848814613365e+02 1.561930042751651797e+02
2.550000000000000000e+02 2.238199378157792410e+02 1.561436066848037285e+02
2.550000000000000000e+02 2.239121356393315239e+02 1.562715798678585202e+02
2.550000000000000000e+02 2.239608628060629485e+02 1.563761951029926252e+02
