2.550000000000000000e+02 1.393328799067236616e+02 1.364556451612903345e+02
2.550000000000000000e+02 1.353674374919031038e+02 1.355865882886384384e+02
2.549997085114652293e+02 1.318530897784686999e+02 1.347793755667832727e+02
2.549989635963207775e+02 1.288188560694390503e+02 1.337508744656043405e+02
2.549994494105453953e+02 1.280652610441767081e+02 1.331668447985490218e+02
2.549999028371550764e+02 1.295138942868247227e+02 1.332593114393056055e+02
2.550000000000000000e+02 1.304429977976421924e+02 1.330465248089130625e+02
2.549998542557326004e+02 1.297863065163881231e+02 1.328289933929265487e+02
2.549999352247700415e+02 1.299786565617307872e+02 1.330640141210001275e+02
2.550000000000000000e+02 1.317418707086410166e+02 1.338303374789480529e+02
2.549999838061925175e+02 1.330537634408602230e+02 1.341617437491903218e+02
2.550000000000000000e+02 1.332290776007254749e+02 1.341999125534395603e+02
2.550000000000000000e+02 1.341791844798549107e+02 1.343215118538670936e+02
2.550000000000000000e+02 1.350287925897137029e+02 1.344274031610312079e+02
2.550000000000000000e+02 1.339378805544759814e+02 1.341120125663946112e+02
2.550000000000000000e+02 1.330635445005829638e+02 1.338267262598782281e+02
2.550000000000000000e+02 1.332012080580386169e+02 1.337723474543334703e+02
2.550000000000000000e+02 1.334934738955823263e+02 1.341436390724186936e+02
2.550000000000000000e+02 1.348411225547350796e+02 1.344993198600855067e+02
2.549999838061925175e+02 1.379112093535431995e+02 1.353456244332167273e+02
2.550000000000000000e+02 1.405562896748283492e+02 1.361542298225158731e+02
2.550000000000000000e+02 1.411276557844280433e+02 1.364426415338774348e+02
2.550000000000000000e+02 1.412029084078248502e+02 1.361162877315714468e+02
2.550000000000000000e+02 1.454585438528306724e+02 1.370421848685062969e+02
2.549999190309625590e+02 1.516218907889623040e+02 1.387436844150796844e+02
2.549999676123850350e+02 1.529560662002850222e+02 1.389595640627024125e+02
2.550000000000000000e+02 1.496491611607721097e+02 1.380498769270630817e+02
2.550000000000000000e+02 1.445010040160642575e+02 1.368516323357947897e+02
2.550000000000000000e+02 1.417863227101956340e+02 1.362030217644772563e+02
2.550000000000000000e+02 1.426321252752947260e+02 1.363509198082653313e+02
2.550000000000000000e+02 1.434470138618992223e+02 1.365068013991449618e+02
2.550000000000000000e+02 1.419579446819536201e+02 1.361707475061536456e+02
2.550000000000000000e+02 1.399911581811115298e+02 1.360496826013732345e+02
2.550000000000000000e+02 1.403183702552144041e+02 1.363448957118797864e+02
2.550000000000000000e+02 1.403210098458349648e+02 1.365938431143930529e+02
2.550000000000000000e+02 1.372820475450187985e+02 1.361745206632983525e+02
2.550000000000000000e+02 1.359372166083689706e+02 1.357851567560564945e+02
2.550000000000000000e+02 1.391810305739085436e+02 1.364920650343308637e+02
2.550000000000000000e+02 1.415110279828993498e+02 1.368178196657597994e+02
2.550000000000000000e+02 1.396980664593859274e+02 1.361690795439823773e+02
2.550000000000000000e+02 1.385397072159606182e+02 1.358454624951418452e+02
2.550000000000000000e+02 1.415580386060370586e+02 1.367629712397979063e+02
2.550000000000000000e+02 1.432189888586604525e+02 1.365496664075657520e+02
2.550000000000000000e+02 1.404724381396553952e+02 1.355707831325301242e+02
2.550000000000000000e+02 1.373886999611348756e+02 1.346053731053245315e+02
2.550000000000000000e+02 1.354928261432827981e+02 1.338014153387744614e+02
2.549997408990801944e+02 1.351227652545666444e+02 1.336337608498510292e+02
2.549995465733903472e+02 1.328306127736753410e+02 1.330285820702163448e+02
2.549993360538929892e+02 1.290825884181888910e+02 1.317857397331260643e+02
2.549993198600855067e+02 1.266946495660059639e+02 1.311876700349786233e+02
2.549995789610053123e+02 1.268827730275942542e+02 1.311944876279310677e+02
2.549997085114652293e+02 1.271479628190180051e+02 1.311840102344863226e+02
2.549994494105453953e+02 1.268362644124886600e+02 1.317663395517554079e+02
2.549997732866951594e+02 1.257772055965798614e+02 1.319952552144060007e+02
2.549982510687912907e+02 1.244767942738696718e+02 1.318687653841171254e+02
2.549988826272833364e+02 1.252645096515092575e+02 1.320697791164658668e+02
2.549998542557326004e+02 1.281630716414043150e+02 1.328800362741287699e+02
2.549999028371550764e+02 1.292790678844409911e+02 1.326828928617696590e+02
2.549993522477004717e+02 1.291229919678714850e+02 1.322622587122684195e+02
2.549991903096255896e+02 1.295180884829641172e+02 1.323161031221660835e+02
2.549994656043529062e+02 1.289340912035237636e+02 1.323209450706050063e+02
2.549997732866951594e+02 1.270577795051172387e+02 1.317674569244720715e+02
2.549997247052727118e+02 1.283055123720689323e+02 1.323832588418189005e+02
2.550000000000000000e+02 1.329544144319212364e+02 1.338403452519756343e+02
2.550000000000000000e+02 1.363751781318823646e+02 1.350908148723927980e+02
2.550000000000000000e+02 1.374136060370514372e+02 1.354988664334758255e+02
2.550000000000000000e+02 1.390373915014898216e+02 1.360419581552014563e+02
2.550000000000000000e+02 1.402233287990672466e+02 1.363214794662521001e+02
2.550000000000000000e+02 1.404624627542427788e+02 1.363711296800103696e+02
2.550000000000000000e+02 1.410106231377121446e+02 1.362145679492162174e+02
2.550000000000000000e+02 1.411549423500453315e+02 1.360728559398885977e+02
2.550000000000000000e+02 1.418567333851535182e+02 1.361922043010752645e+02
2.550000000000000000e+02 1.435047933670164468e+02 1.352102442026169058e+02
2.550000000000000000e+02 1.436738891048063351e+02 1.347872943386448981e+02
2.550000000000000000e+02 1.427789059463661090e+02 1.340928067107138304e+02
2.550000000000000000e+02 1.413879064645679478e+02 1.335893898173338528e+02
2.550000000000000000e+02 1.402691086928358573e+02 1.331528695426868865e+02
2.549999838061925175e+02 1.402776428293820459e+02 1.336532258064516157e+02
2.550000000000000000e+02 1.395815196268946750e+02 1.340045990413265997e+02
2.550000000000000000e+02 1.374593211555900893e+02 1.337997959580256406e+02
2.550000000000000000e+02 1.359622684285529317e+02 1.335157079932633621e+02
2.550000000000000000e+02 1.364507546314289357e+02 1.336842531415986457e+02
2.550000000000000000e+02 1.373685062831972914e+02 1.340468648788703092e+02
2.549999838061925175e+02 1.373117793755667719e+02 1.341236721077859784e+02
2.549998380619251179e+02 1.366289998704495474e+02 1.338594215571965265e+02
2.550000000000000000e+02 1.364533132530120554e+02 1.337009651509262937e+02
2.550000000000000000e+02 1.382584531675087476e+02 1.341701807228915584e+02
2.550000000000000000e+02 1.403793723280217591e+02 1.344289739603575526e+02
2.550000000000000000e+02 1.417130943127347962e+02 1.346808848296411441e+02
2.550000000000000000e+02 1.410044694908666827e+02 1.344966154942350158e+02
2.550000000000000000e+02 1.400248089130716380e+02 1.342752461458738082e+02
2.550000000000000000e+02 1.414067398626765169e+02 1.345007287213369693e+02
2.550000000000000000e+02 1.435892116854514882e+02 1.349272736105713193e+02
2.549999838061925175e+02 1.433134311439305577e+02 1.351012112968001020e+02
2.549999676123850350e+02 1.410696495660059497e+02 1.345892116854514882e+02
2.550000000000000000e+02 1.394507222438139706e+02 1.341762534006995793e+02
2.550000000000000000e+02 1.388976065552532759e+02 1.341015837543723421e+02
2.550000000000000000e+02 1.372191022153128586e+02 1.338932504210389993e+02
2.550000000000000000e+02 1.353444908666925812e+02 1.337428423370903090e+02
2.549999838061925175e+02 1.360034816686099362e+02 1.338882951159476704e+02
2.550000000000000000e+02 1.363222405752040345e+02 1.340962883793237381e+02
2.550000000000000000e+02 1.344036468454463034e+02 1.336025068013991586e+02
2.550000000000000000e+02 1.340715442414820586e+02 1.336401735976162684e+02
2.550000000000000000e+02 1.371212916180852517e+02 1.344308038606037030e+02
2.550000000000000000e+02 1.399665759813447323e+02 1.353097713434382570e+02
2.550000000000000000e+02 1.398898335276590217e+02 1.350857947920715105e+02
2.550000000000000000e+02 1.394145614716932187e+02 1.350175864749319885e+02
2.550000000000000000e+02 1.394517910351081866e+02 1.344420909444228585e+02
2.549999514185775240e+02 1.381852247700479381e+02 1.337888813317787253e+02
2.550000000000000000e+02 1.367974478559398790e+02 1.333347098069698120e+02
2.550000000000000000e+02 1.373209936520274539e+02 1.333786112190698248e+02
2.550000000000000000e+02 1.373342401865526483e+02 1.333117955693742829e+02
2.550000000000000000e+02 1.342259360020728138e+02 1.333532679103510930e+02
2.550000000000000000e+02 1.326780509133307362e+02 1.333791780023319120e+02
2.550000000000000000e+02 1.338840037569633239e+02 1.338216899857494582e+02
2.550000000000000000e+02 1.342396845446301370e+02 1.339218162974478616e+02
2.550000000000000000e+02 1.333538023059981867e+02 1.338323293172690853e+02
2.550000000000000000e+02 1.331676059075009846e+02 1.340169225288249777e+02
2.550000000000000000e+02 1.338516323357947897e+02 1.343366692576758510e+02
2.550000000000000000e+02 1.344833527659023105e+02 1.343386287083819184e+02
2.550000000000000000e+02 1.354608271796864756e+02 1.344933605389299203e+02
2.550000000000000000e+02 1.359979595802565200e+02 1.346348782225676928e+02
2.549999352247700415e+02 1.376669095737789803e+02 1.342197499676123869e+02
2.550000000000000000e+02 1.392295310273351561e+02 1.340716090167120171e+02
2.550000000000000000e+02 1.401942771084337380e+02 1.339047480243554844e+02
2.550000000000000000e+02 1.400877866303925430e+02 1.336843341106360867e+02
2.550000000000000000e+02 1.399482445912682920e+02 1.335488081357688941e+02
2.550000000000000000e+02 1.398759878222567750e+02 1.334174925508485501e+02
2.550000000000000000e+02 1.409702195880295506e+02 1.337347940147687666e+02
2.550000000000000000e+02 1.428616886902448471e+02 1.341774841300686489e+02
2.549996275424277883e+02 1.412388586604482441e+02 1.337993911128384639e+02
2.549996923176577184e+02 1.399177678455758382e+02 1.332320734551107648e+02
2.549998866433475939e+02 1.412889461070086838e+02 1.338050265578442861e+02
2.549999352247700415e+02 1.408773481020857616e+02 1.339903161031221543e+02
2.550000000000000000e+02 1.375049876927063224e+02 1.332967353284104206e+02
2.549996923176577184e+02 1.350777464697499681e+02 1.328599397590361377e+02
2.549998218681176354e+02 1.350207928488146081e+02 1.329841948438916859e+02
2.549997732866951594e+02 1.353249611348620363e+02 1.329288606037051466e+02
2.549992550848555481e+02 1.346427160253918771e+02 1.326974510947013925e+02
2.549998542557326004e+02 1.350330029796605800e+02 1.327566394610700797e+02
2.549997570928876769e+02 1.368912747765254494e+02 1.331472017100660707e+02
2.549999028371550764e+02 1.384813123461588305e+02 1.334637096774193594e+02
2.549999838061925175e+02 1.396299553050913289e+02 1.339759198082653313e+02
2.549999838061925175e+02 1.400604352895452678e+02 1.343205726130327662e+02
2.550000000000000000e+02 1.394861542945977533e+02 1.345846936131623295e+02
2.550000000000000000e+02 1.388841333074232409e+02 1.345223150667184768e+02
2.550000000000000000e+02 1.395639169581552039e+02 1.346532581940665807e+02
2.550000000000000000e+02 1.396070896489182473e+02 1.347281707475061410e+02
2.550000000000000000e+02 1.373543205078377980e+02 1.343312281383599043e+02
2.550000000000000000e+02 1.356010331649177374e+02 1.339576693872263320e+02
2.550000000000000000e+02 1.370540225417800286e+02 1.343841980826531994e+02
2.550000000000000000e+02 1.389659282290452040e+02 1.347465993004275049e+02
2.549999352247700415e+02 1.374834661225547450e+02 1.342592466640756470e+02
2.549994494105453953e+02 1.363078118927322180e+02 1.338517133048322307e+02
2.550000000000000000e+02 1.395130684026428298e+02 1.344452325430755195e+02
2.549994008291229477e+02 1.407452552144060007e+02 1.348544986397201626e+02
2.549992226972405831e+02 1.393263699961134989e+02 1.343690568726518961e+02
2.549984777820961313e+02 1.399910448244591237e+02 1.342524290711232027e+02
2.549999676123850350e+02 1.428649760331649077e+02 1.345517068273092320e+02
2.550000000000000000e+02 1.445501522217903982e+02 1.349834661225547450e+02
2.549997408990801944e+02 1.445191086928358573e+02 1.347268428552921478e+02
2.549997085114652293e+02 1.434636287083819184e+02 1.345182990024614469e+02
2.549992388910480656e+02 1.426303925378934991e+02 1.346725612125923135e+02
2.549991579220106246e+02 1.421413719393703730e+02 1.351358012695945092e+02
2.549996113486202773e+02 1.423666925767586520e+02 1.355146230081616920e+02
2.549998218681176354e+02 1.416732575463142894e+02 1.355743619639849840e+02
2.549986397201710133e+02 1.403290581681565072e+02 1.353079414431921350e+02
2.549987692706309019e+02 1.411407889623008032e+02 1.346621162067625335e+02
2.549993684415079542e+02 1.425404521311050701e+02 1.345781675087446558e+02
2.549980243554864501e+02 1.432253854126182091e+02 1.343435840134732473e+02
2.549986883015934609e+02 1.441531934188366506e+02 1.344982348749838081e+02
2.549999676123850350e+02 1.460736170488405321e+02 1.349959191605130115e+02
2.549990931467806661e+02 1.464538152610441841e+02 1.353816556548775623e+02
2.549996275424277883e+02 1.457361704884052358e+02 1.352629226583754303e+02
2.549997408990801944e+02 1.464698147428423454e+02 1.355847745821997705e+02
2.549998056743101529e+02 1.489845349138489325e+02 1.361768201839616665e+02
2.549997085114652293e+02 1.501637517813188367e+02 1.366493716802694678e+02
2.549998056743101529e+02 1.494474834823163576e+02 1.362890432698536074e+02
2.549993036662780241e+02 1.488518752429071128e+02 1.361009845834952614e+02
2.549996923176577184e+02 1.493214794662521001e+02 1.363124757092887762e+02
2.550000000000000000e+02 1.484186746987951722e+02 1.361353478429848565e+02
2.549998866433475939e+02 1.478294306257287190e+02 1.359685192382432888e+02
2.549997570928876769e+02 1.499300751392667337e+02 1.366722373364425493e+02
2.549997732866951594e+02 1.516652092239927470e+02 1.373760687912942160e+02
2.550000000000000000e+02 1.514115008420779986e+02 1.372173370902966667e+02
2.549999190309625590e+02 1.503852830677548980e+02 1.371326758647493307e+02
2.549998704495400830e+02 1.497396197694001785e+02 1.370053763440860166e+02
2.550000000000000000e+02 1.506727069568596846e+02 1.374179297836507203e+02
2.550000000000000000e+02 1.507787602020987094e+02 1.373920844668998598e+02
2.550000000000000000e+02 1.500702649306905130e+02 1.371986332426480146e+02
2.549996599300427533e+02 1.499433702552144041e+02 1.369879194196139451e+02
2.549998704495400830e+02 1.502134667703070363e+02 1.371648853478429828e+02
2.549996275424277883e+02 1.496502947272962842e+02 1.373029861381007777e+02
2.549997247052727118e+02 1.487003335924342480e+02 1.369164075657468516e+02
2.549991255343956595e+02 1.480990413265967049e+02 1.367760558362482186e+02
2.549991093405881486e+02 1.487008841818888527e+02 1.369890529861380912e+02
2.549995141857753538e+02 1.490602085762404556e+02 1.370068337867599553e+02
2.549988988210908190e+02 1.480959159217515264e+02 1.365166148464826961e+02
2.549996113486202773e+02 1.481067657727684832e+02 1.361367567042362907e+02
2.549992226972405831e+02 1.494473377380489580e+02 1.364033067754890567e+02
2.549990931467806661e+02 1.494885833657209560e+02 1.363743684415079542e+02
2.549992874724705132e+02 1.477734000518201753e+02 1.358117146003368418e+02
2.549998218681176354e+02 1.473350660707345412e+02 1.357242842337090281e+02
2.549997894805026419e+02 1.490339098328799139e+02 1.361995562896748311e+02
2.549998704495400830e+02 1.494511432828086583e+02 1.363388068402642830e+02
2.549999352247700415e+02 1.481741805933411058e+02 1.360053925378934991e+02
2.549989150148983015e+02 1.473527659023189642e+02 1.357773999222697228e+02
2.549996761238502359e+02 1.486016647234097547e+02 1.363675832361704749e+02
2.549996275424277883e+02 1.483073746599300478e+02 1.364668998574944965e+02
2.549996275424277883e+02 1.470766452908407871e+02 1.362979012825495602e+02
2.549996923176577184e+02 1.486267327374012268e+02 1.367369315973571702e+02
2.549999028371550764e+02 1.513738988210908190e+02 1.375048095608239294e+02
2.549996275424277883e+02 1.507275553828216061e+02 1.374948503692188240e+02
2.549999676123850350e+02 1.492472794403420266e+02 1.372847681046767718e+02
2.549996437362352708e+02 1.492266809172172657e+02 1.372112644124886742e+02
2.549997732866951594e+02 1.499357429718875494e+02 1.373708705790905640e+02
2.550000000000000000e+02 1.504450220235781899e+02 1.377384052338385914e+02
2.550000000000000000e+02 1.495390918512760834e+02 1.366891922528824921e+02
2.549997570928876769e+02 1.486186844150796844e+02 1.359922593600207392e+02
2.550000000000000000e+02 1.487077017748412970e+02 1.357752299520663257e+02
2.550000000000000000e+02 1.483594539448114915e+02 1.356515092628578714e+02
2.549995465733903472e+02 1.465686779375566857e+02 1.351673306127736680e+02
2.549998380619251179e+02 1.457032970592045729e+02 1.349152092239927470e+02
2.549998218681176354e+02 1.483805706697758637e+02 1.355962236040938080e+02
2.549999514185775240e+02 1.506815973571706309e+02 1.361678326208057968e+02
2.549997247052727118e+02 1.501030735846612174e+02 1.361877024225935884e+02
2.549998704495400830e+02 1.482044792071511949e+02 1.356750712527529572e+02
2.549985425573260898e+02 1.483277464697499681e+02 1.359036630392537859e+02
2.549994332167379127e+02 1.496176803990154269e+02 1.362695945070605035e+02
2.549997247052727118e+02 1.493869186423111728e+02 1.363500615364684450e+02
2.550000000000000000e+02 1.489262048192771033e+02 1.364108692835859529e+02
2.549998542557326004e+02 1.490823617048840504e+02 1.364866886902448471e+02
2.549998542557326004e+02 1.496814516129032313e+02 1.367863389040031166e+02
2.549999190309625590e+02 1.493853316491773455e+02 1.367781772250291397e+02
2.549990607591657010e+02 1.470308006218422179e+02 1.362810111413395475e+02
2.549989959839357425e+02 1.453238761497603377e+02 1.357676188625469536e+02
2.549990607591657010e+02 1.454041812410933971e+02 1.358806678326208157e+02
2.549998542557326004e+02 1.461492907112320268e+02 1.359400829122943435e+02
2.549998056743101529e+02 1.461376311698406596e+02 1.356416148464826961e+02
2.549995627671978298e+02 1.457305836248218611e+02 1.355724834823163576e+02
2.549989312087057840e+02 1.460479660577795187e+02 1.354771181500194359e+02
2.549992874724705132e+02 1.458775262339681262e+02 1.354074685840134862e+02
2.549995627671978298e+02 1.449738955823293054e+02 1.351621000129550509e+02
2.549996437362352708e+02 1.452064872392797099e+02 1.351777756186034480e+02
2.549994332167379127e+02 1.462216284492809848e+02 1.355672204948827471e+02
2.549994494105453953e+02 1.462463725871226927e+02 1.354584628837932314e+02
2.549999190309625590e+02 1.461639623008161664e+02 1.354509651509262937e+02
2.549999838061925175e+02 1.466868279569892479e+02 1.354738631947143404e+02
2.549998218681176354e+02 1.465534233709029763e+02 1.354946722373364310e+02
2.549998704495400830e+02 1.457960713823034098e+02 1.352888003627412843e+02
2.550000000000000000e+02 1.456366271537764021e+02 1.352761691929006247e+02
2.550000000000000000e+02 1.449302856587640917e+02 1.351983255603057330e+02
2.549996761238502359e+02 1.434728105972276069e+02 1.348990154165047386e+02
2.549996275424277883e+02 1.439757740639979318e+02 1.352330126959450638e+02
2.549998218681176354e+02 1.450731636222308509e+02 1.354280833009457297e+02
2.549997247052727118e+02 1.453839713693483588e+02 1.356071220365332408e+02
2.549990769529731836e+02 1.452128190180075080e+02 1.355770015546055163e+02
2.549999190309625590e+02 1.450603057390853792e+02 1.351245465733903472e+02
2.550000000000000000e+02 1.464609405363389101e+02 1.354639525845316825e+02
2.549998866433475939e+02 1.467763797123979828e+02 1.351788120222826706e+02
2.550000000000000000e+02 1.460030282420002550e+02 1.350946528047674633e+02
2.549999838061925175e+02 1.456211620676253347e+02 1.349815066718486776e+02
2.549993846353154652e+02 1.462219847130457424e+02 1.356475579738307999e+02
2.549999676123850350e+02 1.463067916828604780e+02 1.359972470527270332e+02
2.549996437362352708e+02 1.455222502914885467e+02 1.360046314289415648e+02
2.549998218681176354e+02 1.460354806322062302e+02 1.363089292654488816e+02
2.550000000000000000e+02 1.479947208187589069e+02 1.368222567690115170e+02
2.550000000000000000e+02 1.483710325171654461e+02 1.371427969944293181e+02
2.550000000000000000e+02 1.463306127736753410e+02 1.367713272444617303e+02
2.549999190309625590e+02 1.456061827956989134e+02 1.365695362093535437e+02
2.550000000000000000e+02 1.473270015546055163e+02 1.371070410674957998e+02
2.549999676123850350e+02 1.468742550848555481e+02 1.368830807099365074e+02
2.549998542557326004e+02 1.434808265319341842e+02 1.361183119575074443e+02
2.549997732866951594e+02 1.427466964632724569e+02 1.359072742583236106e+02
2.549992712786630307e+02 1.444631267003497896e+02 1.365316265060240823e+02
2.550000000000000000e+02 1.453098847000906915e+02 1.366833786759943052e+02
2.550000000000000000e+02 1.450854871097292289e+02 1.365498769270630817e+02
2.549997570928876769e+02 1.441638003627412843e+02 1.360542654488923517e+02
2.549998866433475939e+02 1.441714924212980975e+02 1.357269885995595189e+02
2.549995465733903472e+02 1.446278501101178904e+02 1.357924925508485501e+02
2.549996761238502359e+02 1.456201094701386296e+02 1.359851178909185023e+02
2.550000000000000000e+02 1.451773707734162429e+02 1.357445588806840249e+02
2.549997732866951594e+02 1.438379971498898726e+02 1.353338029537504781e+02
2.549996761238502359e+02 1.431281739862676545e+02 1.352793431791682792e+02
2.549999838061925175e+02 1.416957669387226417e+02 1.350483385153517304e+02
2.549996437362352708e+02 1.398351470397719822e+02 1.347881202228267910e+02
2.549998542557326004e+02 1.384151282549553059e+02 1.345615850498769248e+02
2.549999190309625590e+02 1.383484583495271352e+02 1.345122749060759304e+02
2.549999352247700415e+02 1.399707701774841269e+02 1.349954333462883653e+02
2.549998866433475939e+02 1.403149047804119789e+02 1.349630457313123486e+02
2.549994817981603887e+02 1.388583527659023105e+02 1.346263278922140216e+02
2.549995303795828363e+02 1.395322256769011631e+02 1.347714729887291014e+02
2.549999190309625590e+02 1.421769173468065901e+02 1.358599235652286552e+02
2.549998218681176354e+02 1.421459547868894902e+02 1.361272347454333556e+02
2.549994656043529062e+02 1.396376959450706181e+02 1.356388618992097292e+02
2.549998542557326004e+02 1.390978591786500829e+02 1.355345575851794138e+02
2.549999838061925175e+02 1.411398011400440566e+02 1.360790905557714723e+02
2.550000000000000000e+02 1.410601276072030146e+02 1.358706600595932059e+02
2.550000000000000000e+02 1.389331843503044297e+02 1.352415144448762874e+02
2.550000000000000000e+02 1.406212106490478106e+02 1.354145452778857361e+02
2.550000000000000000e+02 1.434848102085762491e+02 1.361281739862676545e+02
2.549999838061925175e+02 1.421347486721077757e+02 1.357378708381914691e+02
2.549999352247700415e+02 1.401211296800103696e+02 1.357372392796994518e+02
2.550000000000000000e+02 1.413309204560176227e+02 1.363389040031092065e+02
2.550000000000000000e+02 1.443205888068402771e+02 1.372396359632076610e+02
2.550000000000000000e+02 1.446350725482575399e+02 1.375089065941184003e+02
2.550000000000000000e+02 1.424865429459774475e+02 1.370004858142246462e+02
2.549999676123850350e+02 1.425603219328928617e+02 1.369045051172431613e+02
2.550000000000000000e+02 1.451115429459774475e+02 1.370221369348361122e+02
2.550000000000000000e+02 1.456565617307941523e+02 1.370845154812799649e+02
2.550000000000000000e+02 1.447126570799326259e+02 1.367298710972924027e+02
2.550000000000000000e+02 1.451747149889881996e+02 1.368682147946625207e+02
2.550000000000000000e+02 1.471040290193030273e+02 1.375827503562637730e+02
2.550000000000000000e+02 1.482929135898432378e+02 1.377250939240834384e+02
2.550000000000000000e+02 1.488416731441896559e+02 1.380427354579608732e+02
2.550000000000000000e+02 1.499905913978494709e+02 1.381444163751781389e+02
2.550000000000000000e+02 1.500550427516517686e+02 1.381408699313382442e+02
2.550000000000000000e+02 1.489127477652545792e+02 1.375908472600077630e+02
2.550000000000000000e+02 1.454170067366239039e+02 1.363713240057002167e+02
2.550000000000000000e+02 1.446082232154424219e+02 1.359450058297707074e+02
2.550000000000000000e+02 1.456096806581163321e+02 1.362053212851405704e+02
2.550000000000000000e+02 1.453778824977328554e+02 1.361449831584402261e+02
2.550000000000000000e+02 1.452673759554346304e+02 1.370744429330224250e+02
2.550000000000000000e+02 1.457584207798937825e+02 1.378375437232802199e+02
2.550000000000000000e+02 1.448553245239020555e+02 1.379180593341106373e+02
2.549999676123850350e+02 1.430837381785205196e+02 1.378459806969814849e+02
2.550000000000000000e+02 1.439617664205208030e+02 1.380410189143671573e+02
2.550000000000000000e+02 1.474082134991579096e+02 1.376033002979660580e+02
2.550000000000000000e+02 1.483664172820313638e+02 1.372541618085244295e+02
2.550000000000000000e+02 1.473530897784686999e+02 1.366422625987822244e+02
2.550000000000000000e+02 1.477049974089908062e+02 1.366374044565358190e+02
2.550000000000000000e+02 1.498644902189402899e+02 1.370954139137193977e+02
2.550000000000000000e+02 1.505303471952325367e+02 1.375997214665111983e+02
2.549999676123850350e+02 1.498993392926545027e+02 1.379198406529343117e+02
2.550000000000000000e+02 1.505923208964891842e+02 1.382997959580256406e+02
2.550000000000000000e+02 1.530804022541780114e+02 1.389404229822515902e+02
2.550000000000000000e+02 1.532791164658634671e+02 1.390858433734939865e+02
2.550000000000000000e+02 1.533317463401995155e+02 1.387460325171654461e+02
2.550000000000000000e+02 1.539535885477393435e+02 1.385927419354838719e+02
2.550000000000000000e+02 1.564185775359502486e+02 1.392005603057390886e+02
2.550000000000000000e+02 1.578469685192382315e+02 1.392555382821608987e+02
2.550000000000000000e+02 1.566945847907760196e+02 1.390153031480761854e+02
2.550000000000000000e+02 1.559010720300557011e+02 1.387481215183314021e+02
2.550000000000000000e+02 1.569398400051820204e+02 1.389273383858012778e+02
2.550000000000000000e+02 1.573886027982899236e+02 1.388970073843762236e+02
2.550000000000000000e+02 1.564662197175800031e+02 1.386676868765384256e+02
2.550000000000000000e+02 1.561931435419095635e+02 1.384915306386837699e+02
2.550000000000000000e+02 1.575680463790646400e+02 1.390698438916958253e+02
2.550000000000000000e+02 1.578898173338515392e+02 1.393539480502655863e+02
2.550000000000000000e+02 1.566629258971369438e+02 1.391635898432439546e+02
2.550000000000000000e+02 1.557719264153387826e+02 1.389424472081875876e+02
2.550000000000000000e+02 1.560202584531675143e+02 1.391338418188884702e+02
2.550000000000000000e+02 1.560768720041456277e+02 1.389213628708381805e+02
2.550000000000000000e+02 1.557973506930949554e+02 1.385233514703977278e+02
2.550000000000000000e+02 1.559628028242000255e+02 1.384726648529602357e+02
2.550000000000000000e+02 1.559993522477004717e+02 1.382664529084078140e+02
2.550000000000000000e+02 1.543831454851664660e+02 1.379531351211296908e+02
2.550000000000000000e+02 1.529522768493328044e+02 1.379093308718746016e+02
2.550000000000000000e+02 1.540814224640497514e+02 1.386417120093276196e+02
2.550000000000000000e+02 1.553746275424277883e+02 1.389668350822645380e+02
2.550000000000000000e+02 1.543609761627153887e+02 1.389684544630133303e+02
2.550000000000000000e+02 1.534980567431014435e+02 1.388340134732478361e+02
2.550000000000000000e+02 1.539824783002979700e+02 1.387103899468843053e+02
2.550000000000000000e+02 1.543228883275035628e+02 1.386871518331390121e+02
2.550000000000000000e+02 1.543125080969037413e+02 1.384054929394999363e+02
2.550000000000000000e+02 1.544612482186811633e+02 1.384271278663039197e+02
2.550000000000000000e+02 1.550930172302111600e+02 1.386516226195103059e+02
2.550000000000000000e+02 1.553786598004923007e+02 1.386884959191605162e+02
2.550000000000000000e+02 1.545980696981474409e+02 1.385566459385930784e+02
2.550000000000000000e+02 1.542691734680658158e+02 1.383996145873817909e+02
2.550000000000000000e+02 1.549361478170747546e+02 1.385663298354709241e+02
2.550000000000000000e+02 1.551054540743619725e+02 1.387167541132270969e+02
2.550000000000000000e+02 1.550127607203005482e+02 1.384465118538670936e+02
2.550000000000000000e+02 1.556941313641663385e+02 1.381939694260914564e+02
2.550000000000000000e+02 1.562048354709159241e+02 1.382871324005700160e+02
2.550000000000000000e+02 1.556902124627542321e+02 1.379743166213239931e+02
2.550000000000000000e+02 1.545495854385283110e+02 1.376317204301075208e+02
2.550000000000000000e+02 1.538531059722762109e+02 1.373049132011918516e+02
2.550000000000000000e+02 1.544523092369477979e+02 1.373805706697758637e+02
2.550000000000000000e+02 1.549007481539059370e+02 1.376046281901800796e+02
2.550000000000000000e+02 1.550583624821868227e+02 1.375978267910351178e+02
2.550000000000000000e+02 1.552370287602020937e+02 1.377795213110506438e+02
2.550000000000000000e+02 1.549591268299002422e+02 1.386487077341624570e+02
2.550000000000000000e+02 1.533254307552791715e+02 1.390090361445783174e+02
2.550000000000000000e+02 1.524416860992356533e+02 1.388688463531545665e+02
2.550000000000000000e+02 1.533842952454981230e+02 1.394932309884700032e+02
2.550000000000000000e+02 1.549249093146780751e+02 1.401411614198730433e+02
2.550000000000000000e+02 1.550096515092628522e+02 1.401721077859826323e+02
2.550000000000000000e+02 1.542156043528954399e+02 1.397907598134473517e+02
2.550000000000000000e+02 1.540742162197175844e+02 1.396235911387485373e+02
2.550000000000000000e+02 1.550082750356263830e+02 1.400155460551885085e+02
2.550000000000000000e+02 1.545665889363907297e+02 1.397645906205466986e+02
2.550000000000000000e+02 1.541076240445653696e+02 1.390183637776914054e+02
2.550000000000000000e+02 1.552879744785593914e+02 1.388275521440601210e+02
2.550000000000000000e+02 1.580141210001295633e+02 1.393949021894027851e+02
2.550000000000000000e+02 1.589718065811633494e+02 1.397337576110895156e+02
2.550000000000000000e+02 1.584796767716025272e+02 1.393806516388133048e+02
2.550000000000000000e+02 1.575278533488793755e+02 1.393011724316621383e+02
2.550000000000000000e+02 1.579685678196657648e+02 1.395411970462495219e+02
2.550000000000000000e+02 1.581320928876797609e+02 1.396112352636351943e+02
2.550000000000000000e+02 1.576972081875890694e+02 1.394384635315455512e+02
2.550000000000000000e+02 1.573431953620935246e+02 1.392248834045860804e+02
2.550000000000000000e+02 1.574183346288379255e+02 1.394840976810467623e+02
2.550000000000000000e+02 1.576982607850757745e+02 1.397690277237984162e+02
2.550000000000000000e+02 1.572777885736494454e+02 1.396991514444876259e+02
2.550000000000000000e+02 1.564878546443839866e+02 1.394051528695426896e+02
2.549999676123850350e+02 1.571090976810467623e+02 1.395207442673921605e+02
2.550000000000000000e+02 1.587625016193807426e+02 1.390565001943256789e+02
2.550000000000000000e+02 1.597695135380230624e+02 1.391369348361186553e+02
2.550000000000000000e+02 1.593083786759943052e+02 1.387344053633890439e+02
2.549999838061925175e+02 1.600645161290322562e+02 1.387013376084985055e+02
2.549999838061925175e+02 1.639215895841430211e+02 1.394347875372457679e+02
2.550000000000000000e+02 1.658676318175929509e+02 1.402574653452519726e+02
2.550000000000000000e+02 1.657049650213758127e+02 1.403441346029278520e+02
2.550000000000000000e+02 1.663605875113356660e+02 1.407335470915921860e+02
2.550000000000000000e+02 1.699220430107527022e+02 1.420551399144966922e+02
2.550000000000000000e+02 1.714964049747376578e+02 1.425724672885088751e+02
2.550000000000000000e+02 1.713268396165306342e+02 1.415027043658504908e+02
2.550000000000000000e+02 1.726152027464697483e+02 1.412527691410804493e+02
2.550000000000000000e+02 1.765699248607332663e+02 1.421820507837802836e+02
2.550000000000000000e+02 1.796004178002332026e+02 1.428053666278015328e+02
2.550000000000000000e+02 1.797067139525845221e+02 1.428359243425314276e+02
2.550000000000000000e+02 1.795934544630133303e+02 1.427784525197564562e+02
2.550000000000000000e+02 1.805161776136805258e+02 1.432054022541780114e+02
2.550000000000000000e+02 1.808107267780800669e+02 1.434025780541520874e+02
2.550000000000000000e+02 1.788764088612514627e+02 1.428793723280217591e+02
2.550000000000000000e+02 1.769109826402383590e+02 1.423158116336313128e+02
2.550000000000000000e+02 1.775657630522088368e+02 1.425877056613551019e+02
2.550000000000000000e+02 1.781451127089001147e+02 1.429824944941054525e+02
2.550000000000000000e+02 1.769281480761756598e+02 1.428089940406788401e+02
2.550000000000000000e+02 1.760413104029019280e+02 1.425087284622360357e+02
2.550000000000000000e+02 1.769664950123072913e+02 1.428361834434512332e+02
2.550000000000000000e+02 1.774860085503303537e+02 1.433476324653452423e+02
2.550000000000000000e+02 1.773065325819406723e+02 1.434926156237854684e+02
2.550000000000000000e+02 1.772604935872522276e+02 1.437030217644772563e+02
2.550000000000000000e+02 1.771267975126311569e+02 1.437575625080968962e+02
2.550000000000000000e+02 1.761310240963855449e+02 1.436429103510817527e+02
2.550000000000000000e+02 1.747843470656820841e+02 1.428917282031351306e+02
2.550000000000000000e+02 1.740512534006995793e+02 1.423390011659541301e+02
2.550000000000000000e+02 1.748365720948309274e+02 1.422867113615753283e+02
2.550000000000000000e+02 1.752781124497992096e+02 1.423718745951548215e+02
2.550000000000000000e+02 1.738621259230470173e+02 1.419922269724057458e+02
2.550000000000000000e+02 1.728031804637906532e+02 1.414846968519238146e+02
2.550000000000000000e+02 1.737086895970980720e+02 1.417744040678844328e+02
2.550000000000000000e+02 1.747009813447337763e+02 1.420068661743749203e+02
2.550000000000000000e+02 1.745086474931985947e+02 1.420078054152092193e+02
2.550000000000000000e+02 1.744180107526881613e+02 1.419381072677807936e+02
2.550000000000000000e+02 1.748349527140821351e+02 1.421973539318564690e+02
2.550000000000000000e+02 1.747744850369218739e+02 1.423296249514185661e+02
2.550000000000000000e+02 1.741393639072418580e+02 1.422983061277367653e+02
2.550000000000000000e+02 1.743836960746210707e+02 1.424305609534913799e+02
2.550000000000000000e+02 1.751667800233190917e+02 1.426421654359373008e+02
2.550000000000000000e+02 1.752800557066977660e+02 1.426720106231377088e+02
2.550000000000000000e+02 1.748212527529472595e+02 1.425765805156108286e+02
2.550000000000000000e+02 1.746478980437880466e+02 1.425321285140562111e+02
2.550000000000000000e+02 1.756042557326078395e+02 1.428417055318046494e+02
2.550000000000000000e+02 1.762753918901412078e+02 1.429557585179427406e+02
2.550000000000000000e+02 1.755737951807228967e+02 1.426439143671460101e+02
2.550000000000000000e+02 1.754187880554476067e+02 1.423728300297966030e+02
2.550000000000000000e+02 1.766413233579479254e+02 1.426401088223863098e+02
2.550000000000000000e+02 1.779474996761238401e+02 1.430219426091462651e+02
2.550000000000000000e+02 1.774856846741805896e+02 1.428264347713434290e+02
2.550000000000000000e+02 1.769198568467417942e+02 1.430480470268169313e+02
2.550000000000000000e+02 1.767671492421298183e+02 1.434069341883663640e+02
2.550000000000000000e+02 1.754337997149889929e+02 1.434571673791942032e+02
2.550000000000000000e+02 1.731117048840523296e+02 1.430068985619898854e+02
2.550000000000000000e+02 1.721683022412229604e+02 1.428299164399533652e+02
2.550000000000000000e+02 1.734963240057002167e+02 1.427791002720559561e+02
2.550000000000000000e+02 1.743844247959580116e+02 1.426784557585179414e+02
2.550000000000000000e+02 1.739368927322192064e+02 1.421905363389039962e+02
2.550000000000000000e+02 1.738379971498898726e+02 1.420721596061665934e+02
2.550000000000000000e+02 1.747779181241093340e+02 1.423704657339033588e+02
2.550000000000000000e+02 1.751882853996631582e+02 1.425572127218551657e+02
2.550000000000000000e+02 1.749238243295763766e+02 1.424876441248866570e+02
2.550000000000000000e+02 1.743687977717320905e+02 1.423421427646068196e+02
2.550000000000000000e+02 1.727144383987563288e+02 1.420202260655525208e+02
2.549999838061925175e+02 1.692799747376603250e+02 1.410013440860215042e+02
2.550000000000000000e+02 1.679655233838579989e+02 1.405460875761108923e+02
2.550000000000000000e+02 1.674958219976680880e+02 1.403601664723409783e+02
2.550000000000000000e+02 1.670828799067236616e+02 1.402541941961393945e+02
2.550000000000000000e+02 1.673291715248089133e+02 1.403112935613421541e+02
2.550000000000000000e+02 1.673836636870060772e+02 1.401134052338385914e+02
2.550000000000000000e+02 1.678156658893639133e+02 1.401251781318823646e+02
2.550000000000000000e+02 1.688661257934965647e+02 1.403027756186034480e+02
2.550000000000000000e+02 1.693685062831972914e+02 1.404307876667962205e+02
2.550000000000000000e+02 1.691057455628967432e+02 1.402274582199766826e+02
2.550000000000000000e+02 1.688436487887032058e+02 1.400833495271408253e+02
2.550000000000000000e+02 1.693304508356004590e+02 1.409931824070475557e+02
2.550000000000000000e+02 1.702941929006347834e+02 1.420258291229433780e+02
2.550000000000000000e+02 1.700754631428941650e+02 1.421630230599818674e+02
2.550000000000000000e+02 1.704488761497603377e+02 1.423769918383210324e+02
2.550000000000000000e+02 1.723061601243684322e+02 1.430202746469749968e+02
2.550000000000000000e+02 1.736847389558232919e+02 1.422619996113486138e+02
2.550000000000000000e+02 1.737837640886125143e+02 1.415863777691410803e+02
2.550000000000000000e+02 1.740304119704624952e+02 1.412256283197305322e+02
2.550000000000000000e+02 1.754994656043529062e+02 1.414160513019821224e+02
2.550000000000000000e+02 1.760697629226583842e+02 1.413761983417541046e+02
2.550000000000000000e+02 1.759983806192512077e+02 1.412371259230470173e+02
2.550000000000000000e+02 1.763463531545536966e+02 1.413546281901800796e+02
2.550000000000000000e+02 1.771379550459904237e+02 1.416021343438269184e+02
2.550000000000000000e+02 1.773010914626246972e+02 1.416560111413395475e+02
2.550000000000000000e+02 1.766848847000906915e+02 1.414434350304443626e+02
2.550000000000000000e+02 1.764234356781966540e+02 1.417133210260396368e+02
2.550000000000000000e+02 1.766273642958932442e+02 1.422548257546314403e+02
2.550000000000000000e+02 1.764689888586604525e+02 1.424527788573649332e+02
2.550000000000000000e+02 1.768747732866951594e+02 1.428290257805415138e+02
2.550000000000000000e+02 1.777698050265578331e+02 1.431627315714470683e+02
2.550000000000000000e+02 1.778263214146910229e+02 1.426545860862806023e+02
2.550000000000000000e+02 1.771401735976162684e+02 1.419786079803083396e+02
2.550000000000000000e+02 1.773010266873947387e+02 1.417124951418577439e+02
2.550000000000000000e+02 1.775456341495012396e+02 1.414888424666407616e+02
2.550000000000000000e+02 1.772220009068532249e+02 1.412486559139784958e+02
2.550000000000000000e+02 1.760524841300686489e+02 1.411014380101049426e+02
2.550000000000000000e+02 1.759805512372068961e+02 1.410606943904650734e+02
2.550000000000000000e+02 1.764195491643995410e+02 1.413343211555900893e+02
2.550000000000000000e+02 1.768358109858789931e+02 1.416719944293302262e+02
2.550000000000000000e+02 1.771935321932892862e+02 1.417323163622230879e+02
2.550000000000000000e+02 1.773429524549812015e+02 1.420117567042362907e+02
2.550000000000000000e+02 1.774292330612773583e+02 1.423006056484000510e+02
2.550000000000000000e+02 1.778721660836895921e+02 1.426367243166213257e+02
2.550000000000000000e+02 1.778691864231118132e+02 1.427060823940925047e+02
2.550000000000000000e+02 1.767937556678326132e+02 1.424903646845446303e+02
2.550000000000000000e+02 1.757649954657339038e+02 1.417131590879647547e+02
2.550000000000000000e+02 1.761407727684933207e+02 1.415849689078896176e+02
2.550000000000000000e+02 1.769432568985619980e+02 1.415065261044176737e+02
2.550000000000000000e+02 1.769842758129291269e+02 1.413947402513279030e+02
2.550000000000000000e+02 1.764154197434900766e+02 1.410782970592045729e+02
2.550000000000000000e+02 1.759178812022282727e+02 1.413271311050654333e+02
2.550000000000000000e+02 1.759756121259230497e+02 1.418040063479725461e+02
2.550000000000000000e+02 1.760200965150926322e+02 1.419947532063738720e+02
2.550000000000000000e+02 1.755937621453556119e+02 1.418210260396424474e+02
2.550000000000000000e+02 1.753925702811245060e+02 1.417103089778468643e+02
2.550000000000000000e+02 1.754407468584013543e+02 1.415477717320896431e+02
2.550000000000000000e+02 1.743682633760849967e+02 1.409127963466770268e+02
2.550000000000000000e+02 1.727017586474931932e+02 1.404372813835989007e+02
2.550000000000000000e+02 1.720422172561212619e+02 1.401609340588159114e+02
2.550000000000000000e+02 1.719100433994040600e+02 1.401002234745433270e+02
2.550000000000000000e+02 1.710187686228786106e+02 1.399886967223733620e+02
2.550000000000000000e+02 1.701791520922399172e+02 1.398334143023707838e+02
2.550000000000000000e+02 1.693657209483093595e+02 1.396386675735198821e+02
2.550000000000000000e+02 1.688487174504469408e+02 1.397721207410286297e+02
2.550000000000000000e+02 1.698559236947791078e+02 1.399679686487887125e+02
2.550000000000000000e+02 1.708265805156108286e+02 1.399267877963466731e+02
2.550000000000000000e+02 1.711106198989506311e+02 1.395273837284622402e+02
2.550000000000000000e+02 1.711498574944941140e+02 1.392575625080968962e+02
2.550000000000000000e+02 1.710504275165176864e+02 1.392382271019561983e+02
2.550000000000000000e+02 1.710591073973312746e+02 1.391634279051690726e+02
2.550000000000000000e+02 1.717727037180981995e+02 1.398090588159087986e+02
2.550000000000000000e+02 1.726635088742065136e+02 1.405859405363389101e+02
2.550000000000000000e+02 1.732511011789091810e+02 1.408943192123332153e+02
2.550000000000000000e+02 1.737290776007254749e+02 1.412106814354191044e+02
2.550000000000000000e+02 1.746310079025780624e+02 1.415897136934836169e+02
2.550000000000000000e+02 1.753428067107138304e+02 1.418021926415338783e+02
2.550000000000000000e+02 1.759018817204301115e+02 1.418497052727037158e+02
2.550000000000000000e+02 1.768278922140173677e+02 1.420911387485425621e+02
2.550000000000000000e+02 1.776315584920326387e+02 1.421999773286695188e+02
2.550000000000000000e+02 1.784470624433216699e+02 1.424661387485425621e+02
2.550000000000000000e+02 1.788963596320766953e+02 1.423489603575592639e+02
2.550000000000000000e+02 1.795422172561212619e+02 1.422887193937038433e+02
2.550000000000000000e+02 1.803103381267003442e+02 1.422707118797771670e+02
2.550000000000000000e+02 1.809562443321673868e+02 1.423684900893898089e+02
2.550000000000000000e+02 1.817133210260396368e+02 1.425918836636870140e+02
2.550000000000000000e+02 1.831199151444487541e+02 1.429834985101697100e+02
2.550000000000000000e+02 1.835302824200025782e+02 1.430480794144319248e+02
2.550000000000000000e+02 1.829036630392537859e+02 1.428244591268299075e+02
2.550000000000000000e+02 1.824199378157792353e+02 1.427422917476357043e+02
2.550000000000000000e+02 1.831945685969685087e+02 1.429743166213239931e+02
2.550000000000000000e+02 1.832880068661743849e+02 1.428538023059981867e+02
2.550000000000000000e+02 1.823236008550330212e+02 1.424589972794403536e+02
2.550000000000000000e+02 1.826265060240963862e+02 1.424501716543593659e+02
2.550000000000000000e+02 1.840871388780930147e+02 1.428268720041456277e+02
2.550000000000000000e+02 1.841764639201969089e+02 1.426814516129032313e+02
2.550000000000000000e+02 1.824811018266614724e+02 1.423453167508744741e+02
2.550000000000000000e+02 1.830033845057649842e+02 1.426145388003627374e+02
2.550000000000000000e+02 1.839149501230729413e+02 1.431441572742583332e+02
2.550000000000000000e+02 1.825858271796864756e+02 1.429552565099106118e+02
2.550000000000000000e+02 1.813205564192252837e+02 1.426344409897655225e+02
2.550000000000000000e+02 1.826081746340199459e+02 1.432537407695297418e+02
2.550000000000000000e+02 1.833558751133566602e+02 1.435165014898302900e+02
2.550000000000000000e+02 1.824672399274517431e+02 1.432407533359243530e+02
2.550000000000000000e+02 1.822095154812799649e+02 1.430668966187329829e+02
2.550000000000000000e+02 1.829422852701127056e+02 1.432235069309496112e+02
2.550000000000000000e+02 1.841464082134991713e+02 1.431695167767845476e+02
2.550000000000000000e+02 1.844975547350693148e+02 1.432079446819536201e+02
2.550000000000000000e+02 1.838966025391890184e+02 1.428111316232672721e+02
2.550000000000000000e+02 1.853483287990672466e+02 1.430887744526493179e+02
2.550000000000000000e+02 1.872540322580645125e+02 1.434901217774323072e+02
2.550000000000000000e+02 1.870703620935354365e+02 1.433742226972405831e+02
2.550000000000000000e+02 1.873460454722114150e+02 1.432735296022800924e+02
2.550000000000000000e+02 1.879339940406788401e+02 1.435301852571576546e+02
2.550000000000000000e+02 1.879667703070345794e+02 1.434969879518072275e+02
2.550000000000000000e+02 1.878143056095349266e+02 1.434182374659930019e+02
2.550000000000000000e+02 1.887204786889493562e+02 1.436801723021116857e+02
2.549999838061925175e+02 1.902932374659930019e+02 1.442261627153776260e+02
2.550000000000000000e+02 1.908743036662780241e+02 1.444725029148853537e+02
2.550000000000000000e+02 1.905439499935224887e+02 1.442260331649177374e+02
2.550000000000000000e+02 1.905546541002720460e+02 1.440729531027335213e+02
2.550000000000000000e+02 1.917221952325430721e+02 1.445169387226324602e+02
2.550000000000000000e+02 1.930576175670423709e+02 1.449209094442285277e+02
2.550000000000000000e+02 1.926282063738826196e+02 1.446683832102604015e+02
2.550000000000000000e+02 1.918957280735846496e+02 1.446632173856717145e+02
2.550000000000000000e+02 1.929970851146521511e+02 1.449579770695685852e+02
2.550000000000000000e+02 1.941027659023189642e+02 1.456957507449151308e+02
2.550000000000000000e+02 1.937835535691151563e+02 1.456465215701515774e+02
2.550000000000000000e+02 1.928640853737530847e+02 1.453468875502007904e+02
2.550000000000000000e+02 1.931872651897914182e+02 1.455208576240445666e+02
2.550000000000000000e+02 1.936123202487368928e+02 1.458781254048451785e+02
2.550000000000000000e+02 1.923960843373494072e+02 1.458675994299779859e+02
2.550000000000000000e+02 1.902540322580645125e+02 1.452947596838968707e+02
2.550000000000000000e+02 1.906218422075398280e+02 1.456361575333592384e+02
2.550000000000000000e+02 1.917459515481280050e+02 1.461600757870190535e+02
2.550000000000000000e+02 1.913563447337737955e+02 1.458780606296152484e+02
2.550000000000000000e+02 1.910956730146392033e+02 1.457067625340069981e+02
2.550000000000000000e+02 1.921620028501101274e+02 1.459729563414950064e+02
2.550000000000000000e+02 1.925903290581681517e+02 1.461067819665759941e+02
2.550000000000000000e+02 1.917611089519367908e+02 1.457532711491125781e+02
2.549999838061925175e+02 1.909547059204560071e+02 1.454968260137323455e+02
2.550000000000000000e+02 1.913865623785464436e+02 1.454472405752040345e+02
2.550000000000000000e+02 1.916211620676253347e+02 1.453092531415986457e+02
2.550000000000000000e+02 1.909628028242000255e+02 1.449554508356004590e+02
2.550000000000000000e+02 1.904590620546702837e+02 1.446599462365591364e+02
2.550000000000000000e+02 1.908234065293431740e+02 1.447648983028889802e+02
2.550000000000000000e+02 1.911438657857235341e+02 1.450071738567172019e+02
2.550000000000000000e+02 1.908726518979142384e+02 1.450133922787925940e+02
2.550000000000000000e+02 1.906270890011659560e+02 1.447822580645161281e+02
2.550000000000000000e+02 1.906291618085244295e+02 1.447747603316491904e+02
2.550000000000000000e+02 1.902470203394221926e+02 1.446420520792848947e+02
2.550000000000000000e+02 1.873053828216090153e+02 1.433053828216090153e+02
2.550000000000000000e+02 1.858925216997020300e+02 1.426198827568337890e+02
2.550000000000000000e+02 1.875086312993911122e+02 1.428678747247052740e+02
2.550000000000000000e+02 1.897926382951159496e+02 1.436131785205337508e+02
2.550000000000000000e+02 1.895787180981992606e+02 1.436742453685710643e+02
2.550000000000000000e+02 1.897201224251845986e+02 1.436482057261303282e+02
2.550000000000000000e+02 1.911070410674957998e+02 1.442088029537504781e+02
2.550000000000000000e+02 1.917472470527270332e+02 1.443944325689856214e+02
2.550000000000000000e+02 1.918958738178520491e+02 1.444591430237077248e+02
2.550000000000000000e+02 1.928999384635315550e+02 1.448027432309884830e+02
2.550000000000000000e+02 1.933385639331519599e+02 1.453830645161290249e+02
2.550000000000000000e+02 1.931290646456795059e+02 1.458923111802047003e+02
2.550000000000000000e+02 1.930686131623267272e+02 1.463810564840005100e+02
2.550000000000000000e+02 1.936068143541909592e+02 1.467671978235522658e+02
2.550000000000000000e+02 1.933139979271926450e+02 1.466583754372327917e+02
2.550000000000000000e+02 1.930313026298743466e+02 1.462294824459126801e+02
2.550000000000000000e+02 1.936951677678455894e+02 1.460953167508744741e+02
2.550000000000000000e+02 1.940548322321544106e+02 1.462305350433994136e+02
2.550000000000000000e+02 1.934907695297318355e+02 1.459150148983028998e+02
2.550000000000000000e+02 1.925672366886902580e+02 1.453337543723280305e+02
2.550000000000000000e+02 1.921416958155201371e+02 1.450227522995206755e+02
2.550000000000000000e+02 1.921435095219588050e+02 1.449364878870320013e+02
2.550000000000000000e+02 1.923160383469361250e+02 1.449036792330612684e+02
2.550000000000000000e+02 1.927339519367793628e+02 1.450457151185386806e+02
2.550000000000000000e+02 1.929037602020987094e+02 1.451236073325560199e+02
2.550000000000000000e+02 1.924867696592822881e+02 1.449608919549164341e+02
2.550000000000000000e+02 1.924927451742453570e+02 1.449371680269464946e+02
2.550000000000000000e+02 1.924161322710195634e+02 1.448670974219458571e+02
2.550000000000000000e+02 1.925339260266873964e+02 1.449488113745303792e+02
2.550000000000000000e+02 1.927295958025650862e+02 1.450027043658504908e+02
2.550000000000000000e+02 1.925049553050913289e+02 1.447806386837673358e+02
2.550000000000000000e+02 1.922280735846612174e+02 1.445342660966446431e+02
2.550000000000000000e+02 1.922161873299650097e+02 1.444566653711620745e+02
2.550000000000000000e+02 1.925261368052856596e+02 1.446146845446301370e+02
2.550000000000000000e+02 1.924259295245498151e+02 1.445565649695556374e+02
2.550000000000000000e+02 1.920722729628190280e+02 1.444519043917605927e+02
2.550000000000000000e+02 1.920974867210778712e+02 1.444388521829252454e+02
2.550000000000000000e+02 1.921408213499157966e+02 1.444772962819018005e+02
2.550000000000000000e+02 1.921721887550200734e+02 1.443803115688560581e+02
2.550000000000000000e+02 1.926517845575851879e+02 1.445610344604223485e+02
2.550000000000000000e+02 1.927522023578183621e+02 1.447667767845575781e+02
2.550000000000000000e+02 1.929324232413524953e+02 1.449714988988210962e+02
2.550000000000000000e+02 1.932805577147298948e+02 1.451216964632724569e+02
2.550000000000000000e+02 1.929178973960357553e+02 1.450580709936520236e+02
2.550000000000000000e+02 1.920511076564321797e+02 1.447893833398108541e+02
2.550000000000000000e+02 1.916975968389687921e+02 1.448171071382303410e+02
2.550000000000000000e+02 1.915379258971369438e+02 1.447660156756056438e+02
2.550000000000000000e+02 1.907514250550589452e+02 1.446066686099235596e+02
2.550000000000000000e+02 1.903188722632465328e+02 1.443552435548646145e+02
2.550000000000000000e+02 1.909091851276072020e+02 1.447322030055706819e+02
2.550000000000000000e+02 1.913535270112708986e+02 1.444377671978235469e+02
2.550000000000000000e+02 1.915386060370514372e+02 1.443690244850369311e+02
2.549999838061925175e+02 1.918012534006995793e+02 1.442939014121000127e+02
2.550000000000000000e+02 1.928817852053374793e+02 1.445760947013861824e+02
2.550000000000000000e+02 1.944423176577276990e+02 1.448390497473766061e+02
2.550000000000000000e+02 1.947141954916440056e+02 1.453003141598652803e+02
2.550000000000000000e+02 1.944624303666278138e+02 1.456558653970721480e+02
2.550000000000000000e+02 1.941552824200025782e+02 1.456901476875243020e+02
2.549999838061925175e+02 1.942154586086280688e+02 1.460424925508485501e+02
2.550000000000000000e+02 1.945422820313512204e+02 1.463519238243295888e+02
2.550000000000000000e+02 1.942420650343308637e+02 1.462005441119316060e+02
2.550000000000000000e+02 1.942311666018914309e+02 1.462887193937038433e+02
2.550000000000000000e+02 1.945868797771732090e+02 1.465489214924213002e+02
2.550000000000000000e+02 1.944248607332555991e+02 1.464594507060500064e+02
2.550000000000000000e+02 1.932976097940147611e+02 1.460473506930949554e+02
2.550000000000000000e+02 1.932863227101956340e+02 1.449583981085632729e+02
2.550000000000000000e+02 1.929663816556548852e+02 1.438341268299002422e+02
2.550000000000000000e+02 1.918578021764477342e+02 1.431232672625987732e+02
2.550000000000000000e+02 1.919766161419873072e+02 1.428390011659541301e+02
2.550000000000000000e+02 1.926598004922917369e+02 1.430207604611996430e+02
2.550000000000000000e+02 1.922666634279051721e+02 1.431257934965668994e+02
2.550000000000000000e+02 1.915951062313771160e+02 1.431183605389299203e+02
2.550000000000000000e+02 1.914692803471952232e+02 1.432132724446171892e+02
2.550000000000000000e+02 1.905850498769270587e+02 1.430535043399404174e+02
2.550000000000000000e+02 1.898380133436973836e+02 1.428211393962948534e+02
2.550000000000000000e+02 1.895415695038217336e+02 1.427334661225547450e+02
2.550000000000000000e+02 1.895178293820443116e+02 1.427172399274517431e+02
2.550000000000000000e+02 1.909434350304443626e+02 1.431809010234486266e+02
2.550000000000000000e+02 1.915680301852571574e+02 1.434373299650213767e+02
2.550000000000000000e+02 1.898922949863971894e+02 1.430344928099494837e+02
2.550000000000000000e+02 1.861665856976292162e+02 1.421918804249255004e+02
2.550000000000000000e+02 1.851013084596450256e+02 1.422211426350563670e+02
2.550000000000000000e+02 1.845616012436844073e+02 1.422123655913978553e+02
2.550000000000000000e+02 1.837847842984842544e+02 1.421456309107397260e+02
2.550000000000000000e+02 1.831781642699831707e+02 1.421102636351859019e+02
2.550000000000000000e+02 1.826485457960875749e+02 1.417051917346806533e+02
2.549999190309625590e+02 1.809355162585827088e+02 1.406829090555771415e+02
2.549998704495400830e+02 1.810890173597616410e+02 1.406330483223215424e+02
2.550000000000000000e+02 1.834301884959191682e+02 1.412298225158699267e+02
2.550000000000000000e+02 1.845883048322321542e+02 1.411753951289027214e+02
2.550000000000000000e+02 1.848789189014121064e+02 1.413487174504469408e+02
2.550000000000000000e+02 1.847108433734939865e+02 1.412624692317657775e+02
2.550000000000000000e+02 1.851872651897914182e+02 1.415218454463013416e+02
2.550000000000000000e+02 1.855729692965410038e+02 1.415530023319082886e+02
2.550000000000000000e+02 1.837354579608757490e+02 1.411027982899339293e+02
2.550000000000000000e+02 1.835794630133436840e+02 1.408557617567042257e+02
2.550000000000000000e+02 1.846702616919289994e+02 1.410302500323876131e+02
2.550000000000000000e+02 1.844855227361057075e+02 1.409064321803342352e+02
2.550000000000000000e+02 1.836605292136287062e+02 1.404162618214794804e+02
2.550000000000000000e+02 1.829512242518460994e+02 1.402673597616271479e+02
2.550000000000000000e+02 1.826878157792460229e+02 1.403512112968001020e+02
2.550000000000000000e+02 1.832900310921103824e+02 1.408043949993522403e+02
2.550000000000000000e+02 1.843455434641792863e+02 1.413317949216219631e+02
2.550000000000000000e+02 1.848076661484648184e+02 1.416064580904262300e+02
2.550000000000000000e+02 1.850625890659411823e+02 1.415554799844539389e+02
2.550000000000000000e+02 1.862735781837025399e+02 1.416993133825625080e+02
2.550000000000000000e+02 1.877994396942609114e+02 1.422466964632724569e+02
2.550000000000000000e+02 1.880773902059852389e+02 1.421730632206244422e+02
2.550000000000000000e+02 1.883968454463013416e+02 1.422467288508874219e+02
2.550000000000000000e+02 1.892137258712268419e+02 1.424946884311439419e+02
2.550000000000000000e+02 1.892273124757092830e+02 1.419015254566653823e+02
2.550000000000000000e+02 1.879129420909444264e+02 1.411753627412877279e+02
2.550000000000000000e+02 1.877871485943774985e+02 1.407607688819795442e+02
2.550000000000000000e+02 1.879708511465215679e+02 1.407189240834304940e+02
2.550000000000000000e+02 1.877477652545666444e+02 1.405368571058427278e+02
2.550000000000000000e+02 1.876797350693094870e+02 1.409452163492680370e+02
2.550000000000000000e+02 1.880983287990672466e+02 1.414176868765384256e+02
2.550000000000000000e+02 1.884271116724964372e+02 1.417694001813706564e+02
2.550000000000000000e+02 1.883131720430107521e+02 1.418164108045083651e+02
2.550000000000000000e+02 1.886833948698017878e+02 1.417012080580386169e+02
2.550000000000000000e+02 1.897780476745692511e+02 1.426887226324653568e+02
2.550000000000000000e+02 1.898792751651768356e+02 1.428918901412100126e+02
2.550000000000000000e+02 1.894750615364684450e+02 1.429555156108304175e+02
2.550000000000000000e+02 1.898447499676123869e+02 1.432579511594766188e+02
2.550000000000000000e+02 1.898090426221013161e+02 1.434410059593211599e+02
2.550000000000000000e+02 1.888138036015027978e+02 1.430833657209483079e+02
2.550000000000000000e+02 1.885673176577276990e+02 1.428684091203523678e+02
2.550000000000000000e+02 1.891013084596450256e+02 1.430513829511594679e+02
2.550000000000000000e+02 1.893240057002202263e+02 1.430978591786500829e+02
2.550000000000000000e+02 1.897413525068014053e+02 1.431811115429459846e+02
2.550000000000000000e+02 1.901180852442026037e+02 1.430798516647234067e+02
2.550000000000000000e+02 1.902994882756833874e+02 1.428112611737271607e+02
2.550000000000000000e+02 1.907836345381525973e+02 1.429012015805156182e+02
2.550000000000000000e+02 1.912180334240186426e+02 1.429784946236559051e+02
2.550000000000000000e+02 1.919045375048581548e+02 1.430224770047933589e+02
2.550000000000000000e+02 1.931969490866692638e+02 1.430862482186811633e+02
2.550000000000000000e+02 1.933438593082005355e+02 1.431830062184220651e+02
2.550000000000000000e+02 1.925520307034589962e+02 1.427578054152092193e+02
2.550000000000000000e+02 1.925822159606166508e+02 1.426899047804119789e+02
2.550000000000000000e+02 1.929257513926674505e+02 1.427880068661743849e+02
2.550000000000000000e+02 1.929694098976551402e+02 1.428894448762792990e+02
2.550000000000000000e+02 1.926568370255214404e+02 1.425905881590879574e+02
2.550000000000000000e+02 1.918667573519886105e+02 1.422688657857235341e+02
2.550000000000000000e+02 1.925033197305350541e+02 1.426264898302889037e+02
2.550000000000000000e+02 1.935433832102604015e+02 1.427264380101049426e+02
2.550000000000000000e+02 1.930776331130975620e+02 1.426488048970073805e+02
2.550000000000000000e+02 1.931979854903484863e+02 1.425690180075139324e+02
2.549999838061925175e+02 1.945553990154164978e+02 1.431603025003238656e+02
2.550000000000000000e+02 1.952171751522217846e+02 1.434838385801269567e+02
2.550000000000000000e+02 1.951323196009845731e+02 1.431574685840134862e+02
2.550000000000000000e+02 1.954989474025132665e+02 1.440048743360538879e+02
2.550000000000000000e+02 1.958772833268558031e+02 1.445736494364554972e+02
2.550000000000000000e+02 1.960512534006995793e+02 1.448454786889493562e+02
2.550000000000000000e+02 1.957602830677548980e+02 1.448713240057002167e+02
2.550000000000000000e+02 1.956229109988340440e+02 1.448969749967612302e+02
2.550000000000000000e+02 1.963540937945329574e+02 1.447710033683119661e+02
2.550000000000000000e+02 1.973730891307164086e+02 1.447503886513797227e+02
2.550000000000000000e+02 1.972790354968260260e+02 1.443724899598393563e+02
2.550000000000000000e+02 1.968914205207928489e+02 1.440532776266355768e+02
2.550000000000000000e+02 1.967810597227620235e+02 1.440734551107656500e+02
2.550000000000000000e+02 1.969494267392149141e+02 1.440340555771472850e+02
2.550000000000000000e+02 1.968316167897395985e+02 1.439250226713304812e+02
2.550000000000000000e+02 1.966353640367923390e+02 1.435736170488405321e+02
2.550000000000000000e+02 1.967960389946884447e+02 1.433878416893379892e+02
2.550000000000000000e+02 1.970221369348361122e+02 1.434763246534525081e+02
2.550000000000000000e+02 1.971282711491125781e+02 1.431179394999352326e+02
2.550000000000000000e+02 1.971831033812670171e+02 1.428518428552921478e+02
2.550000000000000000e+02 1.981156723668869120e+02 1.427245595284363162e+02
2.550000000000000000e+02 1.985077892214017368e+02 1.427134505764995538e+02
2.550000000000000000e+02 1.984213628708381805e+02 1.424714179297836552e+02
2.550000000000000000e+02 1.990999481798160389e+02 1.427005117243166126e+02
2.550000000000000000e+02 1.995393671460033715e+02 1.429787051431532632e+02
2.550000000000000000e+02 1.991807066977587795e+02 1.427234583495271352e+02
2.550000000000000000e+02 1.985212462754242893e+02 1.426818888457054015e+02
2.550000000000000000e+02 1.970029310791553314e+02 1.421829252493846241e+02
2.550000000000000000e+02 1.956201418577535946e+02 1.415759165695038178e+02
2.550000000000000000e+02 1.958762955045990282e+02 1.413104029019303027e+02
2.550000000000000000e+02 1.965587187459515519e+02 1.414589163104029126e+02
2.550000000000000000e+02 1.961984389169581675e+02 1.412902092239927470e+02
2.550000000000000000e+02 1.957578863842466603e+02 1.410284363259489453e+02
2.550000000000000000e+02 1.958697208187589069e+02 1.422194098976551402e+02
2.550000000000000000e+02 1.956359146262469153e+02 1.425696171783909847e+02
2.550000000000000000e+02 1.953218195362093468e+02 1.425532128514056183e+02
2.550000000000000000e+02 1.950295375048581548e+02 1.426459062054670426e+02
2.550000000000000000e+02 1.941915079673532887e+02 1.424376052597486648e+02
2.550000000000000000e+02 1.942063253012048278e+02 1.423242971887550254e+02
2.550000000000000000e+02 1.945447920715118642e+02 1.425747506153646782e+02
2.550000000000000000e+02 1.947314418966187191e+02 1.425560953491385021e+02
2.549999676123850350e+02 1.943256736623914946e+02 1.423434220753983652e+02
2.550000000000000000e+02 1.945809366498251052e+02 1.425253595025262427e+02
2.550000000000000000e+02 1.957561050654229859e+02 1.427037342920067431e+02
2.550000000000000000e+02 1.962941929006347834e+02 1.426778727814483716e+02
2.550000000000000000e+02 1.967804443580774603e+02 1.428739635963207775e+02
2.550000000000000000e+02 1.977363486202876004e+02 1.431152675216997068e+02
2.550000000000000000e+02 1.986302629874336105e+02 1.434281642699831707e+02
2.550000000000000000e+02 1.990984583495271352e+02 1.437199280994947515e+02
2.550000000000000000e+02 1.995601923824329447e+02 1.440230114004404811e+02
2.550000000000000000e+02 2.006831519626894647e+02 1.443748056743101529e+02
2.550000000000000000e+02 2.013765060240963862e+02 1.446474931986008414e+02
2.550000000000000000e+02 2.012912618214794804e+02 1.445969037440083014e+02
2.550000000000000000e+02 2.018419646327244550e+02 1.437363810079025654e+02
2.550000000000000000e+02 2.026947305350433908e+02 1.436332750356263830e+02
2.550000000000000000e+02 2.031262307293690981e+02 1.434305285658764149e+02
2.550000000000000000e+02 2.035452616919289994e+02 1.434639687783391651e+02
2.550000000000000000e+02 2.041088547739344392e+02 1.435029472729628139e+02
2.550000000000000000e+02 2.039585114652157074e+02 1.433792589713693530e+02
2.549999838061925175e+02 2.031402545666537094e+02 1.432303407177095380e+02
2.550000000000000000e+02 2.020252623396813192e+02 1.428041358984324347e+02
2.550000000000000000e+02 2.012711815001943307e+02 1.426401897914237509e+02
2.550000000000000000e+02 2.007492388910480656e+02 1.424446819536209432e+02
2.550000000000000000e+02 2.006825204041974473e+02 1.436298257546314403e+02
2.550000000000000000e+02 2.013978656561730816e+02 1.445921103769918261e+02
2.550000000000000000e+02 2.015512534006995793e+02 1.450234324394351688e+02
2.550000000000000000e+02 2.006832329317269057e+02 1.449145290840782536e+02
2.550000000000000000e+02 2.004969231765772690e+02 1.448706114781707583e+02
2.550000000000000000e+02 2.009922593600207392e+02 1.451437848166860931e+02
2.550000000000000000e+02 2.010238210908148631e+02 1.452629712397979063e+02
2.550000000000000000e+02 2.001355421686747036e+02 1.451119315973571702e+02
2.550000000000000000e+02 1.994737822256768993e+02 1.449894092499028488e+02
2.550000000000000000e+02 1.994725676901153122e+02 1.448838742065034353e+02
2.550000000000000000e+02 1.994745919160513097e+02 1.450951224251845986e+02
2.550000000000000000e+02 1.990221045472211472e+02 1.451655169063350286e+02
2.550000000000000000e+02 1.981954754501878426e+02 1.450768558103381167e+02
2.550000000000000000e+02 1.982136610959968834e+02 1.451969166990542703e+02
2.550000000000000000e+02 1.983618668221272117e+02 1.453404424148205862e+02
2.550000000000000000e+02 1.984798872910998853e+02 1.448751457442673996e+02
2.550000000000000000e+02 1.982843308718746016e+02 1.443550168415597739e+02
2.550000000000000000e+02 1.979875307682342225e+02 1.439731992486073295e+02
2.550000000000000000e+02 1.981523027594247992e+02 1.437758938981733365e+02
2.549999676123850350e+02 1.983510007773027723e+02 1.438296411452260770e+02
2.550000000000000000e+02 1.984683411063609242e+02 1.439110312216608349e+02
2.550000000000000000e+02 1.990011659541391396e+02 1.440879971498898726e+02
2.550000000000000000e+02 1.994875307682342225e+02 1.443444422852701052e+02
2.550000000000000000e+02 1.997122684285529317e+02 1.443125404845187063e+02
2.550000000000000000e+02 2.001123850239668229e+02 1.443721498898821096e+02
2.550000000000000000e+02 2.006883663687005992e+02 1.440405816815649587e+02
2.550000000000000000e+02 2.015751230729369183e+02 1.441054378805544900e+02
2.550000000000000000e+02 2.033771699702033970e+02 1.445614716932245187e+02
2.550000000000000000e+02 2.044307552791812270e+02 1.449055091333074188e+02
2.550000000000000000e+02 2.047329317269076228e+02 1.450142343567819694e+02
2.550000000000000000e+02 2.052757157662909719e+02 1.456327244461717783e+02
2.550000000000000000e+02 2.055551561083041747e+02 1.460237401217774220e+02
2.550000000000000000e+02 2.050808718745951467e+02 1.459375890659411823e+02
2.550000000000000000e+02 2.040166310402902070e+02 1.456400764347713448e+02
2.550000000000000000e+02 2.031676544889234322e+02 1.456374692317657775e+02
2.550000000000000000e+02 2.020275456665371223e+02 1.453786274128773073e+02
2.550000000000000000e+02 2.013585308977846751e+02 1.451090976810467623e+02
2.550000000000000000e+02 2.013748056743101529e+02 1.450663298354709241e+02
2.550000000000000000e+02 2.016175994299779859e+02 1.451854029019303027e+02
2.550000000000000000e+02 2.022356037051431485e+02 1.453016420520792735e+02
2.550000000000000000e+02 2.034256704236300095e+02 1.456043043140303155e+02
2.550000000000000000e+02 2.047554735069309402e+02 1.460795763699961185e+02
2.550000000000000000e+02 2.057579673532841014e+02 1.465471725612125908e+02
2.550000000000000000e+02 2.060415695038217336e+02 1.465258129291358955e+02
2.550000000000000000e+02 2.062575463142894137e+02 1.464919840652934226e+02
2.550000000000000000e+02 2.073862061147817144e+02 1.455525812929136009e+02
2.550000000000000000e+02 2.078573487498380530e+02 1.452712948568467368e+02
2.550000000000000000e+02 2.079620255214406086e+02 1.448167346806581293e+02
2.550000000000000000e+02 2.081895323228397388e+02 1.447336766420520746e+02
2.550000000000000000e+02 2.081858239409249904e+02 1.445042265837543596e+02
2.550000000000000000e+02 2.080122425184609369e+02 1.445305253271149013e+02
2.550000000000000000e+02 2.080007287213369693e+02 1.446852733514703857e+02
2.550000000000000000e+02 2.078182407047545155e+02 1.445829284881461376e+02
2.550000000000000000e+02 2.075064775229951977e+02 1.444937168026946495e+02
2.550000000000000000e+02 2.073440212462754175e+02 1.443899792719264212e+02
2.550000000000000000e+02 2.071582134991579096e+02 1.444880165824588687e+02
2.550000000000000000e+02 2.067472956341495092e+02 1.444160027205596464e+02
2.550000000000000000e+02 2.064076791035108158e+02 1.443638748542557266e+02
2.550000000000000000e+02 2.070054573131234577e+02 1.446205143153258064e+02
2.549999838061925175e+02 2.077576758647493307e+02 1.449775715766290887e+02
2.550000000000000000e+02 2.084478235522736043e+02 1.456485781837025399e+02
2.550000000000000000e+02 2.089660091980826451e+02 1.461925767586475047e+02
2.550000000000000000e+02 2.097830515610830560e+02 1.466118830159346942e+02
2.549999838061925175e+02 2.106209839357429701e+02 1.472749708511465201e+02
2.550000000000000000e+02 2.105387517813188367e+02 1.472675055058945475e+02
2.550000000000000000e+02 2.101869898950641300e+02 1.467006250809690471e+02
2.550000000000000000e+02 2.101276557844280433e+02 1.461788767975126291e+02
2.550000000000000000e+02 2.098368150019432505e+02 1.457643801010493689e+02
2.550000000000000000e+02 2.092970915921751498e+02 1.455328248477782154e+02
2.550000000000000000e+02 2.087106004663816634e+02 1.451837025521440694e+02
2.550000000000000000e+02 2.079374271278663002e+02 1.448939791423759686e+02
2.550000000000000000e+02 2.068829997408990664e+02 1.447365429459774475e+02
2.550000000000000000e+02 2.062340652934317973e+02 1.445886449021894009e+02
2.550000000000000000e+02 2.059158731700997578e+02 1.446517197823552294e+02
2.550000000000000000e+02 2.053345478688949299e+02 1.445541358984324347e+02
2.550000000000000000e+02 2.049965831066200224e+02 1.444807779505117367e+02
2.549999838061925175e+02 2.056729012825495602e+02 1.448356652416116219e+02
2.550000000000000000e+02 2.065246469749967559e+02 1.452922010623137794e+02
2.550000000000000000e+02 2.063360376991838336e+02 1.451358660448244677e+02
2.550000000000000000e+02 2.058674212980956213e+02 1.449086993133825558e+02
2.550000000000000000e+02 2.069391274776525336e+02 1.454344636610960038e+02
2.549999838061925175e+02 2.078673079414431868e+02 1.458760040160642575e+02
2.550000000000000000e+02 2.072518460940536329e+02 1.456348782225676928e+02
2.550000000000000000e+02 2.061723021116725079e+02 1.451544727296281962e+02
2.550000000000000000e+02 2.056987789869154142e+02 1.450294889234356788e+02
2.549999838061925175e+02 2.051484324394351688e+02 1.448134311439305577e+02
2.550000000000000000e+02 2.041636384246664022e+02 1.444111607721207520e+02
2.550000000000000000e+02 2.037093211555900893e+02 1.441240769529731836e+02
2.550000000000000000e+02 2.035319018007513989e+02 1.439680172302111600e+02
2.550000000000000000e+02 2.031537602020987094e+02 1.438144513538022977e+02
2.550000000000000000e+02 2.030317884440989644e+02 1.437357332556030656e+02
2.549999514185775240e+02 2.028773966835082376e+02 1.437085114652157074e+02
2.550000000000000000e+02 2.026951677678455894e+02 1.436365461847389611e+02
2.550000000000000000e+02 2.029544306257287190e+02 1.438150505246793500e+02
2.550000000000000000e+02 2.032257902578054143e+02 1.438670974219458571e+02
2.550000000000000000e+02 2.035425897136934736e+02 1.442067625340069981e+02
2.550000000000000000e+02 2.036504080839486903e+02 1.442634246664075590e+02
2.550000000000000000e+02 2.033973636481409528e+02 1.442059852312475812e+02
2.550000000000000000e+02 2.033755667832620873e+02 1.444627218551625845e+02
2.550000000000000000e+02 2.031266193807487923e+02 1.443723604093794393e+02
2.550000000000000000e+02 2.029170391242388973e+02 1.444759360020728138e+02
2.550000000000000000e+02 2.028991125793496622e+02 1.444498153905946367e+02
2.550000000000000000e+02 2.033233579479207265e+02 1.447023092369477979e+02
2.550000000000000000e+02 2.042195232543075463e+02 1.450588968778339165e+02
2.550000000000000000e+02 2.049498963596320777e+02 1.453484097681046876e+02
2.550000000000000000e+02 2.050530994947532122e+02 1.449280833009457297e+02
2.550000000000000000e+02 2.048577697888327407e+02 1.443262404456535819e+02
2.550000000000000000e+02 2.049198244591268292e+02 1.442769788832750351e+02
2.550000000000000000e+02 2.046637193937038433e+02 1.441406432180334320e+02
2.550000000000000000e+02 2.041185872522347324e+02 1.438617048840523296e+02
2.550000000000000000e+02 2.043521343438269184e+02 1.442197823552273519e+02
2.549999838061925175e+02 2.055801269594506948e+02 1.449091527399922370e+02
2.550000000000000000e+02 2.055758679880813702e+02 1.452139363907242000e+02
2.550000000000000000e+02 2.048552921362870904e+02 1.450440633501748948e+02
2.550000000000000000e+02 2.050960292784039325e+02 1.451200446949086711e+02
2.550000000000000000e+02 2.059433540614069216e+02 1.448096417929783684e+02
2.550000000000000000e+02 2.054776525456665297e+02 1.443494947532063861e+02
2.550000000000000000e+02 2.044934738955823263e+02 1.438624336053892989e+02
2.550000000000000000e+02 2.049507384376214532e+02 1.437666310402902070e+02
2.550000000000000000e+02 2.056344409897655225e+02 1.441054378805544900e+02
2.550000000000000000e+02 2.051956373882627247e+02 1.438864814095090026e+02
2.550000000000000000e+02 2.044386740510428808e+02 1.436242065034331006e+02
2.550000000000000000e+02 2.050229952066329702e+02 1.439816524161160771e+02
2.550000000000000000e+02 2.062522995206632856e+02 1.444242777561860294e+02
2.549999838061925175e+02 2.060421362870838209e+02 1.443335762404456659e+02
2.550000000000000000e+02 2.051914269983158476e+02 1.443441669905428171e+02
2.550000000000000000e+02 2.052823390335535692e+02 1.444646651120611409e+02
2.550000000000000000e+02 2.059332977069568642e+02 1.447832296929654206e+02
2.550000000000000000e+02 2.058913071641404429e+02 1.446876862287861059e+02
2.549999838061925175e+02 2.055886610959968834e+02 1.444916763829511694e+02
2.550000000000000000e+02 2.056786662780152994e+02 1.445707831325301242e+02
2.550000000000000000e+02 2.056838159087964755e+02 1.446270080321285150e+02
2.550000000000000000e+02 2.057416925767586520e+02 1.446971596061665934e+02
2.550000000000000000e+02 2.055353510817463416e+02 1.445619251198341715e+02
2.550000000000000000e+02 2.057415792201062175e+02 1.446416958155201371e+02
2.550000000000000000e+02 2.062649792719264212e+02 1.447043010752688303e+02
2.550000000000000000e+02 2.066943904650861441e+02 1.446624886643347452e+02
2.549999838061925175e+02 2.064583819147557904e+02 1.442957151185386806e+02
2.550000000000000000e+02 2.062791326596709496e+02 1.441629582847519089e+02
2.550000000000000000e+02 2.066305058945459336e+02 1.443274549812151974e+02
2.550000000000000000e+02 2.065090523383857999e+02 1.447140821349915711e+02
2.550000000000000000e+02 2.054003433087187318e+02 1.445730988470009208e+02
2.549999838061925175e+02 2.049897493198600955e+02 1.446198989506412715e+02
2.550000000000000000e+02 2.055907824847778329e+02 1.451031869413136519e+02
2.550000000000000000e+02 2.057395711879777309e+02 1.451411938074880084e+02
2.550000000000000000e+02 2.059246502137582695e+02 1.455414075657468516e+02
2.550000000000000000e+02 2.060498445394481166e+02 1.458956309107397260e+02
2.550000000000000000e+02 2.063777367534654843e+02 1.461579705920456149e+02
2.550000000000000000e+02 2.067266485296022722e+02 1.462988891048063351e+02
2.549999838061925175e+02 2.067593924083430466e+02 1.463414626246923262e+02
2.550000000000000000e+02 2.067112482186811633e+02 1.459402772379841906e+02
2.550000000000000000e+02 2.066980016841559689e+02 1.454683249125534417e+02
2.550000000000000000e+02 2.064624789480502614e+02 1.452451742453685597e+02
2.550000000000000000e+02 2.058067107138230369e+02 1.448186617437492032e+02
2.550000000000000000e+02 2.055114490218940375e+02 1.445574232413524953e+02
2.550000000000000000e+02 2.057061957507449108e+02 1.443855583624821861e+02
2.550000000000000000e+02 2.056695653582070236e+02 1.440577309236947769e+02
2.550000000000000000e+02 2.049416537116206882e+02 1.435664269983158476e+02
2.549999838061925175e+02 2.044862352636351943e+02 1.431501165954139196e+02
2.550000000000000000e+02 2.052677808006218356e+02 1.433834693613162301e+02
2.550000000000000000e+02 2.059045860862806023e+02 1.441492745174245442e+02
2.550000000000000000e+02 2.055428812022282727e+02 1.442722340976810358e+02
2.550000000000000000e+02 2.057714729887291014e+02 1.445161290322580783e+02
2.550000000000000000e+02 2.067749384635315550e+02 1.451065552532711536e+02
2.550000000000000000e+02 2.072576434771343372e+02 1.454931500194325622e+02
2.550000000000000000e+02 2.074314678067107138e+02 1.456066038346936011e+02
2.549999838061925175e+02 2.077842337090296780e+02 1.456913136416634416e+02
2.549999514185775240e+02 2.082827114911257809e+02 1.458825948957118896e+02
2.550000000000000000e+02 2.083929103510817527e+02 1.458966997020339420e+02
2.550000000000000000e+02 2.083494299779764276e+02 1.458430172302111600e+02
2.550000000000000000e+02 2.087955045990413225e+02 1.461224089908019153e+02
2.550000000000000000e+02 2.097699993522477087e+02 1.464308200544111855e+02
2.550000000000000000e+02 2.096840426221013161e+02 1.463948859955952742e+02
2.550000000000000000e+02 2.096840750097162811e+02 1.463683929265448853e+02
2.550000000000000000e+02 2.103736235263635308e+02 1.466935807747117622e+02
2.550000000000000000e+02 2.109365850498769248e+02 1.471199151444487541e+02
2.549999676123850350e+02 2.103316815649695570e+02 1.469132821609016730e+02
2.549999028371550764e+02 2.087934155978753665e+02 1.464830612773675398e+02
2.550000000000000000e+02 2.079124886643347452e+02 1.462508096903744104e+02
2.550000000000000000e+02 2.075095705402254112e+02 1.460748153905946367e+02
2.550000000000000000e+02 2.071779375566783301e+02 1.457509068532193339e+02
2.549999514185775240e+02 2.071762695945070618e+02 1.458161840912035245e+02
2.550000000000000000e+02 2.074019303018525591e+02 1.459310143801010611e+02
2.550000000000000000e+02 2.071414205207928489e+02 1.458575106879129351e+02
2.550000000000000000e+02 2.067334175411322690e+02 1.455418124109340567e+02
2.550000000000000000e+02 2.065898918253659815e+02 1.453446204171524698e+02
2.550000000000000000e+02 2.068698827568337890e+02 1.454261400440471448e+02
2.550000000000000000e+02 2.067393282808654078e+02 1.452515707993263447e+02
2.550000000000000000e+02 2.061513635185905002e+02 1.451004987692706436e+02
2.550000000000000000e+02 2.058248315844021192e+02 1.448655752040419884e+02
2.550000000000000000e+02 2.059213790646456914e+02 1.449557261303277755e+02
2.550000000000000000e+02 2.059510461199637348e+02 1.451198179816038305e+02
2.550000000000000000e+02 2.057279278403938463e+02 1.448890400310921223e+02
2.550000000000000000e+02 2.055881914755797482e+02 1.449114684544630052e+02
2.550000000000000000e+02 2.060278371550718930e+02 1.451189435159994900e+02
2.550000000000000000e+02 2.067824523902059752e+02 1.445704430625728776e+02
2.550000000000000000e+02 2.073478105972276069e+02 1.444792071511853919e+02
2.550000000000000000e+02 2.075635930820054398e+02 1.441086766420520746e+02
2.550000000000000000e+02 2.081414043269853664e+02 1.441820831713952487e+02
2.550000000000000000e+02 2.087582426480113895e+02 1.444459288767975238e+02
2.550000000000000000e+02 2.089026914108045219e+02 1.452123008161678968e+02
2.550000000000000000e+02 2.086521732089648822e+02 1.455949442933022340e+02
2.549999190309625590e+02 2.086371615494234959e+02 1.459817171913460356e+02
2.550000000000000000e+02 2.091625210519497386e+02 1.464905590102344775e+02
2.550000000000000000e+02 2.090609534913849075e+02 1.465638521829252454e+02
2.550000000000000000e+02 2.084404229822515902e+02 1.459600822645420521e+02
2.549999190309625590e+02 2.084839033553569152e+02 1.458215604352895411e+02
2.550000000000000000e+02 2.089428520533747928e+02 1.460606296152351433e+02
2.550000000000000000e+02 2.088997117502267145e+02 1.459528436325948917e+02
2.550000000000000000e+02 2.088406691281253984e+02 1.458838256250809593e+02
2.550000000000000000e+02 2.095607591656950319e+02 1.455945718357300223e+02
2.550000000000000000e+02 2.102962657079932569e+02 1.452350531156885722e+02
2.549999838061925175e+02 2.098976065552532759e+02 1.450230275942479636e+02
2.550000000000000000e+02 2.091968843114393053e+02 1.447182763311309657e+02
2.550000000000000000e+02 2.092503238761497641e+02 1.448142408343049681e+02
2.550000000000000000e+02 2.091165306386837699e+02 1.446837349397590344e+02
2.550000000000000000e+02 2.086071706179556884e+02 1.445445005829770651e+02
2.550000000000000000e+02 2.088372522347454208e+02 1.446597681046767718e+02
2.550000000000000000e+02 2.092119607462106501e+02 1.448169937815779349e+02
2.550000000000000000e+02 2.090373591138748566e+02 1.447849948179816124e+02
2.550000000000000000e+02 2.091229433864490090e+02 1.454796443839875622e+02
2.550000000000000000e+02 2.094229660577795187e+02 1.461230729369089261e+02
2.550000000000000000e+02 2.091196074621065009e+02 1.462534816686099362e+02
2.550000000000000000e+02 2.087355875113356660e+02 1.462820637388262810e+02
2.550000000000000000e+02 2.086890465086150925e+02 1.462367210778598405e+02
2.550000000000000000e+02 2.079568435030444391e+02 1.459058977846871414e+02
2.550000000000000000e+02 2.064104968260137412e+02 1.454110312216608349e+02
2.550000000000000000e+02 2.061291780023319120e+02 1.452321058427257299e+02
2.550000000000000000e+02 2.062786306516388208e+02 1.453711458738178521e+02
2.550000000000000000e+02 2.060522412229563542e+02 1.452282193289286170e+02
2.550000000000000000e+02 2.057631169840653058e+02 1.448777853348879319e+02
2.550000000000000000e+02 2.057645744267392161e+02 1.444565520145096400e+02
2.550000000000000000e+02 2.059144481150408126e+02 1.444474672885088751e+02
2.550000000000000000e+02 2.060947985490348628e+02 1.443656885606943945e+02
2.550000000000000000e+02 2.062543399404067941e+02 1.442881688042492669e+02
2.550000000000000000e+02 2.065783780282420139e+02 1.444611996372587157e+02
2.550000000000000000e+02 2.070481765772768483e+02 1.448556484000518196e+02
2.550000000000000000e+02 2.071126765125016220e+02 1.448931694520015583e+02
2.550000000000000000e+02 2.069860247441378363e+02 1.447789221401735915e+02
2.550000000000000000e+02 2.071223927969944327e+02 1.449589972794403536e+02
2.550000000000000000e+02 2.074711264412488561e+02 1.452287213369607457e+02
2.550000000000000000e+02 2.079405039512890312e+02 1.454092013214146846e+02
2.550000000000000000e+02 2.079743652027464691e+02 1.453748218681176354e+02
2.550000000000000000e+02 2.080974867210778712e+02 1.455507351988599680e+02
2.549998866433475939e+02 2.082474899598393563e+02 1.456851438010104971e+02
2.549999838061925175e+02 2.085314483741417177e+02 1.459149501230729413e+02
2.550000000000000000e+02 2.085758356004663767e+02 1.458504501878481676e+02
2.549999838061925175e+02 2.084184479854903600e+02 1.459984292006736553e+02
2.550000000000000000e+02 2.082066005959321160e+02 1.459865105583624825e+02
2.550000000000000000e+02 2.079640659411840886e+02 1.460687103251716508e+02
2.549999838061925175e+02 2.072871971757999745e+02 1.455824264801140089e+02
2.550000000000000000e+02 2.066936941313641682e+02 1.452471984713045856e+02
2.550000000000000000e+02 2.064792881202228330e+02 1.448533974608109816e+02
2.550000000000000000e+02 2.069457669387226417e+02 1.450446139396294996e+02
2.550000000000000000e+02 2.073919387226324602e+02 1.451674115818111090e+02
2.549999676123850350e+02 2.075373753076823391e+02 1.450848231636222181e+02
2.549999676123850350e+02 2.076276233968130498e+02 1.450098944163751753e+02
2.550000000000000000e+02 2.078625631558492159e+02 1.450707669387226417e+02
2.549999838061925175e+02 2.079750777302759559e+02 1.451044014768752390e+02
2.550000000000000000e+02 2.079359534913849075e+02 1.451038346936131518e+02
2.550000000000000000e+02 2.077871809819924920e+02 1.449719199378157839e+02
2.550000000000000000e+02 2.077012890270760579e+02 1.449686002072807298e+02
2.550000000000000000e+02 2.079157274258323582e+02 1.451252267133048406e+02
2.550000000000000000e+02 2.077386805285658795e+02 1.452031027335146973e+02
2.550000000000000000e+02 2.075571803342402006e+02 1.449641631040290122e+02
2.550000000000000000e+02 2.079236623915014945e+02 1.453239571187977788e+02
2.550000000000000000e+02 2.083807811892732218e+02 1.456504080839486903e+02
2.550000000000000000e+02 2.082914885347842926e+02 1.455286792330612684e+02
2.549999190309625590e+02 2.079424634019950702e+02 1.452466154942350158e+02
2.550000000000000000e+02 2.084700900375696335e+02 1.454513376084985055e+02
2.550000000000000000e+02 2.093236332426480146e+02 1.463240057002202263e+02
2.550000000000000000e+02 2.093250259100919948e+02 1.465713337219847006e+02
2.550000000000000000e+02 2.091773059981862843e+02 1.469949637258712301e+02
2.549999514185775240e+02 2.098951936779375558e+02 1.475374076952973041e+02
2.550000000000000000e+02 2.104681305868635945e+02 1.480724025132789166e+02
2.550000000000000000e+02 2.103780282420002550e+02 1.479746566912812682e+02
2.550000000000000000e+02 2.103929589325042002e+02 1.477327050136028106e+02
2.550000000000000000e+02 2.106835568078766698e+02 1.478445556419225397e+02
2.550000000000000000e+02 2.105512695945070618e+02 1.477501781318823646e+02
2.550000000000000000e+02 2.100310759165695060e+02 1.475331973053504271e+02
2.550000000000000000e+02 2.098938657857235341e+02 1.476900991061018260e+02
2.550000000000000000e+02 2.103582879906723804e+02 1.482791002720559561e+02
2.550000000000000000e+02 2.104837738048969982e+02 1.487534492809949427e+02
2.550000000000000000e+02 2.098931856458090408e+02 1.483998251068791205e+02
2.550000000000000000e+02 2.082818370255214404e+02 1.478211232024873709e+02
2.550000000000000000e+02 2.076075592693354110e+02 1.472795375048581548e+02
2.550000000000000000e+02 2.068597292395388081e+02 1.469521149112579224e+02
2.550000000000000000e+02 2.059812475709288719e+02 1.464962916180852517e+02
2.550000000000000000e+02 2.059274517424536839e+02 1.463319730535043277e+02
2.550000000000000000e+02 2.065255700220235724e+02 1.466375987822256661e+02
2.550000000000000000e+02 2.069489733126052613e+02 1.472484130068661727e+02
2.550000000000000000e+02 2.068479077600725589e+02 1.475727263894286807e+02
2.550000000000000000e+02 2.069735717061795697e+02 1.477674407306645890e+02
2.550000000000000000e+02 2.077979174763570427e+02 1.482819665759813574e+02
2.550000000000000000e+02 2.080408731700997578e+02 1.484160189143671573e+02
2.550000000000000000e+02 2.077405913978494709e+02 1.476906658893639133e+02
2.550000000000000000e+02 2.077210292784039325e+02 1.472495303795828363e+02
2.550000000000000000e+02 2.081991028630651499e+02 1.468886675735198821e+02
2.550000000000000000e+02 2.082359761627153887e+02 1.467881040290193084e+02
2.550000000000000000e+02 2.076393801010493689e+02 1.464872554735069343e+02
2.550000000000000000e+02 2.072887841689338018e+02 1.464830126959450638e+02
2.550000000000000000e+02 2.076581973053504271e+02 1.468236818240704622e+02
2.550000000000000000e+02 2.081400926285788273e+02 1.471885768881979573e+02
2.550000000000000000e+02 2.085244850369218739e+02 1.474105777950511822e+02
2.550000000000000000e+02 2.093213823034071766e+02 1.479206827309236871e+02
2.550000000000000000e+02 2.098444260914626227e+02 1.479208446689985692e+02
2.550000000000000000e+02 2.101878157792460229e+02 1.478289448115040727e+02
2.550000000000000000e+02 2.106011303277626610e+02 1.479249578961005227e+02
2.550000000000000000e+02 2.108203135121129606e+02 1.479750777302759559e+02
2.550000000000000000e+02 2.112758291229433780e+02 1.481668771861640153e+02
2.550000000000000000e+02 2.119526816945200096e+02 1.485699410545407488e+02
2.550000000000000000e+02 2.120530671071382187e+02 1.488193418836636965e+02
2.550000000000000000e+02 2.119889396294856851e+02 1.488116174374918899e+02
2.550000000000000000e+02 2.115256995724834894e+02 1.487206406270242383e+02
2.549999838061925175e+02 2.113872101308459719e+02 1.487026655007125271e+02
2.550000000000000000e+02 2.115751554605518834e+02 1.487210616660189260e+02
2.550000000000000000e+02 2.117715053763440949e+02 1.488974284233709113e+02
2.550000000000000000e+02 2.117618376732737318e+02 1.488095284363259623e+02
2.550000000000000000e+02 2.120623947402513352e+02 1.489360020728073550e+02
2.550000000000000000e+02 2.123536565617307872e+02 1.490238858660448216e+02
2.550000000000000000e+02 2.124923241352506693e+02 1.487813188236818291e+02
2.550000000000000000e+02 2.121039480502655863e+02 1.484938625469620490e+02
2.550000000000000000e+02 2.110399501230729413e+02 1.480755117243166126e+02
2.550000000000000000e+02 2.101477522995206755e+02 1.476260040160642575e+02
2.550000000000000000e+02 2.092153938333981102e+02 1.472888165565487668e+02
2.550000000000000000e+02 2.083923111802047003e+02 1.469652157015157456e+02
2.550000000000000000e+02 2.083575754631428936e+02 1.469715474802435438e+02
2.550000000000000000e+02 2.088213661095996940e+02 1.472252558621583205e+02
2.550000000000000000e+02 2.093500615364684450e+02 1.473638586604482441e+02
2.550000000000000000e+02 2.094893120870578969e+02 1.474245692447208285e+02
2.550000000000000000e+02 2.098151638813317845e+02 1.477433929265448853e+02
2.550000000000000000e+02 2.104187880554476067e+02 1.482508258841818929e+02
2.549999838061925175e+02 2.107320248736882888e+02 1.483983514703977278e+02
2.550000000000000000e+02 2.110115623785464436e+02 1.485878675994299840e+02
2.550000000000000000e+02 2.113985781837025399e+02 1.488406367405104334e+02
2.550000000000000000e+02 2.114599041326596591e+02 1.489097681046767718e+02
2.550000000000000000e+02 2.113893477134343755e+02 1.489069341883663640e+02
2.550000000000000000e+02 2.114964211685451403e+02 1.489715474802435438e+02
2.550000000000000000e+02 2.117757643477134479e+02 1.490303471952325367e+02
2.550000000000000000e+02 2.119795796087576036e+02 1.490545893250421159e+02
2.550000000000000000e+02 2.118422399274517431e+02 1.489185289545278010e+02
2.550000000000000000e+02 2.119998542557326004e+02 1.489452163492680370e+02
2.550000000000000000e+02 2.124867210778598405e+02 1.492095478688949299e+02
2.550000000000000000e+02 2.127677646068143531e+02 1.493650408083948662e+02
2.550000000000000000e+02 2.126233482316362142e+02 1.492349397590361377e+02
2.550000000000000000e+02 2.127056451612903345e+02 1.499444066588936266e+02
2.550000000000000000e+02 2.132564937168027086e+02 1.507086410156755960e+02
2.550000000000000000e+02 2.135944584790775878e+02 1.513783197305350541e+02
2.550000000000000000e+02 2.135645485166472213e+02 1.514073876149760451e+02
2.550000000000000000e+02 2.132816265060240823e+02 1.512680884829641172e+02
2.550000000000000000e+02 2.131700187848166763e+02 1.507990672366886997e+02
2.550000000000000000e+02 2.131397849462365457e+02 1.500954786889493562e+02
2.550000000000000000e+02 2.125753012048192829e+02 1.496040290193030273e+02
2.550000000000000000e+02 2.121426188625469536e+02 1.492122846223604142e+02
2.550000000000000000e+02 2.120841592175152357e+02 1.489832070216349393e+02
2.550000000000000000e+02 2.119967612385023870e+02 1.487642181629744869e+02
2.550000000000000000e+02 2.116770307034589962e+02 1.485666699054281708e+02
2.549999676123850350e+02 2.108194228527011376e+02 1.483710487109729286e+02
2.550000000000000000e+02 2.102632627283326769e+02 1.482428423370903090e+02
2.550000000000000000e+02 2.100796735328410421e+02 1.482405590102344775e+02
2.550000000000000000e+02 2.100515934706568260e+02 1.485239344474672976e+02
