2.550000000000000000e+02 2.489720621616902463e+02 1.613286843024270922e+02
2.550000000000000000e+02 2.487744892613933985e+02 1.609435350096036359e+02
2.550000000000000000e+02 2.487146411733891966e+02 1.607466605552645262e+02
2.550000000000000000e+02 2.484033088877248190e+02 1.602949624585297670e+02
2.550000000000000000e+02 2.484198096734765215e+02 1.606013837960537671e+02
2.550000000000000000e+02 2.484072812991094850e+02 1.605477125894883841e+02
2.550000000000000000e+02 2.484035489785227924e+02 1.609225598044351386e+02
2.550000000000000000e+02 2.484107953553343862e+02 1.611688274838484460e+02
2.550000000000000000e+02 2.484820368430242752e+02 1.612873886851754719e+02
2.550000000000000000e+02 2.485359263139514496e+02 1.614329710144927503e+02
2.550000000000000000e+02 2.485543914789593032e+02 1.612127859263139555e+02
2.550000000000000000e+02 2.485649554740701888e+02 1.611599222978871921e+02
2.550000000000000000e+02 2.485539331237995384e+02 1.612855116116640488e+02
2.550000000000000000e+02 2.485143836214422777e+02 1.612975598044351386e+02
2.550000000000000000e+02 2.485399205517722976e+02 1.615257551946918113e+02
2.550000000000000000e+02 2.485136196961760220e+02 1.615654574821023175e+02
2.550000000000000000e+02 2.485408154356556736e+02 1.615320630347476936e+02
2.550000000000000000e+02 2.485674873406670145e+02 1.614087873232058712e+02
2.550000000000000000e+02 2.485886153308887856e+02 1.612352889820150210e+02
2.550000000000000000e+02 2.486292998079273673e+02 1.612241793259996427e+02
2.550000000000000000e+02 2.486041339270123842e+02 1.611141959140911410e+02
2.550000000000000000e+02 2.486219442989348636e+02 1.611632399161864839e+02
2.550000000000000000e+02 2.486666230137943217e+02 1.611861358477387682e+02
2.550000000000000000e+02 2.486869434258774163e+02 1.611103981141959025e+02
2.550000000000000000e+02 2.486570193818753296e+02 1.609556486816832432e+02
2.550000000000000000e+02 2.486549895233106326e+02 1.608065959490134560e+02
2.550000000000000000e+02 2.487036188231185747e+02 1.608014667365112587e+02
2.550000000000000000e+02 2.487008032128514117e+02 1.609574602758861488e+02
2.550000000000000000e+02 2.487152523136022353e+02 1.612745110878295804e+02
2.550000000000000000e+02 2.487697965776148123e+02 1.614097476863977647e+02
2.550000000000000000e+02 2.487023965426924974e+02 1.614242840928933163e+02
2.550000000000000000e+02 2.486242579011698979e+02 1.610494150515103797e+02
2.550000000000000000e+02 2.485990701938187613e+02 1.613078618823118688e+02
2.550000000000000000e+02 2.486584381002269879e+02 1.616070586694604572e+02
2.550000000000000000e+02 2.487135498515802396e+02 1.620280033176182997e+02
2.550000000000000000e+02 2.488082329317269057e+02 1.624008206740003573e+02
2.550000000000000000e+02 2.488231403876374941e+02 1.624331456259821778e+02
2.550000000000000000e+02 2.488167452418369123e+02 1.624238912170420690e+02
2.550000000000000000e+02 2.488871136720796358e+02 1.624681115767417623e+02
2.550000000000000000e+02 2.489366596822070790e+02 1.626062729177579911e+02
2.550000000000000000e+02 2.489805089924917070e+02 1.629428802165182333e+02
2.550000000000000000e+02 2.489912257726558380e+02 1.629500392875851276e+02
2.550000000000000000e+02 2.489486423956696228e+02 1.628915226121878845e+02
2.550000000000000000e+02 2.489809455212152898e+02 1.629464160991793165e+02
2.550000000000000000e+02 2.489661253710494009e+02 1.630141217042081507e+02
2.550000000000000000e+02 2.490211934695302887e+02 1.632102540597171298e+02
2.550000000000000000e+02 2.489962022001047615e+02 1.631014056224899491e+02
2.550000000000000000e+02 2.490127466387288280e+02 1.629018901693731323e+02
2.550000000000000000e+02 2.490489566963506149e+02 1.627721538327221822e+02
2.550000000000000000e+02 2.491420900995285592e+02 1.627586432687270701e+02
2.550000000000000000e+02 2.491474375763925195e+02 1.626365243583027791e+02
2.550000000000000000e+02 2.491361751353238958e+02 1.625189889994761643e+02
2.550000000000000000e+02 2.491726907630522021e+02 1.625062641871835183e+02
2.550000000000000000e+02 2.491952374716256315e+02 1.627171948664222043e+02
2.550000000000000000e+02 2.492796621267679313e+02 1.629820586694604572e+02
2.550000000000000000e+02 2.492533612711716557e+02 1.629849179325999557e+02
2.550000000000000000e+02 2.492890911471974960e+02 1.631314824515453097e+02
2.550000000000000000e+02 2.493356469355683487e+02 1.628131875327396472e+02
2.550000000000000000e+02 2.493046097433211230e+02 1.624257682905535205e+02
2.550000000000000000e+02 2.493042386939060577e+02 1.622825650427798223e+02
2.550000000000000000e+02 2.493826392526628126e+02 1.622501746114894274e+02
2.550000000000000000e+02 2.493925266282521420e+02 1.624452811244979955e+02
2.550000000000000000e+02 2.493367600838135161e+02 1.625472542343286193e+02
2.550000000000000000e+02 2.493437881962633185e+02 1.627945695826785482e+02
2.550000000000000000e+02 2.493696088702636757e+02 1.627650165880914983e+02
2.550000000000000000e+02 2.493262833944473584e+02 1.626833420639078156e+02
2.550000000000000000e+02 2.492780033176182997e+02 1.626238213724463151e+02
2.550000000000000000e+02 2.491739348699144330e+02 1.624960057621791520e+02
2.550000000000000000e+02 2.491409769512833918e+02 1.624120176357604350e+02
2.550000000000000000e+02 2.490058931377684530e+02 1.620861925964728414e+02
2.550000000000000000e+02 2.488259123450322932e+02 1.616179064082416517e+02
2.550000000000000000e+02 2.486992317094464795e+02 1.612719137419242088e+02
2.550000000000000000e+02 2.486160729876025925e+02 1.611894098131656961e+02
2.550000000000000000e+02 2.485317574646411742e+02 1.611308494848961175e+02
2.550000000000000000e+02 2.485519469181072054e+02 1.612233280949886591e+02
2.550000000000000000e+02 2.485366465863453698e+02 1.613727082242011477e+02
2.550000000000000000e+02 2.484754670857342376e+02 1.613183385716780265e+02
2.550000000000000000e+02 2.484725423432861930e+02 1.610493932250741977e+02
2.550000000000000000e+02 2.484458486118386702e+02 1.610455299458704417e+02
2.550000000000000000e+02 2.484393879867295141e+02 1.609462414876898890e+02
2.550000000000000000e+02 2.483951021477213317e+02 1.607451763576043220e+02
2.550000000000000000e+02 2.483004627204470012e+02 1.603988781211803598e+02
2.550000000000000000e+02 2.482999607124148724e+02 1.604534442116291189e+02
2.550000000000000000e+02 2.482979090274139935e+02 1.605943556836039932e+02
2.550000000000000000e+02 2.483151300855596162e+02 1.607347869739828923e+02
2.550000000000000000e+02 2.483815042779814917e+02 1.608754365287235828e+02
2.550000000000000000e+02 2.485072463768115938e+02 1.612214728479133896e+02
2.550000000000000000e+02 2.485640387637506592e+02 1.612408547232408011e+02
2.550000000000000000e+02 2.485869783481753075e+02 1.609356338397066395e+02
2.550000000000000000e+02 2.485672254234328591e+02 1.606500567487340732e+02
2.550000000000000000e+02 2.486148943600488792e+02 1.606792605203422397e+02
2.550000000000000000e+02 2.485972804260520377e+02 1.607044045748210124e+02
2.550000000000000000e+02 2.486393836214422777e+02 1.608427623537628790e+02
2.550000000000000000e+02 2.486594639427274274e+02 1.610289855072463752e+02
2.550000000000000000e+02 2.487410075082940466e+02 1.611931639601885706e+02
2.550000000000000000e+02 2.487487777195739511e+02 1.612682032477736982e+02
2.550000000000000000e+02 2.487594071939933542e+02 1.612672428845818047e+02
2.550000000000000000e+02 2.488549633315872143e+02 1.612919067574646306e+02
2.550000000000000000e+02 2.488801510389383509e+02 1.613170944648157956e+02
2.550000000000000000e+02 2.489686572376462266e+02 1.614136327920377028e+02
2.550000000000000000e+02 2.489506722542343198e+02 1.613268072289156692e+02
2.550000000000000000e+02 2.489364632442814695e+02 1.612973633665095292e+02
2.550000000000000000e+02 2.489346953029509280e+02 1.613738431988824971e+02
2.550000000000000000e+02 2.489153570804959088e+02 1.614021739130434696e+02
2.550000000000000000e+02 2.489413305395495115e+02 1.614978391828182396e+02
2.550000000000000000e+02 2.489454993888597869e+02 1.615185306443163995e+02
2.550000000000000000e+02 2.490249257901169813e+02 1.618134276235376205e+02
2.550000000000000000e+02 2.490392002793783774e+02 1.618295137070019223e+02
2.550000000000000000e+02 2.490833115068971608e+02 1.622474026540946284e+02
2.550000000000000000e+02 2.490619870787497803e+02 1.623407543216343640e+02
2.550000000000000000e+02 2.490328487864501597e+02 1.624379474419416738e+02
2.550000000000000000e+02 2.489763401431814316e+02 1.625465339619346992e+02
2.550000000000000000e+02 2.489240221756591609e+02 1.624146586345381422e+02
2.550000000000000000e+02 2.489627859263139555e+02 1.626128645014842107e+02
2.550000000000000000e+02 2.489660817181770653e+02 1.625143399685699421e+02
2.550000000000000000e+02 2.489806181246726169e+02 1.624385367557185305e+02
2.550000000000000000e+02 2.489602758861533118e+02 1.623536755718526194e+02
2.550000000000000000e+02 2.489879081543565462e+02 1.620526671905011256e+02
2.550000000000000000e+02 2.490204513707001865e+02 1.620578837087480224e+02
2.550000000000000000e+02 2.490240090797974517e+02 1.619750523834468368e+02
2.550000000000000000e+02 2.489651213549851718e+02 1.615250785751702551e+02
2.550000000000000000e+02 2.489303518421512251e+02 1.613756329666491922e+02
2.550000000000000000e+02 2.489131962633141200e+02 1.615641915488039047e+02
2.550000000000000000e+02 2.488756329666491922e+02 1.615895975205168611e+02
2.550000000000000000e+02 2.488188842325824908e+02 1.615577309236947769e+02
2.550000000000000000e+02 2.488890998777719687e+02 1.617465077702112808e+02
2.550000000000000000e+02 2.488796926837785861e+02 1.617482538851056404e+02
2.550000000000000000e+02 2.488876811594202820e+02 1.617633577789418666e+02
2.550000000000000000e+02 2.488867207962283885e+02 1.619972062161690189e+02
2.550000000000000000e+02 2.489746595075955895e+02 1.622833289680461064e+02
2.550000000000000000e+02 2.490433909551248348e+02 1.625131831674524108e+02
2.550000000000000000e+02 2.490362100576217870e+02 1.626984023048716494e+02
2.550000000000000000e+02 2.490554609743321066e+02 1.623760040160642575e+02
2.550000000000000000e+02 2.490903396193469632e+02 1.621419591409114673e+02
2.550000000000000000e+02 2.491666011873581397e+02 1.621493146499039710e+02
2.550000000000000000e+02 2.492040553518421575e+02 1.621414134800069746e+02
2.550000000000000000e+02 2.492309891740876537e+02 1.622570062860136204e+02
2.550000000000000000e+02 2.492707787672428879e+02 1.627420333507944861e+02
2.550000000000000000e+02 2.492820193818753296e+02 1.628202156451894496e+02
2.550000000000000000e+02 2.492057796403003351e+02 1.626027588615330899e+02
2.550000000000000000e+02 2.491685873930504727e+02 1.624668019905709855e+02
2.550000000000000000e+02 2.492097302252488191e+02 1.626180373668587436e+02
2.550000000000000000e+02 2.492283045224375826e+02 1.624578531517373960e+02
2.550000000000000000e+02 2.492046446656189858e+02 1.621525886153308988e+02
2.550000000000000000e+02 2.491929456958267792e+02 1.618727518770735117e+02
2.550000000000000000e+02 2.492068491356731386e+02 1.617449580932425306e+02
2.550000000000000000e+02 2.492729614108608303e+02 1.617479701414353030e+02
2.550000000000000000e+02 2.492229352191374119e+02 1.619106862231534762e+02
2.550000000000000000e+02 2.491098961061637738e+02 1.619970970839881375e+02
2.550000000000000000e+02 2.490570979570455847e+02 1.619787628775973474e+02
2.550000000000000000e+02 2.490419940632093585e+02 1.621172734415924594e+02
2.550000000000000000e+02 2.490374759909201998e+02 1.620641697223677227e+02
2.550000000000000000e+02 2.490684258774227260e+02 1.620811725161515540e+02
2.550000000000000000e+02 2.491415662650602485e+02 1.624587262091845616e+02
2.550000000000000000e+02 2.491248253885105726e+02 1.624042474244805305e+02
2.550000000000000000e+02 2.491375283743670366e+02 1.624477038589139113e+02
2.550000000000000000e+02 2.491886895407717759e+02 1.624408067050812008e+02
2.550000000000000000e+02 2.491762266457132853e+02 1.624484677841801954e+02
2.550000000000000000e+02 2.492023528898201619e+02 1.623746289505849347e+02
2.550000000000000000e+02 2.492115199930155427e+02 1.622671774052732587e+02
2.550000000000000000e+02 2.492099703160467925e+02 1.622803387462895159e+02
2.550000000000000000e+02 2.492182861882311897e+02 1.623122271695477536e+02
2.550000000000000000e+02 2.492459839357429701e+02 1.621187576392526637e+02
2.550000000000000000e+02 2.492869521564518891e+02 1.621366553169198426e+02
2.550000000000000000e+02 2.492845512484721553e+02 1.620514885629474406e+02
2.550000000000000000e+02 2.493595032303125549e+02 1.622433211105290809e+02
2.550000000000000000e+02 2.494241967871485883e+02 1.624541644840230390e+02
2.550000000000000000e+02 2.494960275886153340e+02 1.627176968744543331e+02
2.550000000000000000e+02 2.495350750829404660e+02 1.627274314649903886e+02
2.550000000000000000e+02 2.495947922123275760e+02 1.628191679762528281e+02
2.550000000000000000e+02 2.496129299807927282e+02 1.629066701588964463e+02
2.550000000000000000e+02 2.495909944124323374e+02 1.630559629823642354e+02
2.550000000000000000e+02 2.496388161341016314e+02 1.630616378557708970e+02
2.550000000000000000e+02 2.496758774227344020e+02 1.630888772481229125e+02
2.550000000000000000e+02 2.496397110179849790e+02 1.629413523659856935e+02
2.550000000000000000e+02 2.497177187008905150e+02 1.629483586519993139e+02
2.550000000000000000e+02 2.497025275013095893e+02 1.630997686397764994e+02
2.550000000000000000e+02 2.497672865374541686e+02 1.629400646062510987e+02
2.550000000000000000e+02 2.498334206390780423e+02 1.629546228391828322e+02
2.550000000000000000e+02 2.498517548454688324e+02 1.629252444560852098e+02
2.550000000000000000e+02 2.499872751877073540e+02 1.630106731272917671e+02
2.550000000000000000e+02 2.499293914789593032e+02 1.630024882137244617e+02
2.550000000000000000e+02 2.499634843722716937e+02 1.633612929980792785e+02
2.550000000000000000e+02 2.499551030207787790e+02 1.638175964728479244e+02
2.550000000000000000e+02 2.499611489436004774e+02 1.641453858913916406e+02
2.550000000000000000e+02 2.499541426575868570e+02 1.641890605901868412e+02
2.550000000000000000e+02 2.498935742971887635e+02 1.641875545660904550e+02
2.550000000000000000e+02 2.498181857866247526e+02 1.639609961585472320e+02
2.550000000000000000e+02 2.497880871311332385e+02 1.640540640824166303e+02
2.550000000000000000e+02 2.497745110878295804e+02 1.638719006460624996e+02
2.550000000000000000e+02 2.497955299458704417e+02 1.639299807927361599e+02
2.550000000000000000e+02 2.497882617426226659e+02 1.639454120831150590e+02
2.550000000000000000e+02 2.498163960188580290e+02 1.638120525580583262e+02
2.550000000000000000e+02 2.498495722018508900e+02 1.637347433211105283e+02
2.550000000000000000e+02 2.498053954950235607e+02 1.636915269774751209e+02
2.550000000000000000e+02 2.497999388859786905e+02 1.636898463418893073e+02
2.550000000000000000e+02 2.497999825388510544e+02 1.635599135673127194e+02
2.550000000000000000e+02 2.498058538501833539e+02 1.635182469006460622e+02
2.550000000000000000e+02 2.497948969792212210e+02 1.634807272568534984e+02
2.550000000000000000e+02 2.498243408416273894e+02 1.635406844770385817e+02
2.550000000000000000e+02 2.498300375414702330e+02 1.634683298411035537e+02
2.550000000000000000e+02 2.498476951283394385e+02 1.634111664047494230e+02
2.550000000000000000e+02 2.498914789593155206e+02 1.635802558058320244e+02
2.550000000000000000e+02 2.499071503404923931e+02 1.634812510913218091e+02
2.550000000000000000e+02 2.499171905011349679e+02 1.634363322856644061e+02
2.550000000000000000e+02 2.499222324078924373e+02 1.633799327745765595e+02
2.550000000000000000e+02 2.499805962982364349e+02 1.635292255980443485e+02
2.550000000000000000e+02 2.500133359525056846e+02 1.641255893137768567e+02
2.550000000000000000e+02 2.499996507770211167e+02 1.641641784529421955e+02
2.550000000000000000e+02 2.500299240440020867e+02 1.643292736162039489e+02
2.550000000000000000e+02 2.501088266107909988e+02 1.647328225947267413e+02
2.550000000000000000e+02 2.501189759036144551e+02 1.648022306617775428e+02
2.550000000000000000e+02 2.501009472673301843e+02 1.644635280251440577e+02
2.550000000000000000e+02 2.501769687445433874e+02 1.644425746464117424e+02
2.550000000000000000e+02 2.502499781735638180e+02 1.644979701414353030e+02
2.550000000000000000e+02 2.502669373144752853e+02 1.645699755543914762e+02
2.550000000000000000e+02 2.503282914265758734e+02 1.646431377684651522e+02
2.550000000000000000e+02 2.503422166928583863e+02 1.645043434607997312e+02
2.550000000000000000e+02 2.503533263488737646e+02 1.646129518072289102e+02
2.550000000000000000e+02 2.503462764099877802e+02 1.644258555962982484e+02
2.550000000000000000e+02 2.503381351492928104e+02 1.642888292299633406e+02
2.550000000000000000e+02 2.504139601885804041e+02 1.641924655142308325e+02
2.550000000000000000e+02 2.504155098655491543e+02 1.642171512135498403e+02
2.550000000000000000e+02 2.503328749781735780e+02 1.641405840754321730e+02
2.550000000000000000e+02 2.502458093242535426e+02 1.638479570455735939e+02
2.550000000000000000e+02 2.501700934171468589e+02 1.636046141086083594e+02
2.550000000000000000e+02 2.501130391129736381e+02 1.634413305395495115e+02
2.550000000000000000e+02 2.501033263488737646e+02 1.633952549327745771e+02
2.550000000000000000e+02 2.500611576741749502e+02 1.632566134101624016e+02
2.550000000000000000e+02 2.501081063383970786e+02 1.633742360747337159e+02
2.550000000000000000e+02 2.500733804784354675e+02 1.631144796577614784e+02
2.550000000000000000e+02 2.500639296315697493e+02 1.632269076305220779e+02
2.550000000000000000e+02 2.500972585996158557e+02 1.633046097433211230e+02
2.550000000000000000e+02 2.500654138292299535e+02 1.632506329666491922e+02
2.550000000000000000e+02 2.501315479308538556e+02 1.633816788894709191e+02
2.550000000000000000e+02 2.501230356207438490e+02 1.633883359525056846e+02
2.550000000000000000e+02 2.502247686397764994e+02 1.639599048367382466e+02
2.550000000000000000e+02 2.503189497118910367e+02 1.643902130260171077e+02
2.550000000000000000e+02 2.503769862056923330e+02 1.647919067574646306e+02
2.550000000000000000e+02 2.504399991269425527e+02 1.647472716954775649e+02
2.550000000000000000e+02 2.505017242884581776e+02 1.648128819626331278e+02
2.550000000000000000e+02 2.505137506547930855e+02 1.648899292823467704e+02
2.550000000000000000e+02 2.505375414702287458e+02 1.648445302950934206e+02
2.550000000000000000e+02 2.505853850183341933e+02 1.646278156102671630e+02
2.550000000000000000e+02 2.505681203073162351e+02 1.644993888597869613e+02
2.550000000000000000e+02 2.505723328094988744e+02 1.645229614108608303e+02
2.550000000000000000e+02 2.505712414876898890e+02 1.644962676794133074e+02
2.550000000000000000e+02 2.505910380653047014e+02 1.646683691286886813e+02
2.550000000000000000e+02 2.505907106687620001e+02 1.649300899249170698e+02
2.550000000000000000e+02 2.505408590885280375e+02 1.647563296664920642e+02
2.550000000000000000e+02 2.505351405622489835e+02 1.647950934171468589e+02
2.550000000000000000e+02 2.505386327920377028e+02 1.649070412083115116e+02
2.550000000000000000e+02 2.505272830452243795e+02 1.649684607997206172e+02
2.550000000000000000e+02 2.505524925790116981e+02 1.648503797799895096e+02
2.550000000000000000e+02 2.505319320761306017e+02 1.647350707176532296e+02
2.550000000000000000e+02 2.505317356382049923e+02 1.647047319713637137e+02
2.550000000000000000e+02 2.505190326523485282e+02 1.646681726907630434e+02
2.550000000000000000e+02 2.505374759909201998e+02 1.645796664920551677e+02
2.550000000000000000e+02 2.505255369303300199e+02 1.643064649903963641e+02
2.550000000000000000e+02 2.505259516326174207e+02 1.642593417146848367e+02
2.550000000000000000e+02 2.505297930853850232e+02 1.640002837436703373e+02
2.550000000000000000e+02 2.504385585821547124e+02 1.637580539549502419e+02
2.550000000000000000e+02 2.503497468133403174e+02 1.639317705605028834e+02
2.550000000000000000e+02 2.503273747162563438e+02 1.641214641173389168e+02
2.550000000000000000e+02 2.503595687096211009e+02 1.643429587916884884e+02
2.550000000000000000e+02 2.503331368954077050e+02 1.642791601187358026e+02
2.550000000000000000e+02 2.503015322158198046e+02 1.643176182992841063e+02
2.550000000000000000e+02 2.503497249869041354e+02 1.641858521040684593e+02
2.550000000000000000e+02 2.503668587393050586e+02 1.640889863803038224e+02
2.550000000000000000e+02 2.503661821197834740e+02 1.638336607298760157e+02
2.550000000000000000e+02 2.504122577265584084e+02 1.636276191723415536e+02
2.550000000000000000e+02 2.504040291601187391e+02 1.636227518770735117e+02
2.550000000000000000e+02 2.503725772655840842e+02 1.638273965426924974e+02
2.550000000000000000e+02 2.503542867120656581e+02 1.639879954601012741e+02
2.550000000000000000e+02 2.503383097607822663e+02 1.640491313078400424e+02
2.550000000000000000e+02 2.503505107386066015e+02 1.641735638204993961e+02
2.550000000000000000e+02 2.504092893312379999e+02 1.643285751702462107e+02
2.550000000000000000e+02 2.503729046621267571e+02 1.643099790466212653e+02
2.550000000000000000e+02 2.503330059367906415e+02 1.642437576392526637e+02
2.550000000000000000e+02 2.504082853151737424e+02 1.644245241836912896e+02
2.550000000000000000e+02 2.503878121180373739e+02 1.643736904138292232e+02
2.550000000000000000e+02 2.503754583551597648e+02 1.643617731796752253e+02
2.550000000000000000e+02 2.503997293521913718e+02 1.643951894534660312e+02
2.550000000000000000e+02 2.504968788196263176e+02 1.646995591059891808e+02
2.550000000000000000e+02 2.505063296664920642e+02 1.648219181072114452e+02
2.550000000000000000e+02 2.504828225947267413e+02 1.645607866247599134e+02
2.550000000000000000e+02 2.504898070543041797e+02 1.644145713287934427e+02
2.550000000000000000e+02 2.504938667714335736e+02 1.643224201152435739e+02
2.550000000000000000e+02 2.505199493626680578e+02 1.643027981491182175e+02
2.550000000000000000e+02 2.505770909725860065e+02 1.645328051335777957e+02
2.550000000000000000e+02 2.506667539724113851e+02 1.650233761131482311e+02
2.550000000000000000e+02 2.507211017984983528e+02 1.653233586519993139e+02
2.550000000000000000e+02 2.507195957744019665e+02 1.651464553867644440e+02
2.550000000000000000e+02 2.507345468831849189e+02 1.651452549327745771e+02
2.550000000000000000e+02 2.507754277981491100e+02 1.650772655840754339e+02
2.550000000000000000e+02 2.507365112624410699e+02 1.651036755718526194e+02
2.550000000000000000e+02 2.507183734939759177e+02 1.650238126418718423e+02
2.550000000000000000e+02 2.506770342238519333e+02 1.648657019381875273e+02
2.550000000000000000e+02 2.506385542168674760e+02 1.648370656539200354e+02
2.550000000000000000e+02 2.505924131307839957e+02 1.648180766544438711e+02
2.550000000000000000e+02 2.506239305046271966e+02 1.647764754670857315e+02
2.550000000000000000e+02 2.506066876200453919e+02 1.647925178976776692e+02
2.550000000000000000e+02 2.506476340143181289e+02 1.648603544613235670e+02
2.550000000000000000e+02 2.505954906582853141e+02 1.649375109132180910e+02
2.550000000000000000e+02 2.506266369827134497e+02 1.649664091147197382e+02
2.550000000000000000e+02 2.506129518072289102e+02 1.649771695477562332e+02
2.550000000000000000e+02 2.506248253885105726e+02 1.649327090972585950e+02
2.550000000000000000e+02 2.505806486816832432e+02 1.650628164833246103e+02
2.550000000000000000e+02 2.504705343111576781e+02 1.647470752575519555e+02
2.550000000000000000e+02 2.503969137419242088e+02 1.645500916710319643e+02
2.550000000000000000e+02 2.503684084162737804e+02 1.643852147721320023e+02
2.550000000000000000e+02 2.504154443862406083e+02 1.645557010651300800e+02
2.550000000000000000e+02 2.503777719573947991e+02 1.648179456958267792e+02
2.550000000000000000e+02 2.503719879518072275e+02 1.648116815086432609e+02
2.550000000000000000e+02 2.504348917408765374e+02 1.651961978348175251e+02
2.550000000000000000e+02 2.504621529596647349e+02 1.654924044002095229e+02
2.550000000000000000e+02 2.504693120307316292e+02 1.655339837611314806e+02
2.550000000000000000e+02 2.505805613759385437e+02 1.659808145625982263e+02
2.550000000000000000e+02 2.506952156451894496e+02 1.665097782434084195e+02
2.550000000000000000e+02 2.507601929456958203e+02 1.667716518246900534e+02
2.550000000000000000e+02 2.508325257551946947e+02 1.670790990047145215e+02
2.550000000000000000e+02 2.508589357429718802e+02 1.672354199406320845e+02
2.550000000000000000e+02 2.509160118735812830e+02 1.670010040160642575e+02
2.550000000000000000e+02 2.509636808101973031e+02 1.669594028287061178e+02
2.550000000000000000e+02 2.510797537977998957e+02 1.671135629474419488e+02
2.550000000000000000e+02 2.510939409813165639e+02 1.669228435481054760e+02
2.550000000000000000e+02 2.511119477911646527e+02 1.666915051510389389e+02
2.550000000000000000e+02 2.510495896629998356e+02 1.665269338222454962e+02
2.550000000000000000e+02 2.510115898376113250e+02 1.665766762702985773e+02
2.550000000000000000e+02 2.510094726733019002e+02 1.664999126942552721e+02
2.550000000000000000e+02 2.509628295791863195e+02 1.662753623188405925e+02
2.550000000000000000e+02 2.508698489610616491e+02 1.660114807054304151e+02
2.550000000000000000e+02 2.507586214422909165e+02 1.659347389558232919e+02
2.550000000000000000e+02 2.507142919504103418e+02 1.660741444037017516e+02
2.550000000000000000e+02 2.506845861707700465e+02 1.658541121005762307e+02
2.550000000000000000e+02 2.506825781386415315e+02 1.656823162214073761e+02
2.550000000000000000e+02 2.506496420464466439e+02 1.656718831849135540e+02
2.550000000000000000e+02 2.506436397764972810e+02 1.655404007333682443e+02
2.550000000000000000e+02 2.506213768115941889e+02 1.648800855596298334e+02
2.550000000000000000e+02 2.506309367906408170e+02 1.648228129910948212e+02
2.550000000000000000e+02 2.506708791688492965e+02 1.650099310284616649e+02
2.550000000000000000e+02 2.506337742273441620e+02 1.650493932250741977e+02
2.550000000000000000e+02 2.505771782783307060e+02 1.649766238868517689e+02
2.550000000000000000e+02 2.505877204470054096e+02 1.652355727256853584e+02
2.550000000000000000e+02 2.506115767417496158e+02 1.655246856993190079e+02
2.550000000000000000e+02 2.506363279203771697e+02 1.657558931377684530e+02
2.550000000000000000e+02 2.506204819277108413e+02 1.658461891042430523e+02
2.550000000000000000e+02 2.506207874978173606e+02 1.656843460799720731e+02
2.550000000000000000e+02 2.506345599790466281e+02 1.654859656015365772e+02
2.550000000000000000e+02 2.507230225248821398e+02 1.652750349222978912e+02
2.550000000000000000e+02 2.506879910948140378e+02 1.651454731971363685e+02
2.550000000000000000e+02 2.507377990221756647e+02 1.652704950235725505e+02
2.550000000000000000e+02 2.507556530469704796e+02 1.653531735638204907e+02
2.550000000000000000e+02 2.507630740352715293e+02 1.657183953204120712e+02
2.550000000000000000e+02 2.507497380827658446e+02 1.657627248122926460e+02
2.550000000000000000e+02 2.507635105639951121e+02 1.657566352365985551e+02
2.550000000000000000e+02 2.507446306966998293e+02 1.656119696176008347e+02
2.550000000000000000e+02 2.507656495547406905e+02 1.657107124148768946e+02
2.550000000000000000e+02 2.507798803911297227e+02 1.658912825213899112e+02
2.550000000000000000e+02 2.507731578487864397e+02 1.658970665269774827e+02
2.550000000000000000e+02 2.508155447878470454e+02 1.656651388161340890e+02
2.550000000000000000e+02 2.507990876549677068e+02 1.656565173738432009e+02
2.550000000000000000e+02 2.507698402304871763e+02 1.655175702811245060e+02
2.550000000000000000e+02 2.507790728129911031e+02 1.652393923520167505e+02
2.550000000000000000e+02 2.507123275711541908e+02 1.649631788021651744e+02
2.550000000000000000e+02 2.506696132355509121e+02 1.647121747861009169e+02
2.550000000000000000e+02 2.506345381526104461e+02 1.647818884232582377e+02
2.550000000000000000e+02 2.506068622315348478e+02 1.647129605378033830e+02
2.550000000000000000e+02 2.505266282521389769e+02 1.643763314126069588e+02
2.550000000000000000e+02 2.504593373493976003e+02 1.641950846865723861e+02
2.550000000000000000e+02 2.504495591059891808e+02 1.641580233979395871e+02
2.550000000000000000e+02 2.504388204993888678e+02 1.640572289156626482e+02
2.550000000000000000e+02 2.503996856993190079e+02 1.638600052383446837e+02
2.550000000000000000e+02 2.503560546533961997e+02 1.636212240265409434e+02
2.550000000000000000e+02 2.503325257551946947e+02 1.633760913218089854e+02
2.550000000000000000e+02 2.502979526802863575e+02 1.631609481403876316e+02
2.550000000000000000e+02 2.503044787847040311e+02 1.631220970839881375e+02
2.550000000000000000e+02 2.502173476514754782e+02 1.630621616902392077e+02
2.550000000000000000e+02 2.501632399161864839e+02 1.630523616203946347e+02
2.550000000000000000e+02 2.501430941155928167e+02 1.630252095337873186e+02
2.550000000000000000e+02 2.501155055002619179e+02 1.629223851929456828e+02
2.550000000000000000e+02 2.501222935219137469e+02 1.630152130260171077e+02
2.550000000000000000e+02 2.501366989697922065e+02 1.629802252488213696e+02
2.550000000000000000e+02 2.501652261218788169e+02 1.629880391129736381e+02
2.550000000000000000e+02 2.502192247249869013e+02 1.629996507770211167e+02
2.550000000000000000e+02 2.502441941679762465e+02 1.630299676968744507e+02
2.550000000000000000e+02 2.502603239043129122e+02 1.630224375763925195e+02
2.550000000000000000e+02 2.501831892788545417e+02 1.630028374367033450e+02
2.550000000000000000e+02 2.501483106338397135e+02 1.630111096560153783e+02
2.550000000000000000e+02 2.501713593504452717e+02 1.630453116815086503e+02
2.550000000000000000e+02 2.502311419591408992e+02 1.630247948314999178e+02
2.550000000000000000e+02 2.502251833420639002e+02 1.631290815435655759e+02
2.550000000000000000e+02 2.501982931726907680e+02 1.631316788894709191e+02
2.550000000000000000e+02 2.502319495372795473e+02 1.632318185786624838e+02
2.550000000000000000e+02 2.502199886502531854e+02 1.632801859612362421e+02
2.550000000000000000e+02 2.502737689889994783e+02 1.633876375065479181e+02
2.550000000000000000e+02 2.503146935568360334e+02 1.634221014492753739e+02
2.550000000000000000e+02 2.502766500785751589e+02 1.637890693207613140e+02
2.550000000000000000e+02 2.502656713811768725e+02 1.638234459577440134e+02
2.550000000000000000e+02 2.502682905535184261e+02 1.639975554391479022e+02
2.550000000000000000e+02 2.502460275886153340e+02 1.640373013794307724e+02
2.550000000000000000e+02 2.502202287410511587e+02 1.640832896804609788e+02
2.550000000000000000e+02 2.502203815261044042e+02 1.636925528199755604e+02
2.550000000000000000e+02 2.502337611314824528e+02 1.633817225423432831e+02
2.550000000000000000e+02 2.502633796053780202e+02 1.632206216169024060e+02
2.550000000000000000e+02 2.502520298585646970e+02 1.631187794656888457e+02
2.550000000000000000e+02 2.502686616029334630e+02 1.631463462545835625e+02
2.550000000000000000e+02 2.502801641348000601e+02 1.631647241138466882e+02
2.550000000000000000e+02 2.503168980268901578e+02 1.632797712589488413e+02
2.550000000000000000e+02 2.503836650951632521e+02 1.632842675048018179e+02
2.550000000000000000e+02 2.503720752575519555e+02 1.633162650602409656e+02
2.550000000000000000e+02 2.503817007159071011e+02 1.632729395844246483e+02
2.550000000000000000e+02 2.503581499912694142e+02 1.631247599092020266e+02
2.550000000000000000e+02 2.503339444735463530e+02 1.630961672778068703e+02
2.550000000000000000e+02 2.503386153308887856e+02 1.630969312030731544e+02
2.550000000000000000e+02 2.503214597520516804e+02 1.629951981840405040e+02
2.550000000000000000e+02 2.502296141086083594e+02 1.625556574122577160e+02
2.550000000000000000e+02 2.501806355858215341e+02 1.623332023747162509e+02
2.550000000000000000e+02 2.501591583726209080e+02 1.621583289680461064e+02
2.550000000000000000e+02 2.501693731447529387e+02 1.620641915488039047e+02
2.550000000000000000e+02 2.501513445084686680e+02 1.617592325825039268e+02
2.550000000000000000e+02 2.501452331063383951e+02 1.616172952680286414e+02
2.550000000000000000e+02 2.501325519469181131e+02 1.616219879518072275e+02
2.550000000000000000e+02 2.500981316570630213e+02 1.612928016413480066e+02
2.550000000000000000e+02 2.500270866072987701e+02 1.608565566614283284e+02
2.550000000000000000e+02 2.499829099004714408e+02 1.607838091496420532e+02
2.550000000000000000e+02 2.499469617600838092e+02 1.606610354461323595e+02
2.550000000000000000e+02 2.499372926488562996e+02 1.605283307141610010e+02
2.550000000000000000e+02 2.499667583376986215e+02 1.605758686921599576e+02
2.550000000000000000e+02 2.499526802863628347e+02 1.607344377510040090e+02
2.550000000000000000e+02 2.499724550375414651e+02 1.607192247249869013e+02
2.550000000000000000e+02 2.498704382748384774e+02 1.605880696699842929e+02
2.550000000000000000e+02 2.497854897852278668e+02 1.606000087305744728e+02
2.550000000000000000e+02 2.497261873581281577e+02 1.606854810546533940e+02
2.550000000000000000e+02 2.495330233979395871e+02 1.600952942203597047e+02
2.550000000000000000e+02 2.493048498341190964e+02 1.595128994237820734e+02
2.550000000000000000e+02 2.492572463768115938e+02 1.592635323904312941e+02
2.550000000000000000e+02 2.492610660031430143e+02 1.596066221407368744e+02
2.550000000000000000e+02 2.493452069146149768e+02 1.599705779640300420e+02
2.550000000000000000e+02 2.492958136895407790e+02 1.601717958791688545e+02
2.550000000000000000e+02 2.493067705605028834e+02 1.601880565741225837e+02
2.550000000000000000e+02 2.494054260520342154e+02 1.603443993364763287e+02
2.550000000000000000e+02 2.493458835341365329e+02 1.601653570804959088e+02
2.550000000000000000e+02 2.492952462022001043e+02 1.600509647284791299e+02
2.550000000000000000e+02 2.492685524707525815e+02 1.597361620394621866e+02
2.550000000000000000e+02 2.492271913741924152e+02 1.597095556137593917e+02
2.550000000000000000e+02 2.492193120307316292e+02 1.595305570106513073e+02
2.550000000000000000e+02 2.491788676444910209e+02 1.597205997904662240e+02
2.550000000000000000e+02 2.492242448053081887e+02 1.600211934695302887e+02
2.550000000000000000e+02 2.492873886851754719e+02 1.605737297014143508e+02
2.550000000000000000e+02 2.492622009778243353e+02 1.606155928060066458e+02
2.550000000000000000e+02 2.492527064780862531e+02 1.605967784180199089e+02
2.550000000000000000e+02 2.493003972411384552e+02 1.608242535358826615e+02
2.550000000000000000e+02 2.493801510389383509e+02 1.608435481054653451e+02
2.550000000000000000e+02 2.493361707700366594e+02 1.607207962283918334e+02
2.550000000000000000e+02 2.494020429544264061e+02 1.605904924044002087e+02
2.550000000000000000e+02 2.494207045573598691e+02 1.608740396368081065e+02
2.550000000000000000e+02 2.494208355159769610e+02 1.605427798149118246e+02
2.550000000000000000e+02 2.493439846341889279e+02 1.601033045224375826e+02
2.550000000000000000e+02 2.493302776322682064e+02 1.600467740527326725e+02
2.550000000000000000e+02 2.493591976602060356e+02 1.602064999126942553e+02
2.550000000000000000e+02 2.492643617950061241e+02 1.598184258774227260e+02
2.550000000000000000e+02 2.491634800069844573e+02 1.598233586519993139e+02
2.550000000000000000e+02 2.491220316046795915e+02 1.601275755194691897e+02
2.550000000000000000e+02 2.490663960188580290e+02 1.603424349572201777e+02
2.550000000000000000e+02 2.490101492928234563e+02 1.603828356905884505e+02
2.550000000000000000e+02 2.489968351667539821e+02 1.601189977300506371e+02
2.550000000000000000e+02 2.490718089750305637e+02 1.603655928060066458e+02
2.550000000000000000e+02 2.490567705605028834e+02 1.602329972062161687e+02
2.550000000000000000e+02 2.490737951807228967e+02 1.601137593853675583e+02
2.550000000000000000e+02 2.490687751004016093e+02 1.599691810721145373e+02
2.550000000000000000e+02 2.491434433385716716e+02 1.601618211978348256e+02
2.550000000000000000e+02 2.491919198533263398e+02 1.602628994237820734e+02
2.550000000000000000e+02 2.491043303649380221e+02 1.601338833595250435e+02
2.550000000000000000e+02 2.490771782783307060e+02 1.599475510738606658e+02
2.550000000000000000e+02 2.490412301379430744e+02 1.595723109830626925e+02
2.550000000000000000e+02 2.488397503055701065e+02 1.586807228915662620e+02
2.550000000000000000e+02 2.486936877946568814e+02 1.582084861183865883e+02
2.550000000000000000e+02 2.486518028636284328e+02 1.584134145276759114e+02
2.550000000000000000e+02 2.487377117164309368e+02 1.587151650078575074e+02
2.550000000000000000e+02 2.487302034223851877e+02 1.587774576567138070e+02
2.550000000000000000e+02 2.487793129037890765e+02 1.589563689540771918e+02
2.550000000000000000e+02 2.488664876898899934e+02 1.593551815959490057e+02
2.550000000000000000e+02 2.489356556661428215e+02 1.597801204819277245e+02
2.550000000000000000e+02 2.489903090623363084e+02 1.598414091147197382e+02
2.550000000000000000e+02 2.490093853675571722e+02 1.599509123450322932e+02
2.550000000000000000e+02 2.491775144054478801e+02 1.607922559804435139e+02
2.550000000000000000e+02 2.492653439846341996e+02 1.608233149991269499e+02
2.550000000000000000e+02 2.493387681159420310e+02 1.609718220708922729e+02
2.550000000000000000e+02 2.494918369128688767e+02 1.615255805832023839e+02
2.550000000000000000e+02 2.496463026017111986e+02 1.619155316919853362e+02
2.550000000000000000e+02 2.495654356556661355e+02 1.618639994761655316e+02
2.550000000000000000e+02 2.494630478435481109e+02 1.615213244281473806e+02
2.550000000000000000e+02 2.493309105989173986e+02 1.612376462371223909e+02
2.550000000000000000e+02 2.492789636808101932e+02 1.610612449799196781e+02
2.550000000000000000e+02 2.492223022524882197e+02 1.607095992666317557e+02
2.550000000000000000e+02 2.490903177929107812e+02 1.605269993015540422e+02
2.550000000000000000e+02 2.490792736162039489e+02 1.603310852104068545e+02
2.550000000000000000e+02 2.490465121354985172e+02 1.602934564344333808e+02
2.550000000000000000e+02 2.490335254059717158e+02 1.601434651650078536e+02
2.550000000000000000e+02 2.489861838658983686e+02 1.601702243757639224e+02
2.550000000000000000e+02 2.490399642046446615e+02 1.604053169198533340e+02
2.550000000000000000e+02 2.490287890693207657e+02 1.602433211105290809e+02
2.550000000000000000e+02 2.489903308887724904e+02 1.600385236598568213e+02
2.550000000000000000e+02 2.489920988301030320e+02 1.598129910948140378e+02
2.550000000000000000e+02 2.489872315348349900e+02 1.598066177754496380e+02
2.550000000000000000e+02 2.490468831849135540e+02 1.599440588440719466e+02
2.550000000000000000e+02 2.490191199580932562e+02 1.601316352365985551e+02
2.550000000000000000e+02 2.490679893486991432e+02 1.604116902392177337e+02
2.550000000000000000e+02 2.490369303300157071e+02 1.605304478784703974e+02
2.550000000000000000e+02 2.491223590012222928e+02 1.607101231011000664e+02
2.550000000000000000e+02 2.491454513707001865e+02 1.606820106513008568e+02
2.550000000000000000e+02 2.492037716081718202e+02 1.607317094464815739e+02
2.550000000000000000e+02 2.492273223328095071e+02 1.607648856294744064e+02
2.550000000000000000e+02 2.492119128688667615e+02 1.606881438798672832e+02
2.550000000000000000e+02 2.492493670333508078e+02 1.608130129212502197e+02
2.550000000000000000e+02 2.492131351492928104e+02 1.604798978522786683e+02
2.550000000000000000e+02 2.491646804609743242e+02 1.602669154880391034e+02
2.550000000000000000e+02 2.491727125894883841e+02 1.604022393923520156e+02
2.550000000000000000e+02 2.491911559280600557e+02 1.604903090623363084e+02
2.550000000000000000e+02 2.491691767068273009e+02 1.604274489261393342e+02
2.550000000000000000e+02 2.491711847389558159e+02 1.604659507595599734e+02
2.550000000000000000e+02 2.492398507071765437e+02 1.607734634188929590e+02
2.550000000000000000e+02 2.493574733717478580e+02 1.607401344508468526e+02
2.550000000000000000e+02 2.493576698096734674e+02 1.606671468482626040e+02
2.550000000000000000e+02 2.493488082765846059e+02 1.606496856993190079e+02
2.550000000000000000e+02 2.493739086781910146e+02 1.607836781910249613e+02
2.550000000000000000e+02 2.492865374541644883e+02 1.608637157324951943e+02
2.550000000000000000e+02 2.492188536755718644e+02 1.608189497118910367e+02
2.550000000000000000e+02 2.491994063209359069e+02 1.608528898201501534e+02
2.550000000000000000e+02 2.492613715732495336e+02 1.610046272044700402e+02
2.550000000000000000e+02 2.492347214946743463e+02 1.610835952505674982e+02
2.550000000000000000e+02 2.492197703858913940e+02 1.609215557883708811e+02
2.550000000000000000e+02 2.491779945870438269e+02 1.608555962982364349e+02
2.550000000000000000e+02 2.491206783656364507e+02 1.608832285664396693e+02
2.550000000000000000e+02 2.490508119434258845e+02 1.608472149467434917e+02
2.550000000000000000e+02 2.489975772655840842e+02 1.606655535184215182e+02
2.550000000000000000e+02 2.489759472673301843e+02 1.605923913043478137e+02
2.550000000000000000e+02 2.490332634887375605e+02 1.608806312205342977e+02
2.550000000000000000e+02 2.490106294744194031e+02 1.609095730749083373e+02
2.550000000000000000e+02 2.490365156277283063e+02 1.606254365287235828e+02
2.550000000000000000e+02 2.491124279727605995e+02 1.608583464291950520e+02
2.550000000000000000e+02 2.491249126942552721e+02 1.609813602235027190e+02
2.550000000000000000e+02 2.491927274314649878e+02 1.610427143356032786e+02
2.550000000000000000e+02 2.492362711716430965e+02 1.611115112624410699e+02
2.550000000000000000e+02 2.492725248821372475e+02 1.613260214772132031e+02
2.550000000000000000e+02 2.493521258948838693e+02 1.614356556661428215e+02
2.550000000000000000e+02 2.493156320935917449e+02 1.612914047494325018e+02
2.550000000000000000e+02 2.493135804085908944e+02 1.611415226121878845e+02
2.550000000000000000e+02 2.493266326174262133e+02 1.610474724986904107e+02
2.550000000000000000e+02 2.493005063733193651e+02 1.610046926837785861e+02
2.550000000000000000e+02 2.493555526453640709e+02 1.610490876549677068e+02
2.550000000000000000e+02 2.493368473895582440e+02 1.613190588440719466e+02
2.550000000000000000e+02 2.493463200628601442e+02 1.614632879343460843e+02
2.550000000000000000e+02 2.493697834817531032e+02 1.618672952680286414e+02
2.550000000000000000e+02 2.493765933298411142e+02 1.620819364414178381e+02
2.550000000000000000e+02 2.494302208835341332e+02 1.620988519294569699e+02
2.550000000000000000e+02 2.494430984808800531e+02 1.619781953902566727e+02
2.550000000000000000e+02 2.494612580757813873e+02 1.619181726907630434e+02
2.550000000000000000e+02 2.494578313253012141e+02 1.618747380827658446e+02
2.550000000000000000e+02 2.494464815784878624e+02 1.618418019905709855e+02
2.550000000000000000e+02 2.494380565741225837e+02 1.617044045748210124e+02
2.550000000000000000e+02 2.493748472149467545e+02 1.615373013794307724e+02
2.550000000000000000e+02 2.493451850881787948e+02 1.615257115418194473e+02
2.550000000000000000e+02 2.492884581805482753e+02 1.615249039636807993e+02
2.550000000000000000e+02 2.492331063383970786e+02 1.612631831674524108e+02
2.550000000000000000e+02 2.492212982364239622e+02 1.612693818753273831e+02
2.550000000000000000e+02 2.492580103020778779e+02 1.609763183167452496e+02
2.550000000000000000e+02 2.492625938536755825e+02 1.607651038938362262e+02
2.550000000000000000e+02 2.492621136720796358e+02 1.604534660380653008e+02
2.550000000000000000e+02 2.492778723590012362e+02 1.602595381526104461e+02
2.550000000000000000e+02 2.493155447878470454e+02 1.602512222804260489e+02
2.550000000000000000e+02 2.492693163960188656e+02 1.603578225947267413e+02
2.550000000000000000e+02 2.492655404225598090e+02 1.604156408241662177e+02
2.550000000000000000e+02 2.492927143356032786e+02 1.604347171293871099e+02
2.550000000000000000e+02 2.492570281124498024e+02 1.606870089051859622e+02
2.550000000000000000e+02 2.492276715557883620e+02 1.604565653920028012e+02
2.550000000000000000e+02 2.492448271346254671e+02 1.608048716605552784e+02
2.550000000000000000e+02 2.493144534660380600e+02 1.610652610441767081e+02
2.550000000000000000e+02 2.493076217915138955e+02 1.611547057796402953e+02
2.550000000000000000e+02 2.493608782957918493e+02 1.612349834119085017e+02
2.550000000000000000e+02 2.493743233804784438e+02 1.611463244281473806e+02
2.550000000000000000e+02 2.494188711367208100e+02 1.614636371573249392e+02
2.550000000000000000e+02 2.494170158896455405e+02 1.617121747861009169e+02
2.550000000000000000e+02 2.494350445259298112e+02 1.617151431814213254e+02
2.550000000000000000e+02 2.494264012572027127e+02 1.617065653920028012e+02
2.550000000000000000e+02 2.494415269774751209e+02 1.617096210930679376e+02
2.550000000000000000e+02 2.494666928583900756e+02 1.619574384494499668e+02
2.550000000000000000e+02 2.495318665968220841e+02 1.619466780164134718e+02
2.550000000000000000e+02 2.495346167277807012e+02 1.620691898026890101e+02
2.550000000000000000e+02 2.496282957918631098e+02 1.622458966299982421e+02
2.550000000000000000e+02 2.496326392526628126e+02 1.621671686746987859e+02
2.550000000000000000e+02 2.495733804784354675e+02 1.617951152435830409e+02
2.550000000000000000e+02 2.495737951807228967e+02 1.616000742098830187e+02
2.550000000000000000e+02 2.495696263314125929e+02 1.616934913567312719e+02
2.550000000000000000e+02 2.494528985507246261e+02 1.615500261917234184e+02
2.550000000000000000e+02 2.494346734765147460e+02 1.615289636808101932e+02
2.550000000000000000e+02 2.494316832547581555e+02 1.611419154880391034e+02
2.550000000000000000e+02 2.494365068971538335e+02 1.611586127117164438e+02
2.550000000000000000e+02 2.494049895233106326e+02 1.611730181595949034e+02
2.550000000000000000e+02 2.494282565042779822e+02 1.613584119085035695e+02
2.550000000000000000e+02 2.494399118211978248e+02 1.612234154007333586e+02
2.550000000000000000e+02 2.495066134101624016e+02 1.614946743495721933e+02
2.550000000000000000e+02 2.495048891217041955e+02 1.615990265409463973e+02
2.550000000000000000e+02 2.495303169198533340e+02 1.616359568709621044e+02
2.550000000000000000e+02 2.494768203247773783e+02 1.614711891042430523e+02
2.550000000000000000e+02 2.494524620220010434e+02 1.611711410860834519e+02
2.550000000000000000e+02 2.494137855770909766e+02 1.611777981491182175e+02
2.550000000000000000e+02 2.493649380129212432e+02 1.611156582853151633e+02
2.550000000000000000e+02 2.493275056748734073e+02 1.609027850532565083e+02
2.550000000000000000e+02 2.493489828880740333e+02 1.609771695477562332e+02
2.550000000000000000e+02 2.493373275711541908e+02 1.609838920900995163e+02
2.550000000000000000e+02 2.493160031430068102e+02 1.609393443338571785e+02
2.550000000000000000e+02 2.493155884407194094e+02 1.609737864501484239e+02
2.550000000000000000e+02 2.493919373144752853e+02 1.609904181945171899e+02
2.550000000000000000e+02 2.493927448926139334e+02 1.608706565392002688e+02
2.550000000000000000e+02 2.493585428671206614e+02 1.608708529771259066e+02
2.550000000000000000e+02 2.494016500785751589e+02 1.608248865025318537e+02
2.550000000000000000e+02 2.494580932425353694e+02 1.608942727431465016e+02
2.550000000000000000e+02 2.494152697747511809e+02 1.609011480705430301e+02
2.550000000000000000e+02 2.494789593155229568e+02 1.610820019207263840e+02
2.550000000000000000e+02 2.494557141609917892e+02 1.610311026715558000e+02
2.550000000000000000e+02 2.494776060764798444e+02 1.610507682905535205e+02
2.550000000000000000e+02 2.494616727780687881e+02 1.609342806006635271e+02
2.550000000000000000e+02 2.494181945171992254e+02 1.606218569931901641e+02
2.550000000000000000e+02 2.494047930853850232e+02 1.605436092194866546e+02
2.550000000000000000e+02 2.494165793609219577e+02 1.605472978872009833e+02
2.550000000000000000e+02 2.493590885280251541e+02 1.607801423083638781e+02
2.550000000000000000e+02 2.492520735114370609e+02 1.606725379779989566e+02
2.550000000000000000e+02 2.491937751004016093e+02 1.604695302950934206e+02
2.550000000000000000e+02 2.492090754321634449e+02 1.603875065479308546e+02
2.550000000000000000e+02 2.491177099703160422e+02 1.604023485245329255e+02
2.550000000000000000e+02 2.491164003841452654e+02 1.604485332634887413e+02
2.550000000000000000e+02 2.491303693033001707e+02 1.604332765845992697e+02
2.550000000000000000e+02 2.491966561899772898e+02 1.605498734066701729e+02
2.550000000000000000e+02 2.491553605727256979e+02 1.606224026540946284e+02
2.550000000000000000e+02 2.491896062510913339e+02 1.605108259123450409e+02
2.550000000000000000e+02 2.492544744194167947e+02 1.607090972585996269e+02
2.550000000000000000e+02 2.492380609394098201e+02 1.605526890169373075e+02
2.550000000000000000e+02 2.492271477213200512e+02 1.605567923869390654e+02
2.550000000000000000e+02 2.492001920726383730e+02 1.606531997555439091e+02
2.550000000000000000e+02 2.492068927885454741e+02 1.607282826960014006e+02
2.550000000000000000e+02 2.492095556137593917e+02 1.605172210581456227e+02
2.550000000000000000e+02 2.492338266107909988e+02 1.605050637331936514e+02
2.550000000000000000e+02 2.492956827309236871e+02 1.605349877771957381e+02
2.550000000000000000e+02 2.493408634538152739e+02 1.606243888597869613e+02
2.550000000000000000e+02 2.492814518945346549e+02 1.605284616727780644e+02
2.550000000000000000e+02 2.493586083464292074e+02 1.609361576741749502e+02
2.550000000000000000e+02 2.494739828880740333e+02 1.614239348699144330e+02
2.550000000000000000e+02 2.494472673301903285e+02 1.614978828356905751e+02
2.550000000000000000e+02 2.494432294394971166e+02 1.614587916884931076e+02
2.550000000000000000e+02 2.494493626680635714e+02 1.615938318491356824e+02
2.550000000000000000e+02 2.495358390082067501e+02 1.615976296490308926e+02
2.550000000000000000e+02 2.494905055002619179e+02 1.613240789243932340e+02
2.550000000000000000e+02 2.494874279727605995e+02 1.613024489261393342e+02
2.550000000000000000e+02 2.495163043478260931e+02 1.612293521913742040e+02
2.550000000000000000e+02 2.495671817705604951e+02 1.611325082940457492e+02
2.550000000000000000e+02 2.495283743670333649e+02 1.611498821372446173e+02
2.550000000000000000e+02 2.494705997904662240e+02 1.612129823642395650e+02
2.550000000000000000e+02 2.495788589139165481e+02 1.615560066352365993e+02
2.550000000000000000e+02 2.495485638204993961e+02 1.614864021302601600e+02
2.550000000000000000e+02 2.494574602758861488e+02 1.613674044002095229e+02
2.550000000000000000e+02 2.494195259298061842e+02 1.612599965077702109e+02
2.550000000000000000e+02 2.493898856294744064e+02 1.612963593504452717e+02
2.550000000000000000e+02 2.494155098655491543e+02 1.614668456434433494e+02
2.550000000000000000e+02 2.493836432687270701e+02 1.614157717827833096e+02
2.550000000000000000e+02 2.494519818404050966e+02 1.615231360223502577e+02
2.550000000000000000e+02 2.494591627379081444e+02 1.614651431814213254e+02
2.550000000000000000e+02 2.494731534834992033e+02 1.614023266980967435e+02
2.550000000000000000e+02 2.494964422909027348e+02 1.614447136371573208e+02
2.550000000000000000e+02 2.495102147721320023e+02 1.614568491356731386e+02
2.550000000000000000e+02 2.495161515627728193e+02 1.615698227693382307e+02
2.550000000000000000e+02 2.494747031604679535e+02 1.611458878994237693e+02
2.550000000000000000e+02 2.494556268552470613e+02 1.608044787847040311e+02
2.550000000000000000e+02 2.494701850881787948e+02 1.606332067400034873e+02
2.550000000000000000e+02 2.494610179849834140e+02 1.605050637331936514e+02
2.550000000000000000e+02 2.494872751877073540e+02 1.604362449799196781e+02
2.550000000000000000e+02 2.495019425528199690e+02 1.606443163960188656e+02
2.550000000000000000e+02 2.495528199755543994e+02 1.607486249345207057e+02
2.550000000000000000e+02 2.496192814737209744e+02 1.610391784529421955e+02
2.550000000000000000e+02 2.496061419591408992e+02 1.612171948664222043e+02
2.550000000000000000e+02 2.496354330364937937e+02 1.612135716780164216e+02
2.550000000000000000e+02 2.496797625283743685e+02 1.614584861183865883e+02
2.550000000000000000e+02 2.496558844071939802e+02 1.616490090797974517e+02
2.550000000000000000e+02 2.497370569233455626e+02 1.618267854024794872e+02
2.550000000000000000e+02 2.497154050986554807e+02 1.618503361271171741e+02
2.550000000000000000e+02 2.497445870438274937e+02 1.618726863977649657e+02
2.550000000000000000e+02 2.497462022001047615e+02 1.617255980443513295e+02
2.550000000000000000e+02 2.497331936441417781e+02 1.616342762353762907e+02
2.550000000000000000e+02 2.497486249345207057e+02 1.616273572551073983e+02
2.550000000000000000e+02 2.497383010302077935e+02 1.615706303474768504e+02
2.550000000000000000e+02 2.497535358826610832e+02 1.615620089051859622e+02
2.550000000000000000e+02 2.498180766544438711e+02 1.616175135323904328e+02
2.550000000000000000e+02 2.497970796228391919e+02 1.617357909900471498e+02
2.550000000000000000e+02 2.497687707351143729e+02 1.616652042954426349e+02
2.550000000000000000e+02 2.496887768465165038e+02 1.613743670333508078e+02
2.550000000000000000e+02 2.496078007682905593e+02 1.613190370176357646e+02
2.550000000000000000e+02 2.495854068447703753e+02 1.614525056748734073e+02
2.550000000000000000e+02 2.495351187358128300e+02 1.614574821023223308e+02
2.550000000000000000e+02 2.495649118211978248e+02 1.616847389558232919e+02
2.550000000000000000e+02 2.495686441417845174e+02 1.618451196088702773e+02
2.550000000000000000e+02 2.495946176008381485e+02 1.618843853675571722e+02
2.550000000000000000e+02 2.495481054653396313e+02 1.612724594028287015e+02
2.550000000000000000e+02 2.495117644491007525e+02 1.610431508643268614e+02
2.550000000000000000e+02 2.495299022175659047e+02 1.609058625807578267e+02
2.550000000000000000e+02 2.495141871835166683e+02 1.607741836912868791e+02
2.550000000000000000e+02 2.495029247424480445e+02 1.606127335428671188e+02
2.550000000000000000e+02 2.494991705954251699e+02 1.606490527326698157e+02
2.550000000000000000e+02 2.494848961061637738e+02 1.606376375065479181e+02
2.550000000000000000e+02 2.494875371049415094e+02 1.606465426925091720e+02
2.550000000000000000e+02 2.494832809498865061e+02 1.605323031255456669e+02
2.550000000000000000e+02 2.495231141959141041e+02 1.606676706827309147e+02
2.550000000000000000e+02 2.495991138466911252e+02 1.609844159245678270e+02
2.550000000000000000e+02 2.495904050986554807e+02 1.611337524009079800e+02
2.550000000000000000e+02 2.496267242884581776e+02 1.611879037890693098e+02
2.550000000000000000e+02 2.496576086956521863e+02 1.613938798672952544e+02
2.550000000000000000e+02 2.496531561026715451e+02 1.614270123974157514e+02
2.550000000000000000e+02 2.496875327396542730e+02 1.612307054304173164e+02
2.550000000000000000e+02 2.497285664396717380e+02 1.611437925615505549e+02
2.550000000000000000e+02 2.497610223502706503e+02 1.611482669809673496e+02
2.550000000000000000e+02 2.497666753972411300e+02 1.610396804609743242e+02
2.550000000000000000e+02 2.497363148245154605e+02 1.610135323904312941e+02
2.550000000000000000e+02 2.498011393399685574e+02 1.613183822245503620e+02
2.550000000000000000e+02 2.498310852104068545e+02 1.616207438449449967e+02
2.550000000000000000e+02 2.498589793958442442e+02 1.618345119608870277e+02
2.550000000000000000e+02 2.498083857167801511e+02 1.617201196088702773e+02
2.550000000000000000e+02 2.497921468482626040e+02 1.616325519469181131e+02
2.550000000000000000e+02 2.497028548978522906e+02 1.611539636808101932e+02
2.550000000000000000e+02 2.495555046272044706e+02 1.605672472498690411e+02
2.550000000000000000e+02 2.495184869914440355e+02 1.600524925790116981e+02
2.550000000000000000e+02 2.494815566614283284e+02 1.599467216692858358e+02
2.550000000000000000e+02 2.494009952854897847e+02 1.598938580408591008e+02
2.550000000000000000e+02 2.493283350794482374e+02 1.597573991618648392e+02
2.550000000000000000e+02 2.493320237471625660e+02 1.599794176706827216e+02
2.550000000000000000e+02 2.493803474768639887e+02 1.601306312205342977e+02
2.550000000000000000e+02 2.493111576741749502e+02 1.601180591932949255e+02
2.550000000000000000e+02 2.492510476689366214e+02 1.601090885280251541e+02
2.550000000000000000e+02 2.491928365636458977e+02 1.596940806705081286e+02
2.550000000000000000e+02 2.491646368081019602e+02 1.596508425004365392e+02
2.550000000000000000e+02 2.491800899249170698e+02 1.595968875502007904e+02
2.550000000000000000e+02 2.491117513532390433e+02 1.593821590710668659e+02
2.550000000000000000e+02 2.490878950584948370e+02 1.593643268727082329e+02
2.550000000000000000e+02 2.490762833944473584e+02 1.594740265409463973e+02
2.550000000000000000e+02 2.490836170770036802e+02 1.595651519119957982e+02
2.550000000000000000e+02 2.490886589837611211e+02 1.595690151911995827e+02
2.550000000000000000e+02 2.491665575344857757e+02 1.597350052383446837e+02
2.550000000000000000e+02 2.492123712240265547e+02 1.597728304522437668e+02
2.550000000000000000e+02 2.492041426575868570e+02 1.597940894010826014e+02
2.550000000000000000e+02 2.492283045224375826e+02 1.599958311506897246e+02
2.550000000000000000e+02 2.492303125545660976e+02 1.601096996682381643e+02
2.550000000000000000e+02 2.492635323904312941e+02 1.602019600139689146e+02
2.550000000000000000e+02 2.492339139165356983e+02 1.601205255805832053e+02
2.550000000000000000e+02 2.493037585123101110e+02 1.600560502881089633e+02
2.550000000000000000e+02 2.493136458878994119e+02 1.600773747162563438e+02
2.550000000000000000e+02 2.493233368255631319e+02 1.600477125894883841e+02
2.550000000000000000e+02 2.493586083464292074e+02 1.600815653920028012e+02
2.550000000000000000e+02 2.493376986205692276e+02 1.600965383272219356e+02
2.550000000000000000e+02 2.494092456783656360e+02 1.602009996507770211e+02
2.550000000000000000e+02 2.494252008032128458e+02 1.603260651300855670e+02
2.550000000000000000e+02 2.494187838309760821e+02 1.604030687969268456e+02
2.550000000000000000e+02 2.493352104068447659e+02 1.603440719399336558e+02
2.550000000000000000e+02 2.493306705081194252e+02 1.604062991094814095e+02
2.550000000000000000e+02 2.492493452069146258e+02 1.602639907455910588e+02
2.550000000000000000e+02 2.491763576043303772e+02 1.601208529771259066e+02
2.550000000000000000e+02 2.491749607124148724e+02 1.601069058844071833e+02
2.550000000000000000e+02 2.491086083464292074e+02 1.600484546883184862e+02
2.550000000000000000e+02 2.491087829579186348e+02 1.600758032128514117e+02
2.550000000000000000e+02 2.491261568011175029e+02 1.599186310459228082e+02
2.550000000000000000e+02 2.491520211279902242e+02 1.598349484896106105e+02
2.550000000000000000e+02 2.491362406146324417e+02 1.596490309062336337e+02
2.550000000000000000e+02 2.491637855770909766e+02 1.596118604854199532e+02
2.550000000000000000e+02 2.491778854548629170e+02 1.596710319539025704e+02
2.550000000000000000e+02 2.492051248472149609e+02 1.596813995110878182e+02
2.550000000000000000e+02 2.492362275187707326e+02 1.597982582503928768e+02
2.550000000000000000e+02 2.491907412257726548e+02 1.598418019905709855e+02
2.550000000000000000e+02 2.491521302601711056e+02 1.598356032826960131e+02
2.550000000000000000e+02 2.491177317967522242e+02 1.596698969792212210e+02
2.550000000000000000e+02 2.491014492753623131e+02 1.598438755020080180e+02
2.550000000000000000e+02 2.491490309062336337e+02 1.599733717478610231e+02
2.550000000000000000e+02 2.491552077876724240e+02 1.600949449973808214e+02
2.550000000000000000e+02 2.491160729876025925e+02 1.600142090099528502e+02
2.550000000000000000e+02 2.491817487340667014e+02 1.601113803038239780e+02
2.550000000000000000e+02 2.492364676095687059e+02 1.601940151911995827e+02
2.550000000000000000e+02 2.492626375065479181e+02 1.602524882137244617e+02
2.550000000000000000e+02 2.492738126418718423e+02 1.602291994063209302e+02
2.550000000000000000e+02 2.493510345730749123e+02 1.603879649030906194e+02
2.550000000000000000e+02 2.493689977300506371e+02 1.604466343635411079e+02
2.550000000000000000e+02 2.493622315348349900e+02 1.602575082940457492e+02
2.550000000000000000e+02 2.493865025318665971e+02 1.602242448053081887e+02
2.550000000000000000e+02 2.493932469006460622e+02 1.602530557010651364e+02
2.550000000000000000e+02 2.494369434258774163e+02 1.602642526628252142e+02
2.550000000000000000e+02 2.494158154356556736e+02 1.603099135673127194e+02
2.550000000000000000e+02 2.493962807752750166e+02 1.603136677143355939e+02
2.550000000000000000e+02 2.493774227344159158e+02 1.602431901519119890e+02
2.550000000000000000e+02 2.493163741924218755e+02 1.602078313253012141e+02
2.550000000000000000e+02 2.492372751877073540e+02 1.601717522262964906e+02
2.550000000000000000e+02 2.492040771782783395e+02 1.599814911821197825e+02
2.550000000000000000e+02 2.491505587567662019e+02 1.599571547057796295e+02
2.550000000000000000e+02 2.491361969617600778e+02 1.600279596647459357e+02
2.550000000000000000e+02 2.491572376462371210e+02 1.601377466387288280e+02
2.550000000000000000e+02 2.491491618648506972e+02 1.602051903265234785e+02
2.550000000000000000e+02 2.491571285140562111e+02 1.601251309586170635e+02
2.550000000000000000e+02 2.491485070717653230e+02 1.601425921075606880e+02
2.550000000000000000e+02 2.492340230487166082e+02 1.601790859088528123e+02
2.550000000000000000e+02 2.492239174087654874e+02 1.601733455561376047e+02
2.550000000000000000e+02 2.492198140387637579e+02 1.601230356207438490e+02
2.550000000000000000e+02 2.492363148245154605e+02 1.601945171992317114e+02
2.550000000000000000e+02 2.492449362668063486e+02 1.598038021651824749e+02
2.550000000000000000e+02 2.492405928060066458e+02 1.597292430591932941e+02
2.550000000000000000e+02 2.492678540247948433e+02 1.598348393574297290e+02
2.550000000000000000e+02 2.492428845818054697e+02 1.598246682381700623e+02
2.550000000000000000e+02 2.493148245154531253e+02 1.599279727606076449e+02
2.550000000000000000e+02 2.493138204993888678e+02 1.599473109830626925e+02
2.550000000000000000e+02 2.493430460974332163e+02 1.599791339270123842e+02
2.550000000000000000e+02 2.493692814737209744e+02 1.600980225248821398e+02
2.550000000000000000e+02 2.493923301903265326e+02 1.601465863453815359e+02
2.550000000000000000e+02 2.494454993888597869e+02 1.602558931377684530e+02
2.550000000000000000e+02 2.495173083638903506e+02 1.604867950061114072e+02
2.550000000000000000e+02 2.495662214073686016e+02 1.607315784878645104e+02
2.550000000000000000e+02 2.496638292299633406e+02 1.610870874803562174e+02
2.550000000000000000e+02 2.496798934869914319e+02 1.611278592631395270e+02
2.550000000000000000e+02 2.497662606949537292e+02 1.611403658110703816e+02
2.550000000000000000e+02 2.497479264885629391e+02 1.613065522961410920e+02
2.550000000000000000e+02 2.497262091845643397e+02 1.611985987427972873e+02
2.550000000000000000e+02 2.497516151562772961e+02 1.612595599790466281e+02
2.550000000000000000e+02 2.497574209883010212e+02 1.612878906932076006e+02
2.550000000000000000e+02 2.497076567138117582e+02 1.612650384145276803e+02
2.550000000000000000e+02 2.496369390605901799e+02 1.609985158023397958e+02
2.550000000000000000e+02 2.495756286013619558e+02 1.608948184040509943e+02
2.550000000000000000e+02 2.495622053431115717e+02 1.608707874978173606e+02
2.550000000000000000e+02 2.495685131831674539e+02 1.608067269076305195e+02
2.550000000000000000e+02 2.495548061812467324e+02 1.607674393225074141e+02
2.550000000000000000e+02 2.496096560153658004e+02 1.611790859088528123e+02
2.550000000000000000e+02 2.495778330714161086e+02 1.613590667015889721e+02
2.550000000000000000e+02 2.495924349572201777e+02 1.613430242709970344e+02
2.550000000000000000e+02 2.496014711017984951e+02 1.615228959315522843e+02
2.550000000000000000e+02 2.496134538152610389e+02 1.613784704033525372e+02
2.550000000000000000e+02 2.496055308189278890e+02 1.612649947616553163e+02
2.550000000000000000e+02 2.495660249694429922e+02 1.610947049065828480e+02
2.550000000000000000e+02 2.495572943949711942e+02 1.609151388161340890e+02
2.550000000000000000e+02 2.494574602758861488e+02 1.606102235027064751e+02
2.550000000000000000e+02 2.494275362318840621e+02 1.603920246202200133e+02
2.550000000000000000e+02 2.494459795704557337e+02 1.606386196961760220e+02
2.550000000000000000e+02 2.494980574471800310e+02 1.606913960188580290e+02
2.550000000000000000e+02 2.495136196961760220e+02 1.607600838135149388e+02
2.550000000000000000e+02 2.495677492579011698e+02 1.607912956172516203e+02
2.550000000000000000e+02 2.496839532041208258e+02 1.610100183342063929e+02
2.550000000000000000e+02 2.496984023048716494e+02 1.612267330190326504e+02
2.550000000000000000e+02 2.498093024270997091e+02 1.615705866946045148e+02
2.550000000000000000e+02 2.499378383097607923e+02 1.620674436877946505e+02
2.550000000000000000e+02 2.499454557359874229e+02 1.620409900471451010e+02
2.550000000000000000e+02 2.499985594552121597e+02 1.621827745765671409e+02
2.550000000000000000e+02 2.500264754670857315e+02 1.619661253710494009e+02
2.550000000000000000e+02 2.500776366334904708e+02 1.620276322682032344e+02
2.550000000000000000e+02 2.501604024794831389e+02 1.621479177579884663e+02
2.550000000000000000e+02 2.502538196263314205e+02 1.625590623363017357e+02
2.550000000000000000e+02 2.503086694604504885e+02 1.626273136022350343e+02
2.550000000000000000e+02 2.503017723066177780e+02 1.628646106163785703e+02
2.550000000000000000e+02 2.503031037192247368e+02 1.632125894883883461e+02
2.550000000000000000e+02 2.502547581630871321e+02 1.633523659856818711e+02
2.550000000000000000e+02 2.502246595075955895e+02 1.633352977125894938e+02
2.550000000000000000e+02 2.501767941330539600e+02 1.634479002968395207e+02
2.550000000000000000e+02 2.501649642046446615e+02 1.634629605378033830e+02
2.550000000000000000e+02 2.501763794307665307e+02 1.633400558756766259e+02
2.550000000000000000e+02 2.501533088877248190e+02 1.633351667539724019e+02
2.550000000000000000e+02 2.501542037716081666e+02 1.633285533438100288e+02
2.550000000000000000e+02 2.502264711017984951e+02 1.635386982713462487e+02
2.550000000000000000e+02 2.501934040509865440e+02 1.632470534311157735e+02
2.550000000000000000e+02 2.502494761655316893e+02 1.630842718700890543e+02
2.550000000000000000e+02 2.502606949537279490e+02 1.630547843548105504e+02
2.550000000000000000e+02 2.502770429544264061e+02 1.629848742797276202e+02
2.550000000000000000e+02 2.502507857517024661e+02 1.629271870089051788e+02
2.550000000000000000e+02 2.502823467784180309e+02 1.628195390256678934e+02
2.550000000000000000e+02 2.502693818753273831e+02 1.626988824864675962e+02
2.550000000000000000e+02 2.502513314126069588e+02 1.624565872184389832e+02
2.550000000000000000e+02 2.502750567487340732e+02 1.624135673127291852e+02
2.550000000000000000e+02 2.502836563645887793e+02 1.623038458180548389e+02
2.550000000000000000e+02 2.502876942552819912e+02 1.629035271520866104e+02
2.550000000000000000e+02 2.502493452069146258e+02 1.631113584773878245e+02
2.550000000000000000e+02 2.502761917234153941e+02 1.632190937663698378e+02
2.550000000000000000e+02 2.502852060415575295e+02 1.631449493626680578e+02
2.550000000000000000e+02 2.502595381526104461e+02 1.630876767941330456e+02
2.550000000000000000e+02 2.502686616029334630e+02 1.630134887375589301e+02
2.550000000000000000e+02 2.503050899249170698e+02 1.630972149467434917e+02
2.550000000000000000e+02 2.503021651824689968e+02 1.630230705430417402e+02
2.550000000000000000e+02 2.503343373493976003e+02 1.629964204644665529e+02
2.550000000000000000e+02 2.503148245154531253e+02 1.629507159071066837e+02
2.550000000000000000e+02 2.503757420988301021e+02 1.633321983586519934e+02
2.550000000000000000e+02 2.503925266282521420e+02 1.635259952854897847e+02
2.550000000000000000e+02 2.503590667015889721e+02 1.633778592631395270e+02
2.550000000000000000e+02 2.503778156102671630e+02 1.634873188405797180e+02
2.550000000000000000e+02 2.503878121180373739e+02 1.635822856643967214e+02
2.550000000000000000e+02 2.503833376986205792e+02 1.633138204993888678e+02
2.550000000000000000e+02 2.503766369827134497e+02 1.630544133053954852e+02
2.550000000000000000e+02 2.503479133927012299e+02 1.630169591409114673e+02
2.550000000000000000e+02 2.503161995809324196e+02 1.628555089924917070e+02
2.550000000000000000e+02 2.502742491705954251e+02 1.626147415749956338e+02
2.550000000000000000e+02 2.502472935219137469e+02 1.625053693033001707e+02
2.550000000000000000e+02 2.502225641697223750e+02 1.626406713811768725e+02
2.550000000000000000e+02 2.502926052034223972e+02 1.627418587393050586e+02
2.550000000000000000e+02 2.502455474070193873e+02 1.624248079273616270e+02
2.550000000000000000e+02 2.503244936266806349e+02 1.625693425877422840e+02
2.550000000000000000e+02 2.503179238693905972e+02 1.629140911471974960e+02
2.550000000000000000e+02 2.503444211629125107e+02 1.632026584599266528e+02
2.550000000000000000e+02 2.503272001047668880e+02 1.631997773703509722e+02
2.550000000000000000e+02 2.503503143006809921e+02 1.632616771433560245e+02
2.550000000000000000e+02 2.503607473371747858e+02 1.633615767417496158e+02
2.550000000000000000e+02 2.503238388335952607e+02 1.632238301030207879e+02
2.550000000000000000e+02 2.503385716780164216e+02 1.631895189453466060e+02
2.550000000000000000e+02 2.503756547930853742e+02 1.630671817705604951e+02
2.550000000000000000e+02 2.504135891391653672e+02 1.630528636284267634e+02
2.550000000000000000e+02 2.504257464641173385e+02 1.630992666317443707e+02
2.550000000000000000e+02 2.504014754670857315e+02 1.630130085559629833e+02
2.550000000000000000e+02 2.504752706478086282e+02 1.632362275187707326e+02
2.550000000000000000e+02 2.504907455910598912e+02 1.633454688318491321e+02
2.550000000000000000e+02 2.505512921250218312e+02 1.632814955474070189e+02
2.550000000000000000e+02 2.505352933473022574e+02 1.632102977125894938e+02
2.550000000000000000e+02 2.505365156277283063e+02 1.632543652872359132e+02
2.550000000000000000e+02 2.505326086956521863e+02 1.632783307141610010e+02
2.550000000000000000e+02 2.504933647634014449e+02 1.630309935393748901e+02
2.550000000000000000e+02 2.505102584250043662e+02 1.631346691112275096e+02
2.550000000000000000e+02 2.505072463768115938e+02 1.630599353937489013e+02
2.550000000000000000e+02 2.505013750654792943e+02 1.629830845119608966e+02
2.550000000000000000e+02 2.504908110703684372e+02 1.630150384145276803e+02
2.550000000000000000e+02 2.505015278505325682e+02 1.630696045049764393e+02
2.550000000000000000e+02 2.504719093766369724e+02 1.628842544089401088e+02
2.550000000000000000e+02 2.504176488562947327e+02 1.628188405797101552e+02
2.550000000000000000e+02 2.503606163785577223e+02 1.627873668587393183e+02
2.550000000000000000e+02 2.502690544787847102e+02 1.625585166753972430e+02
2.550000000000000000e+02 2.501955430417321509e+02 1.625031211803736824e+02
2.550000000000000000e+02 2.501810066352365993e+02 1.624506286013619558e+02
2.550000000000000000e+02 2.501560590186834361e+02 1.624476602060415473e+02
2.550000000000000000e+02 2.501414134800069746e+02 1.625764143530644219e+02
2.550000000000000000e+02 2.501264405447878403e+02 1.623957351143705239e+02
2.550000000000000000e+02 2.501469137419242088e+02 1.623235769163611053e+02
2.550000000000000000e+02 2.501079535533438047e+02 1.624079360921948592e+02
2.550000000000000000e+02 2.501162912519643839e+02 1.623368473895582440e+02
2.550000000000000000e+02 2.500990920202549432e+02 1.624317487340667014e+02
2.550000000000000000e+02 2.500562030731622087e+02 1.624258119434258845e+02
2.550000000000000000e+02 2.500687969268377913e+02 1.624262484721494673e+02
2.550000000000000000e+02 2.500249039636807993e+02 1.622716081718177179e+02
2.550000000000000000e+02 2.499776060764798444e+02 1.620655447878470454e+02
2.550000000000000000e+02 2.499989086781910146e+02 1.620305351842151254e+02
2.550000000000000000e+02 2.500521215295966613e+02 1.620103020778767302e+02
2.550000000000000000e+02 2.500249694429893452e+02 1.620345075955997913e+02
2.550000000000000000e+02 2.500831150689715514e+02 1.620622271695477536e+02
2.550000000000000000e+02 2.500738388335952607e+02 1.622059324253535806e+02
2.550000000000000000e+02 2.501049633315872143e+02 1.620517941330539600e+02
2.550000000000000000e+02 2.501082591234503241e+02 1.618979177579884663e+02
2.550000000000000000e+02 2.501568447703859022e+02 1.617209926663174429e+02
2.550000000000000000e+02 2.501783219835865282e+02 1.617807752750130987e+02
2.550000000000000000e+02 2.502115636458879067e+02 1.618493757639252522e+02
2.550000000000000000e+02 2.502166710319538936e+02 1.620280906233630276e+02
2.550000000000000000e+02 2.501998865025318537e+02 1.624509559979046571e+02
2.550000000000000000e+02 2.501424174960712321e+02 1.625952723939235227e+02
2.550000000000000000e+02 2.501526759210755984e+02 1.626451894534660312e+02
2.550000000000000000e+02 2.502086170770036802e+02 1.625214335603282620e+02
2.550000000000000000e+02 2.502665444386240665e+02 1.627807971014492807e+02
2.550000000000000000e+02 2.502710406844770432e+02 1.627745110878295804e+02
2.550000000000000000e+02 2.502506766195215562e+02 1.626569975554391476e+02
2.550000000000000000e+02 2.501428976776671789e+02 1.625485856469355781e+02
2.550000000000000000e+02 2.501131264187183376e+02 1.624993233804784438e+02
2.550000000000000000e+02 2.500824821023223308e+02 1.621310677492579089e+02
2.550000000000000000e+02 2.500221974855945462e+02 1.618951021477213317e+02
2.550000000000000000e+02 2.500322158198009390e+02 1.615842500436528724e+02
2.550000000000000000e+02 2.500283307141610010e+02 1.615950977824340953e+02
2.550000000000000000e+02 2.500538894709271744e+02 1.616078880740352588e+02
2.550000000000000000e+02 2.500602191374192387e+02 1.618337698620569256e+02
2.550000000000000000e+02 2.500277195739479623e+02 1.618247773703509722e+02
2.550000000000000000e+02 2.500314737209708369e+02 1.619698358651999399e+02
2.550000000000000000e+02 2.500077265584075406e+02 1.619958529771259066e+02
2.550000000000000000e+02 2.499584206390780423e+02 1.618607691636109678e+02
2.550000000000000000e+02 2.499581587218438870e+02 1.618572987602584305e+02
2.550000000000000000e+02 2.499411341016238737e+02 1.619390824166230232e+02
2.550000000000000000e+02 2.499783045224375826e+02 1.621021258948838693e+02
2.550000000000000000e+02 2.499141566265060135e+02 1.620820674000349300e+02
2.550000000000000000e+02 2.499155971712938822e+02 1.621269207263837870e+02
2.550000000000000000e+02 2.499299371398637959e+02 1.621446656189977205e+02
2.550000000000000000e+02 2.499797232407892409e+02 1.622266675397241045e+02
2.550000000000000000e+02 2.500308189278854627e+02 1.623144098131656961e+02
2.550000000000000000e+02 2.500247293521913718e+02 1.625116989697922065e+02
2.550000000000000000e+02 2.500996376811594075e+02 1.626976383796053653e+02
2.550000000000000000e+02 2.500963418892963261e+02 1.626340579710144993e+02
2.550000000000000000e+02 2.500601100052383572e+02 1.626142395669635050e+02
2.550000000000000000e+02 2.500530164134800089e+02 1.626868779465688704e+02
2.550000000000000000e+02 2.500837698620569256e+02 1.626546839532041133e+02
2.550000000000000000e+02 2.500770254932774606e+02 1.625862362493452054e+02
2.550000000000000000e+02 2.501036319189802555e+02 1.624946525231360113e+02
2.550000000000000000e+02 2.501445346603806570e+02 1.623951894534660312e+02
2.550000000000000000e+02 2.501602496944298935e+02 1.625214990396368080e+02
2.550000000000000000e+02 2.501845643443338645e+02 1.626463244281473806e+02
2.550000000000000000e+02 2.501705299458704417e+02 1.625213244281473806e+02
2.550000000000000000e+02 2.501875545660904550e+02 1.624730661777545038e+02
2.550000000000000000e+02 2.501736947791164596e+02 1.624166448402304752e+02
2.550000000000000000e+02 2.500755412956172563e+02 1.622410075082940466e+02
2.550000000000000000e+02 2.499713200628601442e+02 1.621106600314300579e+02
2.550000000000000000e+02 2.499183254758163173e+02 1.619626767941330456e+02
2.550000000000000000e+02 2.498477606076479844e+02 1.617757551946918113e+02
2.550000000000000000e+02 2.498099790466212653e+02 1.616997991967871542e+02
2.550000000000000000e+02 2.498099790466212653e+02 1.618541775798847482e+02
2.550000000000000000e+02 2.498319146149816561e+02 1.619133490483673938e+02
2.550000000000000000e+02 2.498081674524183597e+02 1.618451850881787948e+02
2.550000000000000000e+02 2.498252138990745550e+02 1.618335515976951342e+02
2.550000000000000000e+02 2.498703727955299598e+02 1.618289462196612476e+02
2.550000000000000000e+02 2.498869172341539979e+02 1.617692290902741377e+02
2.550000000000000000e+02 2.498710930679238800e+02 1.616082591234503241e+02
2.550000000000000000e+02 2.498075344857691675e+02 1.613777937838309811e+02
2.550000000000000000e+02 2.497869958093242531e+02 1.615131176881438932e+02
2.550000000000000000e+02 2.497504365287235828e+02 1.615928496595076069e+02
2.550000000000000000e+02 2.497376680635585728e+02 1.616475248821372475e+02
2.550000000000000000e+02 2.497419896979221221e+02 1.618009647284791299e+02
2.550000000000000000e+02 2.497890693207613140e+02 1.618150864326872806e+02
2.550000000000000000e+02 2.498015758686921686e+02 1.615720054129561731e+02
2.550000000000000000e+02 2.498425659158372696e+02 1.612941548803911189e+02
2.550000000000000000e+02 2.499056224899598533e+02 1.614108826610790857e+02
2.550000000000000000e+02 2.499924044002095229e+02 1.614378601361969743e+02
2.550000000000000000e+02 2.500095163261742641e+02 1.614192421861358469e+02
2.550000000000000000e+02 2.500201458005936672e+02 1.616411515627728193e+02
2.550000000000000000e+02 2.500333071416099244e+02 1.619806836039811344e+02
2.550000000000000000e+02 2.500026409987777072e+02 1.620637768465165038e+02
2.550000000000000000e+02 2.500590623363017357e+02 1.619129998253885105e+02
2.550000000000000000e+02 2.500459228217216605e+02 1.619475292474244839e+02
2.550000000000000000e+02 2.500123537628776091e+02 1.618137986729526858e+02
2.550000000000000000e+02 2.500518159594901419e+02 1.618527806879692719e+02
2.550000000000000000e+02 2.500016588091496317e+02 1.617766064257028233e+02
2.550000000000000000e+02 2.499566745241836827e+02 1.615330888772481330e+02
2.550000000000000000e+02 2.499888466911122862e+02 1.614486423956696228e+02
2.550000000000000000e+02 2.499511524358302665e+02 1.614401519119957982e+02
2.550000000000000000e+02 2.499431203073162351e+02 1.613400340492404439e+02
2.550000000000000000e+02 2.498541775798847482e+02 1.610716561899772898e+02
2.550000000000000000e+02 2.497961847389558159e+02 1.611326174262266591e+02
2.550000000000000000e+02 2.497313602235027190e+02 1.609814911821197825e+02
2.550000000000000000e+02 2.496568665968220841e+02 1.610175702811245060e+02
2.550000000000000000e+02 2.496511917234153941e+02 1.610701065130085681e+02
2.550000000000000000e+02 2.496947572900296848e+02 1.611321808975030478e+02
2.550000000000000000e+02 2.497657586869216004e+02 1.613103500960363306e+02
2.550000000000000000e+02 2.497338047843548168e+02 1.613065741225772740e+02
2.550000000000000000e+02 2.497506111402130387e+02 1.614110136196961776e+02
2.550000000000000000e+02 2.498483717478610231e+02 1.615832460275886149e+02
2.550000000000000000e+02 2.498378732320586835e+02 1.615103457307490942e+02
2.550000000000000000e+02 2.498760694953728034e+02 1.614518727082242151e+02
2.550000000000000000e+02 2.499055788370874893e+02 1.615480181595949034e+02
2.550000000000000000e+02 2.499233892090099403e+02 1.617950934171468589e+02
2.550000000000000000e+02 2.498739305046271966e+02 1.617348742797276202e+02
2.550000000000000000e+02 2.498570368430242752e+02 1.616302601711192608e+02
2.550000000000000000e+02 2.498925702811245060e+02 1.617030731622140820e+02
2.550000000000000000e+02 2.499044656888423219e+02 1.618560110005238357e+02
2.550000000000000000e+02 2.499092020254932720e+02 1.617254889121704196e+02
2.550000000000000000e+02 2.499446699842849569e+02 1.617301597695128237e+02
2.550000000000000000e+02 2.499998253885105726e+02 1.617927361620394606e+02
2.550000000000000000e+02 2.500176575868692055e+02 1.617957700366684151e+02
2.550000000000000000e+02 2.500874803562074362e+02 1.618471494674349458e+02
2.550000000000000000e+02 2.500780949886502640e+02 1.619303081892788612e+02
2.550000000000000000e+02 2.500883315872184482e+02 1.618493975903614341e+02
2.550000000000000000e+02 2.501128863279203642e+02 1.620544133053954852e+02
2.550000000000000000e+02 2.501319189802688925e+02 1.619047494325126593e+02
2.550000000000000000e+02 2.501390780513357868e+02 1.618767242884581776e+02
2.550000000000000000e+02 2.501537235900122198e+02 1.619743102846167346e+02
2.550000000000000000e+02 2.501779072812990989e+02 1.619898943600488792e+02
2.550000000000000000e+02 2.501874672603457270e+02 1.618907368604854184e+02
2.550000000000000000e+02 2.502350925440894116e+02 1.621009909202025483e+02
2.550000000000000000e+02 2.502565042779814917e+02 1.622252269949362642e+02
2.550000000000000000e+02 2.502085734241313162e+02 1.623013357778941952e+02
2.550000000000000000e+02 2.501576741749607038e+02 1.622044700541295583e+02
2.550000000000000000e+02 2.501041339270123842e+02 1.621960013968919156e+02
2.550000000000000000e+02 2.500907543216343640e+02 1.622856862231534762e+02
2.550000000000000000e+02 2.500287672428845838e+02 1.622920158896455405e+02
2.550000000000000000e+02 2.500234197660205950e+02 1.621601842151213475e+02
2.550000000000000000e+02 2.500589750305570078e+02 1.619832809498865061e+02
2.550000000000000000e+02 2.500867164309411521e+02 1.619536406495547283e+02
2.550000000000000000e+02 2.500887681159420310e+02 1.619390605901868412e+02
2.550000000000000000e+02 2.501109874279727592e+02 1.619015845992666414e+02
2.550000000000000000e+02 2.501280338746289544e+02 1.619847869739828923e+02
2.550000000000000000e+02 2.501394272743146416e+02 1.622867338920900977e+02
2.550000000000000000e+02 2.501229264885629391e+02 1.623488519294569699e+02
2.550000000000000000e+02 2.501027370350969079e+02 1.623030600663523728e+02
2.550000000000000000e+02 2.500894883883359512e+02 1.623928976776671789e+02
2.550000000000000000e+02 2.500727693382224572e+02 1.621940151911995827e+02
2.550000000000000000e+02 2.500655011349746815e+02 1.621192378208486105e+02
2.550000000000000000e+02 2.500531910249694363e+02 1.621692421861358469e+02
2.550000000000000000e+02 2.500112406146324417e+02 1.620379125196437826e+02
2.550000000000000000e+02 2.500431072114545259e+02 1.621857211454513674e+02
2.550000000000000000e+02 2.500580801466736602e+02 1.621224681334031743e+02
2.550000000000000000e+02 2.500719181072114452e+02 1.621056399511087704e+02
2.550000000000000000e+02 2.501486380303823864e+02 1.619968351667539821e+02
2.550000000000000000e+02 2.501630216518246925e+02 1.621110747337174871e+02
2.550000000000000000e+02 2.502120001746114895e+02 1.621017766719050144e+02
2.550000000000000000e+02 2.501913741924218755e+02 1.622995896629998356e+02
2.550000000000000000e+02 2.502249650777021088e+02 1.624958311506897246e+02
2.550000000000000000e+02 2.501838004190675804e+02 1.626344726733019002e+02
2.550000000000000000e+02 2.501810502881089633e+02 1.628296228391828322e+02
2.550000000000000000e+02 2.501744805308189257e+02 1.627944386240614563e+02
2.550000000000000000e+02 2.501949100750829302e+02 1.627152741400384173e+02
2.550000000000000000e+02 2.502073293172690853e+02 1.626351929456958203e+02
2.550000000000000000e+02 2.502216911122751810e+02 1.627135498515802396e+02
2.550000000000000000e+02 2.502255543914789655e+02 1.627849877771957381e+02
2.550000000000000000e+02 2.501951065130085681e+02 1.626024751178627525e+02
2.550000000000000000e+02 2.501352147721320023e+02 1.624031561026715451e+02
2.550000000000000000e+02 2.501150689715383351e+02 1.620860834642919599e+02
2.550000000000000000e+02 2.500828749781735780e+02 1.619871224026541086e+02
2.550000000000000000e+02 2.500167408765496759e+02 1.620203858913916406e+02
2.550000000000000000e+02 2.500147546708573429e+02 1.619394316396018780e+02
2.550000000000000000e+02 2.500666361096560024e+02 1.618613584773878245e+02
2.550000000000000000e+02 2.500503754147022732e+02 1.619029814911821177e+02
2.550000000000000000e+02 2.500834861183865883e+02 1.619302863628426792e+02
2.550000000000000000e+02 2.501311332285664264e+02 1.619948053081892851e+02
2.550000000000000000e+02 2.501118168325475892e+02 1.620094071939933542e+02
2.550000000000000000e+02 2.501563427623537734e+02 1.620755631220534383e+02
2.550000000000000000e+02 2.501451894534660312e+02 1.621489654269250877e+02
2.550000000000000000e+02 2.501123624934520819e+02 1.620628601361969743e+02
2.550000000000000000e+02 2.501474157499563375e+02 1.620267155578837048e+02
2.550000000000000000e+02 2.501405404225598090e+02 1.622051030207787790e+02
2.550000000000000000e+02 2.501411079099004837e+02 1.621380522088353473e+02
2.550000000000000000e+02 2.501587436703335072e+02 1.618101973109830567e+02
2.550000000000000000e+02 2.502110616378557779e+02 1.617474681334031743e+02
2.550000000000000000e+02 2.502155578837087546e+02 1.617510913218089854e+02
2.550000000000000000e+02 2.502022001047668880e+02 1.618513401431814316e+02
2.550000000000000000e+02 2.502229133927012299e+02 1.619277763226820355e+02
2.550000000000000000e+02 2.502128077527501375e+02 1.618924174960712321e+02
2.550000000000000000e+02 2.502623755893137627e+02 1.619404356556661355e+02
2.550000000000000000e+02 2.502529465688842265e+02 1.619401300855596162e+02
2.550000000000000000e+02 2.502418150864326947e+02 1.620383490483673938e+02
2.550000000000000000e+02 2.502653658110703816e+02 1.620573380478435581e+02
2.550000000000000000e+02 2.502991313078400424e+02 1.621632180897503019e+02
2.550000000000000000e+02 2.502789418543740112e+02 1.621552514405447880e+02
2.550000000000000000e+02 2.502657586869216004e+02 1.621148943600488792e+02
2.550000000000000000e+02 2.502708005936790698e+02 1.620742098830102975e+02
2.550000000000000000e+02 2.502740309062336337e+02 1.623344683080146638e+02
2.550000000000000000e+02 2.502216256329666351e+02 1.625843810022699358e+02
2.550000000000000000e+02 2.501743277457656802e+02 1.625103020778767302e+02
2.550000000000000000e+02 2.501648550724637801e+02 1.626409769512833918e+02
2.550000000000000000e+02 2.501115767417496158e+02 1.625361445783132410e+02
2.550000000000000000e+02 2.501043740178103860e+02 1.624421817705604951e+02
2.550000000000000000e+02 2.501071241487690031e+02 1.623141260694953587e+02
2.550000000000000000e+02 2.501110529072813051e+02 1.623328968046097316e+02
2.550000000000000000e+02 2.501232757115418224e+02 1.622647983237297069e+02
2.550000000000000000e+02 2.501238868517548326e+02 1.622773921774052610e+02
2.550000000000000000e+02 2.502162999825388567e+02 1.624148550724637801e+02
2.550000000000000000e+02 2.501938842325824908e+02 1.624183691286886813e+02
2.550000000000000000e+02 2.502160380653047014e+02 1.625302950934171520e+02
2.550000000000000000e+02 2.501831892788545417e+02 1.625258206740003573e+02
2.550000000000000000e+02 2.501576305220883398e+02 1.624702069146149768e+02
2.550000000000000000e+02 2.501322900296839578e+02 1.626214859437750988e+02
2.550000000000000000e+02 2.501071459752051567e+02 1.626163567312729299e+02
2.550000000000000000e+02 2.500961672778068703e+02 1.625954033525405862e+02
2.550000000000000000e+02 2.501206347127640868e+02 1.627723939235201556e+02
2.550000000000000000e+02 2.501471320062860002e+02 1.627961410860834519e+02
2.550000000000000000e+02 2.501225336127117203e+02 1.625936790640824086e+02
2.550000000000000000e+02 2.501627815610267191e+02 1.625496114894360176e+02
2.550000000000000000e+02 2.501505151038938379e+02 1.624729788720097758e+02
2.550000000000000000e+02 2.501176226645713427e+02 1.624978610092544216e+02
2.550000000000000000e+02 2.501510389383621487e+02 1.624136327920377028e+02
2.550000000000000000e+02 2.501604024794831389e+02 1.623883141260695027e+02
2.550000000000000000e+02 2.501919635061987037e+02 1.626538545486293117e+02
2.550000000000000000e+02 2.501552732669809700e+02 1.626022350270647792e+02
2.550000000000000000e+02 2.501581325301204686e+02 1.626916579360921844e+02
2.550000000000000000e+02 2.501832329317269057e+02 1.626403439846341996e+02
2.550000000000000000e+02 2.501654007333682443e+02 1.626245416448402352e+02
2.550000000000000000e+02 2.501932512659332986e+02 1.623455779640300420e+02
2.550000000000000000e+02 2.502053431115767523e+02 1.622970577964030099e+02
2.550000000000000000e+02 2.501832984110354516e+02 1.621282303125545639e+02
2.550000000000000000e+02 2.501424174960712321e+02 1.620665924567836669e+02
2.550000000000000000e+02 2.500758905185961112e+02 1.618305613759385437e+02
2.550000000000000000e+02 2.500253404924044105e+02 1.617156015365811186e+02
2.550000000000000000e+02 2.500139252662825129e+02 1.614210319539025704e+02
2.550000000000000000e+02 2.499987340667015872e+02 1.613908678191025103e+02
2.550000000000000000e+02 2.499819058844071833e+02 1.614002750130958646e+02
2.550000000000000000e+02 2.499892613933996870e+02 1.616006416972236650e+02
2.550000000000000000e+02 2.500529509341714629e+02 1.617355072463768124e+02
2.550000000000000000e+02 2.500562467260345727e+02 1.617698838833595119e+02
2.550000000000000000e+02 2.500153876375065352e+02 1.618118779465688704e+02
2.550000000000000000e+02 2.500306879692683708e+02 1.617002793783831009e+02
2.550000000000000000e+02 2.499790029683953207e+02 1.614900689715383351e+02
2.550000000000000000e+02 2.499289986031080844e+02 1.613983324602758955e+02
2.550000000000000000e+02 2.499472673301903285e+02 1.613569495372795473e+02
2.550000000000000000e+02 2.499256155055002750e+02 1.613233149991269499e+02
2.550000000000000000e+02 2.499388204993888678e+02 1.613521477213200512e+02
2.550000000000000000e+02 2.499386022350270764e+02 1.615884843722716937e+02
2.550000000000000000e+02 2.499690501134974738e+02 1.617661515627728193e+02
2.550000000000000000e+02 2.499374454339095450e+02 1.617095556137593917e+02
2.550000000000000000e+02 2.499474637681159379e+02 1.616882093591758291e+02
2.550000000000000000e+02 2.499601885804085839e+02 1.616783219835865282e+02
2.550000000000000000e+02 2.499589881264187170e+02 1.618110267155578867e+02
2.550000000000000000e+02 2.499292386939060577e+02 1.617009123450322932e+02
2.550000000000000000e+02 2.499944560852104019e+02 1.617738781211803598e+02
2.550000000000000000e+02 2.500832896804609788e+02 1.620502444560852098e+02
2.550000000000000000e+02 2.500679456958267792e+02 1.619881482451545196e+02
2.550000000000000000e+02 2.500689715383272187e+02 1.621862013270473142e+02
2.550000000000000000e+02 2.501169896979221221e+02 1.622962283918281798e+02
2.550000000000000000e+02 2.500998341190850454e+02 1.623643268727082329e+02
2.550000000000000000e+02 2.500532128514056183e+02 1.622658241662301464e+02
2.550000000000000000e+02 2.500116771433560245e+02 1.623593940981316450e+02
2.550000000000000000e+02 2.499839575694080622e+02 1.620355334381002308e+02
2.550000000000000000e+02 2.499698140387637579e+02 1.619455430417321509e+02
2.550000000000000000e+02 2.499095294220359733e+02 1.617840055875676626e+02
2.550000000000000000e+02 2.499413741924218755e+02 1.618205866946045148e+02
2.550000000000000000e+02 2.499597302252488191e+02 1.618877684651650100e+02
2.550000000000000000e+02 2.499546446656189858e+02 1.616983149991269499e+02
