2.550000000000000000e+02 2.547915206185566888e+02 2.032977835051546265e+02
2.550000000000000000e+02 2.547913659793814531e+02 2.032689690721649356e+02
2.550000000000000000e+02 2.547680670103092666e+02 2.029537628865979286e+02
2.550000000000000000e+02 2.547464432989690692e+02 2.026034020618556610e+02
2.550000000000000000e+02 2.547741237113401951e+02 2.025031185567010255e+02
2.550000000000000000e+02 2.547995876288659929e+02 2.030651030927835166e+02
2.550000000000000000e+02 2.547871649484536078e+02 2.025897164948453621e+02
2.550000000000000000e+02 2.547857474226804015e+02 2.018381958762886654e+02
2.550000000000000000e+02 2.548008505154639067e+02 2.027611082474226691e+02
2.550000000000000000e+02 2.548109278350515581e+02 2.034940463917525904e+02
2.550000000000000000e+02 2.547972680412371176e+02 2.028734536082474165e+02
2.550000000000000000e+02 2.548051288659793840e+02 2.027351030927835041e+02
2.550000000000000000e+02 2.548249999999999886e+02 2.042109020618556769e+02
2.550000000000000000e+02 2.548505670103092768e+02 2.055420618556701129e+02
2.550000000000000000e+02 2.548432989690721513e+02 2.050286082474226816e+02
2.550000000000000000e+02 2.548433505154639249e+02 2.053200773195876252e+02
2.550000000000000000e+02 2.548828608247422665e+02 2.069313917525773263e+02
2.550000000000000000e+02 2.548852835051546322e+02 2.069919587628866111e+02
2.550000000000000000e+02 2.548737113402061993e+02 2.061104123711340321e+02
2.550000000000000000e+02 2.548856185567010186e+02 2.064465979381443219e+02
2.550000000000000000e+02 2.549013659793814384e+02 2.072892783505154739e+02
2.550000000000000000e+02 2.548913402061855606e+02 2.070416237113402076e+02
2.550000000000000000e+02 2.548893041237113266e+02 2.062855154639175339e+02
2.550000000000000000e+02 2.548957989690721604e+02 2.065629639175257637e+02
2.550000000000000000e+02 2.549051288659793784e+02 2.069877577319587658e+02
2.550000000000000000e+02 2.548970103092783575e+02 2.065148195876288639e+02
2.550000000000000000e+02 2.548881701030927900e+02 2.059911340206185457e+02
2.550000000000000000e+02 2.548943298969072089e+02 2.063725257731958891e+02
2.550000000000000000e+02 2.548944587628865861e+02 2.061510824742267971e+02
2.550000000000000000e+02 2.548866494845360933e+02 2.060373453608247303e+02
2.550000000000000000e+02 2.548915979381443435e+02 2.062022422680412319e+02
2.550000000000000000e+02 2.549063402061855754e+02 2.067376546391752470e+02
2.550000000000000000e+02 2.549086597938144223e+02 2.071370103092783381e+02
2.550000000000000000e+02 2.549017525773195985e+02 2.070275773195876354e+02
2.550000000000000000e+02 2.549101288659793738e+02 2.073009020618556804e+02
2.550000000000000000e+02 2.549196391752577426e+02 2.080871391752577324e+02
2.550000000000000000e+02 2.549272164948453678e+02 2.081356443298969054e+02
2.550000000000000000e+02 2.548990979381443367e+02 2.066482989690721581e+02
2.550000000000000000e+02 2.548811855670103057e+02 2.056411855670102966e+02
2.550000000000000000e+02 2.548944072164948409e+02 2.060146134020618547e+02
2.550000000000000000e+02 2.548935309278350587e+02 2.060769072164948454e+02
2.550000000000000000e+02 2.548821649484536067e+02 2.053908505154639101e+02
2.550000000000000000e+02 2.548801288659793727e+02 2.052874484536082491e+02
2.550000000000000000e+02 2.548835309278350394e+02 2.056325515463917384e+02
2.550000000000000000e+02 2.548845103092783404e+02 2.055860309278350542e+02
2.550000000000000000e+02 2.548957474226804152e+02 2.058173711340206182e+02
2.550000000000000000e+02 2.549004896907216562e+02 2.062133505154639295e+02
2.550000000000000000e+02 2.549094329896907141e+02 2.071348195876288685e+02
2.550000000000000000e+02 2.549046391752577279e+02 2.073749226804123680e+02
2.550000000000000000e+02 2.549065206185566979e+02 2.075808762886597947e+02
2.550000000000000000e+02 2.549181701030927911e+02 2.087792010309278226e+02
2.550000000000000000e+02 2.549223711340206080e+02 2.093431185567010289e+02
2.550000000000000000e+02 2.549266237113401985e+02 2.092835567010309319e+02
2.550000000000000000e+02 2.549267010309278305e+02 2.087989432989690783e+02
2.550000000000000000e+02 2.549315979381443356e+02 2.090370618556700890e+02
2.550000000000000000e+02 2.549313659793814395e+02 2.092044072164948432e+02
2.550000000000000000e+02 2.549280670103092916e+02 2.088635567010309160e+02
2.550000000000000000e+02 2.549313917525773263e+02 2.087040463917525699e+02
2.550000000000000000e+02 2.549317268041237128e+02 2.092135051546391651e+02
2.550000000000000000e+02 2.549320103092783540e+02 2.092974226804123816e+02
2.550000000000000000e+02 2.549152835051546333e+02 2.073440463917525847e+02
2.550000000000000000e+02 2.549029896907216539e+02 2.038690979381443356e+02
2.550000000000000000e+02 2.548813144329896829e+02 2.019524484536082412e+02
2.550000000000000000e+02 2.548674226804123748e+02 2.012207216494845454e+02
2.550000000000000000e+02 2.548576546391752515e+02 2.014061855670103114e+02
2.550000000000000000e+02 2.548664432989690738e+02 2.024215206185567126e+02
2.550000000000000000e+02 2.548829381443298985e+02 2.034123711340206171e+02
2.550000000000000000e+02 2.548849999999999909e+02 2.035173453608247485e+02
2.550000000000000000e+02 2.548969845360824706e+02 2.039235567010309182e+02
2.550000000000000000e+02 2.549200515463917611e+02 2.046695876288659690e+02
2.550000000000000000e+02 2.549247680412371153e+02 2.051990463917525744e+02
2.550000000000000000e+02 2.549312371134020623e+02 2.057123969072164869e+02
2.550000000000000000e+02 2.549347680412371062e+02 2.061596649484536101e+02
2.550000000000000000e+02 2.549459020618556622e+02 2.069003350515463922e+02
2.550000000000000000e+02 2.549478865979381510e+02 2.076476288659793852e+02
2.550000000000000000e+02 2.549441237113402110e+02 2.078470618556700913e+02
2.550000000000000000e+02 2.549477061855670001e+02 2.078279639175257785e+02
2.550000000000000000e+02 2.549505927835051580e+02 2.079103608247422699e+02
2.550000000000000000e+02 2.549536082474226930e+02 2.081768298969072077e+02
2.550000000000000000e+02 2.549531443298969009e+02 2.082445618556700992e+02
2.550000000000000000e+02 2.549530154639175237e+02 2.079552319587628801e+02
2.550000000000000000e+02 2.549534536082474290e+02 2.079353092783505019e+02
2.550000000000000000e+02 2.549565721649484544e+02 2.077809536082474153e+02
2.550000000000000000e+02 2.549565206185567092e+02 2.075048453608247314e+02
2.550000000000000000e+02 2.549533247422680518e+02 2.072632216494845352e+02
2.550000000000000000e+02 2.549592010309278294e+02 2.076444072164948409e+02
2.550000000000000000e+02 2.549617268041237139e+02 2.076344845360824820e+02
2.550000000000000000e+02 2.549454381443298985e+02 2.062101288659793852e+02
2.550000000000000000e+02 2.549270618556701038e+02 2.042841494845360728e+02
2.550000000000000000e+02 2.549146134020618604e+02 2.025739432989690840e+02
2.550000000000000000e+02 2.548758505154639238e+02 2.001880412371133957e+02
2.550000000000000000e+02 2.548561855670103000e+02 1.989561340206185491e+02
2.550000000000000000e+02 2.548607731958762770e+02 1.992438917525773263e+02
2.550000000000000000e+02 2.548904123711340333e+02 2.004898453608247451e+02
2.550000000000000000e+02 2.548989432989690727e+02 2.013230154639175282e+02
2.550000000000000000e+02 2.549098453608247326e+02 2.022989432989690783e+02
2.550000000000000000e+02 2.549385567010309330e+02 2.041132474226804163e+02
2.550000000000000000e+02 2.549386597938144234e+02 2.044909793814433101e+02
2.550000000000000000e+02 2.549363659793814350e+02 2.038295876288659656e+02
2.550000000000000000e+02 2.549355927835051432e+02 2.035648969072165073e+02
2.550000000000000000e+02 2.549357731958762940e+02 2.035149226804123828e+02
2.550000000000000000e+02 2.549352577319587567e+02 2.034106701030927695e+02
2.550000000000000000e+02 2.549323195876288537e+02 2.031909536082474119e+02
2.550000000000000000e+02 2.549390721649484419e+02 2.037139175257731836e+02
2.550000000000000000e+02 2.549505154639175259e+02 2.049514432989690818e+02
2.550000000000000000e+02 2.549528350515464012e+02 2.053668556701030923e+02
2.550000000000000000e+02 2.549524226804123828e+02 2.053505927835051637e+02
2.550000000000000000e+02 2.549585824742268017e+02 2.065238659793814406e+02
2.550000000000000000e+02 2.549616237113401951e+02 2.074463659793814543e+02
2.550000000000000000e+02 2.549696907216494708e+02 2.079427061855670047e+02
2.550000000000000000e+02 2.549689432989690658e+02 2.080088917525773127e+02
2.550000000000000000e+02 2.549705154639175362e+02 2.084604123711340264e+02
2.550000000000000000e+02 2.549729381443299019e+02 2.089108762886598072e+02
2.550000000000000000e+02 2.549700773195876309e+02 2.086626546391752584e+02
2.550000000000000000e+02 2.549635309278350519e+02 2.084213144329897034e+02
2.550000000000000000e+02 2.549649742268041166e+02 2.087903350515463785e+02
2.550000000000000000e+02 2.549616237113401951e+02 2.087037113402061834e+02
2.550000000000000000e+02 2.549610051546391674e+02 2.074257731958762747e+02
2.550000000000000000e+02 2.549600000000000080e+02 2.071498711340206285e+02
2.550000000000000000e+02 2.549571134020618501e+02 2.077265979381443231e+02
2.550000000000000000e+02 2.549670103092783506e+02 2.077205154639175362e+02
2.550000000000000000e+02 2.549656958762886632e+02 2.070949742268041120e+02
2.550000000000000000e+02 2.549662886597938041e+02 2.081771391752577358e+02
2.550000000000000000e+02 2.549695618556700936e+02 2.092829896907216494e+02
2.550000000000000000e+02 2.549694587628866032e+02 2.094694845360824615e+02
2.550000000000000000e+02 2.549671134020618695e+02 2.096049742268041314e+02
2.550000000000000000e+02 2.549729123711340151e+02 2.104737886597938257e+02
2.550000000000000000e+02 2.549796649484536033e+02 2.110352835051546379e+02
2.550000000000000000e+02 2.549801546391752538e+02 2.108050000000000068e+02
2.550000000000000000e+02 2.549782216494845386e+02 2.104963402061855788e+02
2.550000000000000000e+02 2.549801030927835086e+02 2.108863402061855652e+02
2.550000000000000000e+02 2.549811082474226680e+02 2.113234536082474335e+02
2.550000000000000000e+02 2.549805670103092723e+02 2.115336855670103091e+02
2.550000000000000000e+02 2.549832731958762793e+02 2.119745876288659758e+02
2.550000000000000000e+02 2.549852577319587681e+02 2.131316494845360694e+02
2.550000000000000000e+02 2.549892268041237173e+02 2.140959536082474131e+02
2.550000000000000000e+02 2.549891237113401985e+02 2.141575257731958857e+02
2.550000000000000000e+02 2.549889432989690761e+02 2.139628092783505053e+02
2.550000000000000000e+02 2.549905670103092916e+02 2.141053865979381499e+02
2.550000000000000000e+02 2.549903092783505087e+02 2.139451804123711440e+02
2.550000000000000000e+02 2.549898453608247451e+02 2.136678092783505178e+02
2.550000000000000000e+02 2.549873195876288605e+02 2.135825773195876423e+02
2.550000000000000000e+02 2.549882731958762747e+02 2.141965463917525767e+02
2.550000000000000000e+02 2.549880670103092655e+02 2.145912371134020589e+02
2.550000000000000000e+02 2.549862886597938143e+02 2.146906443298969123e+02
2.550000000000000000e+02 2.549864948453608235e+02 2.145787886597938154e+02
2.550000000000000000e+02 2.549880670103092655e+02 2.145006701030927729e+02
2.550000000000000000e+02 2.549888402061855572e+02 2.145910051546391628e+02
2.550000000000000000e+02 2.549858505154639090e+02 2.143617268041237196e+02
2.550000000000000000e+02 2.549857989690721638e+02 2.140726030927835097e+02
2.550000000000000000e+02 2.549872422680412285e+02 2.143521134020618604e+02
2.550000000000000000e+02 2.549881185567010391e+02 2.145906958762886632e+02
2.550000000000000000e+02 2.549869329896907288e+02 2.148390206185567024e+02
2.550000000000000000e+02 2.549872680412371153e+02 2.152024484536082412e+02
2.550000000000000000e+02 2.549911340206185457e+02 2.157685567010309171e+02
2.550000000000000000e+02 2.549910051546391685e+02 2.161003350515463808e+02
2.550000000000000000e+02 2.549909793814433101e+02 2.162111340206185446e+02
2.550000000000000000e+02 2.549910567010309137e+02 2.163214432989690863e+02
2.550000000000000000e+02 2.549897422680412262e+02 2.162668298969072112e+02
2.550000000000000000e+02 2.549902577319587635e+02 2.163584793814432885e+02
2.550000000000000000e+02 2.549912371134020646e+02 2.165747164948453474e+02
2.550000000000000000e+02 2.549940979381443356e+02 2.167845876288659781e+02
2.550000000000000000e+02 2.549940206185567035e+02 2.171260824742267914e+02
2.550000000000000000e+02 2.549955154639175134e+02 2.172232731958762884e+02
2.550000000000000000e+02 2.549959278350515604e+02 2.175432989690721683e+02
2.550000000000000000e+02 2.549960309278350508e+02 2.177847938144329873e+02
2.550000000000000000e+02 2.549953865979381362e+02 2.175939432989690658e+02
2.550000000000000000e+02 2.549934020618556758e+02 2.170829639175257739e+02
2.550000000000000000e+02 2.549920618556701015e+02 2.165050257731958823e+02
2.550000000000000000e+02 2.549942525773195996e+02 2.164341494845360785e+02
2.550000000000000000e+02 2.549931185567010345e+02 2.162715463917525653e+02
2.550000000000000000e+02 2.549927577319587613e+02 2.160638402061855743e+02
2.550000000000000000e+02 2.549925515463917520e+02 2.159021907216494753e+02
2.550000000000000000e+02 2.549929381443298837e+02 2.159401288659793750e+02
2.550000000000000000e+02 2.549937886597938075e+02 2.160771907216494867e+02
2.550000000000000000e+02 2.549939432989690715e+02 2.161866494845360762e+02
2.550000000000000000e+02 2.549942268041237128e+02 2.160994587628865986e+02
2.550000000000000000e+02 2.549922938144329976e+02 2.164634793814433067e+02
2.550000000000000000e+02 2.549920360824742147e+02 2.162252577319587488e+02
2.550000000000000000e+02 2.549918556701030923e+02 2.159254123711340299e+02
2.550000000000000000e+02 2.549902319587628767e+02 2.159171134020618581e+02
2.550000000000000000e+02 2.549899226804123771e+02 2.157138659793814384e+02
2.550000000000000000e+02 2.549904639175257728e+02 2.150706185567010209e+02
2.550000000000000000e+02 2.549893556701030946e+02 2.146895876288659792e+02
2.550000000000000000e+02 2.549880154639175203e+02 2.145124742268041302e+02
2.550000000000000000e+02 2.549885824742268028e+02 2.144360309278350485e+02
2.550000000000000000e+02 2.549878350515463978e+02 2.141038144329896795e+02
2.550000000000000000e+02 2.549876804123711338e+02 2.140727061855670001e+02
2.550000000000000000e+02 2.549893814432989814e+02 2.143361082474226862e+02
2.550000000000000000e+02 2.549905927835051500e+02 2.146377319587628847e+02
2.550000000000000000e+02 2.549901546391752447e+02 2.146256958762886597e+02
2.550000000000000000e+02 2.549902319587628767e+02 2.146702319587628836e+02
2.550000000000000000e+02 2.549912113402061777e+02 2.149782731958762838e+02
2.550000000000000000e+02 2.549899742268041223e+02 2.149063144329896886e+02
2.550000000000000000e+02 2.549882989690721615e+02 2.146422680412371164e+02
2.550000000000000000e+02 2.549879639175257751e+02 2.143088144329896920e+02
2.550000000000000000e+02 2.549862628865979275e+02 2.140917525773195962e+02
2.550000000000000000e+02 2.549848453608247496e+02 2.133356185567010357e+02
2.550000000000000000e+02 2.549844072164948443e+02 2.132102835051546492e+02
2.550000000000000000e+02 2.549848195876288628e+02 2.133314690721649356e+02
2.550000000000000000e+02 2.549850515463917588e+02 2.133103608247422756e+02
2.550000000000000000e+02 2.549851030927835041e+02 2.132513402061855743e+02
2.550000000000000000e+02 2.549842525773195803e+02 2.133958762886597924e+02
2.550000000000000000e+02 2.549860051546391730e+02 2.135780927835051557e+02
2.550000000000000000e+02 2.549865206185567104e+02 2.134669845360824638e+02
2.550000000000000000e+02 2.549879123711340299e+02 2.139727319587628926e+02
2.550000000000000000e+02 2.549923453608247428e+02 2.152281185567010198e+02
2.550000000000000000e+02 2.549949484536082593e+02 2.158719845360824650e+02
2.550000000000000000e+02 2.549958247422680415e+02 2.158746134020618683e+02
2.550000000000000000e+02 2.549946134020618445e+02 2.151291494845360717e+02
2.550000000000000000e+02 2.549919329896907243e+02 2.142879123711340128e+02
2.550000000000000000e+02 2.549927319587628745e+02 2.147242783505154762e+02
2.550000000000000000e+02 2.549927061855670161e+02 2.150161082474226930e+02
2.550000000000000000e+02 2.549937371134020623e+02 2.145952835051546401e+02
2.550000000000000000e+02 2.549927319587628745e+02 2.136879381443299053e+02
2.550000000000000000e+02 2.549922938144329976e+02 2.131603608247422699e+02
2.550000000000000000e+02 2.549916752577319699e+02 2.125691752577319562e+02
2.550000000000000000e+02 2.549902577319587635e+02 2.121144072164948398e+02
2.550000000000000000e+02 2.549889432989690761e+02 2.118775773195876297e+02
2.550000000000000000e+02 2.549859278350515410e+02 2.115064175257732018e+02
2.550000000000000000e+02 2.549860051546391730e+02 2.116210824742267960e+02
2.550000000000000000e+02 2.549858505154639090e+02 2.116677319587628858e+02
2.550000000000000000e+02 2.549858505154639090e+02 2.114900515463917543e+02
2.550000000000000000e+02 2.549845360824742215e+02 2.112645360824742227e+02
2.550000000000000000e+02 2.549851546391752493e+02 2.109961855670103148e+02
2.550000000000000000e+02 2.549849484536082400e+02 2.107536597938144212e+02
2.550000000000000000e+02 2.549827577319587704e+02 2.103871134020618570e+02
2.550000000000000000e+02 2.549828350515464024e+02 2.107739948453608179e+02
2.550000000000000000e+02 2.549852319587628813e+02 2.115953608247422721e+02
2.550000000000000000e+02 2.549862628865979275e+02 2.118613144329897011e+02
2.550000000000000000e+02 2.549891494845360853e+02 2.119637886597938063e+02
2.550000000000000000e+02 2.549894072164948398e+02 2.122661855670102966e+02
2.550000000000000000e+02 2.549906958762886688e+02 2.124529639175257785e+02
2.550000000000000000e+02 2.549916494845360830e+02 2.127254123711340128e+02
2.550000000000000000e+02 2.549945103092783540e+02 2.128459793814432999e+02
2.550000000000000000e+02 2.549952319587629006e+02 2.129935309278350530e+02
2.550000000000000000e+02 2.549946391752577313e+02 2.131496134020618456e+02
2.550000000000000000e+02 2.549944845360824672e+02 2.129376030927835188e+02
2.550000000000000000e+02 2.549942525773195996e+02 2.130097422680412365e+02
2.550000000000000000e+02 2.549950000000000045e+02 2.135339690721649504e+02
2.550000000000000000e+02 2.549951804123711270e+02 2.139394329896907152e+02
2.550000000000000000e+02 2.549951804123711270e+02 2.137343814432989575e+02
2.550000000000000000e+02 2.549960824742267960e+02 2.139208247422680529e+02
2.550000000000000000e+02 2.549961855670103148e+02 2.142459020618556735e+02
2.550000000000000000e+02 2.549968041237113425e+02 2.143623453608247473e+02
2.550000000000000000e+02 2.549966494845360785e+02 2.144324484536082593e+02
2.550000000000000000e+02 2.549968041237113425e+02 2.149345618556700970e+02
2.550000000000000000e+02 2.549968041237113425e+02 2.151614948453608349e+02
2.550000000000000000e+02 2.549963917525773240e+02 2.150122680412371210e+02
2.550000000000000000e+02 2.549965463917525881e+02 2.147063917525773320e+02
2.550000000000000000e+02 2.549966752577319653e+02 2.151185567010309398e+02
2.550000000000000000e+02 2.549967783505154557e+02 2.152847680412371005e+02
2.550000000000000000e+02 2.549960567010309376e+02 2.151735309278350599e+02
2.550000000000000000e+02 2.549957474226804095e+02 2.154579123711340287e+02
2.550000000000000000e+02 2.549957474226804095e+02 2.160605927835051432e+02
2.550000000000000000e+02 2.549959020618556735e+02 2.159764432989690590e+02
2.550000000000000000e+02 2.549941752577319676e+02 2.159027319587628995e+02
2.550000000000000000e+02 2.549946649484536181e+02 2.162497164948453587e+02
2.550000000000000000e+02 2.549951546391752686e+02 2.165506443298968975e+02
2.550000000000000000e+02 2.549942525773195996e+02 2.162052061855670217e+02
2.550000000000000000e+02 2.549938917525773263e+02 2.163433762886597833e+02
2.550000000000000000e+02 2.549948711340206273e+02 2.171818041237113448e+02
2.550000000000000000e+02 2.549978092783505019e+02 2.175522164948453678e+02
2.550000000000000000e+02 2.549954381443299098e+02 2.176527577319587579e+02
2.550000000000000000e+02 2.549953092783505042e+02 2.176091494845360899e+02
2.550000000000000000e+02 2.549969072164948329e+02 2.175426030927835086e+02
2.550000000000000000e+02 2.549966494845360785e+02 2.175141494845360910e+02
2.550000000000000000e+02 2.549963402061855788e+02 2.174306958762886666e+02
2.550000000000000000e+02 2.549961082474226828e+02 2.175553350515463933e+02
2.550000000000000000e+02 2.549969329896907198e+02 2.180244329896907232e+02
2.550000000000000000e+02 2.549969845360824650e+02 2.180138144329897045e+02
2.550000000000000000e+02 2.549964690721649561e+02 2.177375515463917566e+02
2.550000000000000000e+02 2.549971134020618422e+02 2.174088144329896863e+02
2.550000000000000000e+02 2.549973195876288798e+02 2.173447680412371028e+02
2.550000000000000000e+02 2.549964690721649561e+02 2.172786082474226816e+02
2.550000000000000000e+02 2.549958762886597867e+02 2.168407216494845500e+02
2.550000000000000000e+02 2.549965721649484465e+02 2.168309020618556815e+02
2.550000000000000000e+02 2.549971134020618422e+02 2.173598195876288628e+02
2.550000000000000000e+02 2.549968298969072293e+02 2.175937886597938018e+02
2.550000000000000000e+02 2.549968298969072293e+02 2.177775257731958902e+02
2.550000000000000000e+02 2.549972164948453610e+02 2.181670618556701129e+02
2.550000000000000000e+02 2.549978092783505019e+02 2.186422164948453712e+02
2.550000000000000000e+02 2.549959793814433056e+02 2.184915721649484510e+02
2.550000000000000000e+02 2.549955154639175134e+02 2.179914948453608190e+02
2.550000000000000000e+02 2.549959020618556735e+02 2.178558505154639136e+02
2.550000000000000000e+02 2.549958505154639283e+02 2.180112371134020748e+02
2.550000000000000000e+02 2.549952319587629006e+02 2.175459020618556565e+02
2.550000000000000000e+02 2.549935567010309398e+02 2.169102835051546379e+02
2.550000000000000000e+02 2.549939690721649583e+02 2.168371649484536192e+02
2.550000000000000000e+02 2.549939175257731847e+02 2.168142268041237060e+02
2.550000000000000000e+02 2.549944845360824672e+02 2.167277319587628881e+02
2.550000000000000000e+02 2.549934278350515342e+02 2.167101546391752436e+02
2.550000000000000000e+02 2.549943814432989768e+02 2.170298453608247371e+02
2.550000000000000000e+02 2.549943556701030900e+02 2.169120876288659758e+02
2.550000000000000000e+02 2.549910309278350553e+02 2.155889175257731836e+02
2.550000000000000000e+02 2.549856701030927866e+02 2.145760309278350633e+02
2.550000000000000000e+02 2.549833762886597981e+02 2.142750257731958641e+02
2.550000000000000000e+02 2.549831701030927888e+02 2.141988917525773104e+02
2.550000000000000000e+02 2.549818041237113277e+02 2.136640206185566910e+02
2.550000000000000000e+02 2.549785824742268119e+02 2.132298969072164994e+02
2.550000000000000000e+02 2.549751030927835131e+02 2.133408505154639272e+02
2.550000000000000000e+02 2.549764175257732006e+02 2.137180412371133968e+02
2.550000000000000000e+02 2.549764432989690590e+02 2.136510051546391651e+02
2.550000000000000000e+02 2.549748711340206171e+02 2.133372422680412512e+02
2.550000000000000000e+02 2.549756185567010220e+02 2.132953865979381476e+02
2.550000000000000000e+02 2.549777835051546333e+02 2.132198453608247348e+02
2.550000000000000000e+02 2.549786597938144439e+02 2.130170876288659656e+02
2.550000000000000000e+02 2.549799484536082446e+02 2.129813917525773093e+02
2.550000000000000000e+02 2.549846391752577404e+02 2.132824226804123668e+02
2.550000000000000000e+02 2.549824226804123839e+02 2.131798969072164880e+02
2.550000000000000000e+02 2.549822938144329783e+02 2.129655927835051443e+02
2.550000000000000000e+02 2.549822680412371199e+02 2.127955154639175248e+02
2.550000000000000000e+02 2.549850773195876172e+02 2.125188144329897000e+02
2.550000000000000000e+02 2.549849742268041268e+02 2.119247164948453701e+02
2.550000000000000000e+02 2.549833762886597981e+02 2.117844329896907141e+02
2.550000000000000000e+02 2.549875515463917566e+02 2.123457731958762906e+02
2.550000000000000000e+02 2.549874742268041246e+02 2.125703865979381533e+02
2.550000000000000000e+02 2.549882474226804163e+02 2.125648453608247337e+02
2.550000000000000000e+02 2.549874484536082377e+02 2.129078092783505269e+02
2.550000000000000000e+02 2.549841494845360899e+02 2.121782474226804140e+02
2.550000000000000000e+02 2.549786597938144439e+02 2.100147164948453735e+02
2.550000000000000000e+02 2.549727061855670058e+02 2.093152577319587522e+02
2.550000000000000000e+02 2.549729123711340151e+02 2.090699999999999932e+02
2.550000000000000000e+02 2.549745103092783438e+02 2.092605154639175282e+02
2.550000000000000000e+02 2.549768814432989643e+02 2.094640721649484476e+02
2.550000000000000000e+02 2.549778608247422653e+02 2.096589948453608372e+02
2.550000000000000000e+02 2.549776546391752561e+02 2.098613917525773331e+02
2.550000000000000000e+02 2.549803350515464047e+02 2.100814432989690772e+02
2.550000000000000000e+02 2.549809536082474324e+02 2.100397680412371244e+02
2.550000000000000000e+02 2.549787886597938211e+02 2.089222938144329760e+02
2.550000000000000000e+02 2.549786597938144439e+02 2.083555412371134139e+02
2.550000000000000000e+02 2.549828350515464024e+02 2.093328350515463967e+02
2.550000000000000000e+02 2.549858762886597958e+02 2.098147680412371017e+02
2.550000000000000000e+02 2.549871649484535965e+02 2.101592525773195916e+02
2.550000000000000000e+02 2.549882989690721615e+02 2.111612886597938257e+02
2.550000000000000000e+02 2.549899226804123771e+02 2.115227835051546492e+02
2.550000000000000000e+02 2.549868298969072100e+02 2.114432731958762872e+02
2.550000000000000000e+02 2.549927061855670161e+02 2.125867268041237139e+02
2.550000000000000000e+02 2.549952835051546458e+02 2.135896391752577301e+02
2.550000000000000000e+02 2.549955670103092871e+02 2.139994072164948591e+02
2.550000000000000000e+02 2.549955412371134003e+02 2.139641752577319664e+02
2.550000000000000000e+02 2.549963659793814372e+02 2.143573453608247519e+02
2.550000000000000000e+02 2.549977577319587567e+02 2.152977835051546265e+02
2.550000000000000000e+02 2.549971649484536158e+02 2.142661855670102966e+02
2.550000000000000000e+02 2.549890206185567081e+02 2.115126030927835075e+02
2.550000000000000000e+02 2.549894329896907266e+02 2.099576546391752458e+02
2.550000000000000000e+02 2.549891752577319721e+02 2.091915721649484396e+02
2.550000000000000000e+02 2.549808247422680552e+02 2.079115721649484669e+02
2.550000000000000000e+02 2.549767525773195871e+02 2.072803350515463876e+02
2.550000000000000000e+02 2.549785567010309251e+02 2.073546649484536033e+02
2.550000000000000000e+02 2.549780927835051614e+02 2.072120103092783552e+02
2.550000000000000000e+02 2.549756701030927957e+02 2.066378865979381487e+02
2.550000000000000000e+02 2.549736340206185616e+02 2.069492783505154705e+02
2.550000000000000000e+02 2.549814948453608281e+02 2.079477835051546322e+02
2.550000000000000000e+02 2.549796649484536033e+02 2.078645103092783586e+02
2.550000000000000000e+02 2.549796907216494901e+02 2.069649484536082582e+02
2.550000000000000000e+02 2.549747680412371267e+02 2.069113659793814293e+02
2.550000000000000000e+02 2.549730154639175339e+02 2.067485309278350485e+02
2.550000000000000000e+02 2.549728092783505247e+02 2.065147422680412319e+02
2.550000000000000000e+02 2.549712371134020543e+02 2.060311597938144246e+02
2.550000000000000000e+02 2.549747680412371267e+02 2.066645876288659736e+02
2.550000000000000000e+02 2.549768298969072191e+02 2.069705154639175362e+02
2.550000000000000000e+02 2.549722422680412421e+02 2.070584793814433056e+02
2.550000000000000000e+02 2.549732731958762884e+02 2.071123195876288605e+02
2.550000000000000000e+02 2.549736082474226748e+02 2.076362113402061880e+02
2.550000000000000000e+02 2.549773453608247564e+02 2.079730154639175339e+02
2.550000000000000000e+02 2.549777835051546333e+02 2.080340979381443276e+02
2.550000000000000000e+02 2.549777319587628881e+02 2.079507989690721672e+02
2.550000000000000000e+02 2.549794329896907357e+02 2.084661340206185685e+02
2.550000000000000000e+02 2.549819072164948466e+02 2.085497680412371153e+02
2.550000000000000000e+02 2.549840721649484578e+02 2.084503092783505167e+02
2.550000000000000000e+02 2.549816752577319505e+02 2.083192010309278430e+02
2.550000000000000000e+02 2.549829639175257796e+02 2.084520360824742227e+02
2.550000000000000000e+02 2.549830927835051568e+02 2.086590206185566956e+02
2.550000000000000000e+02 2.549774999999999920e+02 2.083211082474226714e+02
2.550000000000000000e+02 2.549827319587628836e+02 2.068773969072165073e+02
2.550000000000000000e+02 2.549832731958762793e+02 2.068997680412371096e+02
2.550000000000000000e+02 2.549787886597938211e+02 2.071336855670103034e+02
2.550000000000000000e+02 2.549681185567010289e+02 2.064576030927835006e+02
2.550000000000000000e+02 2.549672422680412467e+02 2.059649226804123714e+02
2.550000000000000000e+02 2.549734793814432976e+02 2.064308762886597890e+02
2.550000000000000000e+02 2.549705670103092814e+02 2.064802061855669990e+02
2.550000000000000000e+02 2.549643814432989757e+02 2.059643814432989757e+02
2.550000000000000000e+02 2.549679123711340196e+02 2.060119072164948477e+02
2.550000000000000000e+02 2.549712371134020543e+02 2.062610309278350655e+02
2.550000000000000000e+02 2.549694072164948579e+02 2.059258247422680483e+02
2.550000000000000000e+02 2.549694072164948579e+02 2.056512113402061743e+02
2.550000000000000000e+02 2.549767010309278419e+02 2.065919845360824638e+02
2.550000000000000000e+02 2.549788402061855663e+02 2.077936082474226680e+02
2.550000000000000000e+02 2.549777577319587749e+02 2.069487628865979332e+02
2.550000000000000000e+02 2.549751030927835131e+02 2.062775257731958902e+02
2.550000000000000000e+02 2.549756443298969089e+02 2.068956185567010380e+02
2.550000000000000000e+02 2.549707216494845454e+02 2.068709793814433056e+02
2.550000000000000000e+02 2.549676288659793784e+02 2.056784278350515365e+02
2.550000000000000000e+02 2.549654123711340219e+02 2.049673969072164823e+02
2.550000000000000000e+02 2.549635824742267971e+02 2.048901546391752504e+02
2.550000000000000000e+02 2.549634020618556747e+02 2.042843041237113368e+02
2.550000000000000000e+02 2.549534278350515422e+02 2.033555670103092723e+02
2.550000000000000000e+02 2.549571391752577370e+02 2.038344072164948386e+02
2.550000000000000000e+02 2.549647680412371074e+02 2.050664175257732040e+02
2.550000000000000000e+02 2.549645618556700981e+02 2.048887886597938177e+02
2.550000000000000000e+02 2.549624226804123737e+02 2.042930670103092723e+02
2.550000000000000000e+02 2.549682989690721513e+02 2.049681958762886609e+02
2.550000000000000000e+02 2.549712886597938279e+02 2.058091494845360785e+02
2.550000000000000000e+02 2.549735309278350428e+02 2.059882989690721615e+02
2.550000000000000000e+02 2.549742783505154762e+02 2.058299742268041257e+02
2.550000000000000000e+02 2.549791237113402076e+02 2.065683762886598061e+02
2.550000000000000000e+02 2.549810567010309228e+02 2.073603608247422585e+02
2.550000000000000000e+02 2.549816237113402053e+02 2.074705670103092814e+02
2.550000000000000000e+02 2.549800773195876218e+02 2.076775257731958675e+02
2.550000000000000000e+02 2.549818556701031014e+02 2.079336597938144280e+02
2.550000000000000000e+02 2.549820618556701106e+02 2.078944072164948409e+02
2.550000000000000000e+02 2.549789175257731983e+02 2.069562886597938132e+02
2.550000000000000000e+02 2.549784278350515478e+02 2.067938402061855641e+02
2.550000000000000000e+02 2.549752835051546356e+02 2.069874742268041246e+02
2.550000000000000000e+02 2.549732989690721752e+02 2.063717268041237105e+02
2.550000000000000000e+02 2.549754639175257864e+02 2.062018041237113266e+02
2.550000000000000000e+02 2.549782216494845386e+02 2.070739175257731972e+02
2.550000000000000000e+02 2.549754639175257864e+02 2.077670876288659656e+02
2.550000000000000000e+02 2.549758762886598049e+02 2.077364948453608235e+02
2.550000000000000000e+02 2.549823711340206103e+02 2.079237886597938143e+02
2.550000000000000000e+02 2.549839432989690806e+02 2.081887886597938007e+02
2.550000000000000000e+02 2.549843041237113539e+02 2.080252061855670149e+02
2.550000000000000000e+02 2.549828350515464024e+02 2.076669329896907357e+02
2.550000000000000000e+02 2.549826288659793931e+02 2.079937628865979491e+02
2.550000000000000000e+02 2.549845618556701083e+02 2.086453092783505099e+02
2.550000000000000000e+02 2.549833247422680529e+02 2.085247164948453644e+02
2.550000000000000000e+02 2.549819845360824786e+02 2.084514690721649401e+02
2.550000000000000000e+02 2.549835567010309205e+02 2.088797938144329862e+02
2.550000000000000000e+02 2.549876804123711338e+02 2.095411340206185571e+02
2.550000000000000000e+02 2.549859020618556826e+02 2.095097422680412365e+02
2.550000000000000000e+02 2.549855670103092677e+02 2.095357216494845431e+02
2.550000000000000000e+02 2.549868556701030968e+02 2.095851546391752436e+02
2.550000000000000000e+02 2.549867525773195780e+02 2.095010824742267914e+02
2.550000000000000000e+02 2.549877319587628790e+02 2.094934536082474210e+02
2.550000000000000000e+02 2.549869329896907288e+02 2.095206443298968964e+02
2.550000000000000000e+02 2.549904896907216596e+02 2.095065979381443242e+02
2.550000000000000000e+02 2.549904639175257728e+02 2.096487628865979502e+02
2.550000000000000000e+02 2.549919072164948375e+02 2.100857989690721581e+02
2.550000000000000000e+02 2.549904381443298860e+02 2.100063402061855697e+02
2.550000000000000000e+02 2.549917783505154603e+02 2.101054123711340083e+02
2.550000000000000000e+02 2.549922938144329976e+02 2.104359793814433033e+02
2.550000000000000000e+02 2.549922680412371108e+02 2.104575515463917554e+02
2.550000000000000000e+02 2.549930670103092893e+02 2.102673969072164937e+02
2.550000000000000000e+02 2.549930670103092893e+02 2.102972680412371176e+02
2.550000000000000000e+02 2.549929639175257705e+02 2.104058247422680381e+02
2.550000000000000000e+02 2.549929381443298837e+02 2.099402835051546390e+02
2.550000000000000000e+02 2.549914175257731870e+02 2.093472422680412421e+02
2.550000000000000000e+02 2.549910309278350553e+02 2.096113917525773331e+02
2.550000000000000000e+02 2.549909278350515365e+02 2.097866237113402121e+02
2.550000000000000000e+02 2.549897164948453678e+02 2.094297938144329976e+02
2.550000000000000000e+02 2.549889690721649345e+02 2.092506958762886597e+02
2.550000000000000000e+02 2.549900000000000091e+02 2.096314948453608338e+02
2.550000000000000000e+02 2.549907731958763009e+02 2.099435051546391833e+02
2.550000000000000000e+02 2.549901288659793863e+02 2.095813144329897000e+02
2.550000000000000000e+02 2.549931443298969214e+02 2.099582731958763020e+02
2.550000000000000000e+02 2.549939948453608167e+02 2.106434793814432851e+02
2.550000000000000000e+02 2.549931443298969214e+02 2.105892783505154569e+02
2.550000000000000000e+02 2.549926546391752709e+02 2.098283505154639101e+02
2.550000000000000000e+02 2.549951804123711270e+02 2.100923195876288787e+02
2.550000000000000000e+02 2.549958247422680415e+02 2.112624226804123850e+02
2.550000000000000000e+02 2.549973711340206250e+02 2.113145360824742340e+02
2.550000000000000000e+02 2.549972938144329930e+02 2.111896907216494981e+02
2.550000000000000000e+02 2.549978865979381339e+02 2.119941494845360808e+02
2.550000000000000000e+02 2.549981958762886620e+02 2.129838144329897034e+02
2.550000000000000000e+02 2.549982731958762940e+02 2.129203350515464024e+02
2.550000000000000000e+02 2.549982731958762940e+02 2.127306958762886495e+02
2.550000000000000000e+02 2.549984793814433033e+02 2.128671134020618467e+02
2.550000000000000000e+02 2.549989175257732086e+02 2.129955927835051455e+02
2.550000000000000000e+02 2.549981443298969168e+02 2.126805670103092893e+02
2.550000000000000000e+02 2.549982731958762940e+02 2.126446134020618501e+02
2.550000000000000000e+02 2.549986082474226805e+02 2.132654639175257785e+02
2.550000000000000000e+02 2.549989432989690670e+02 2.138522938144329828e+02
2.550000000000000000e+02 2.549989690721649538e+02 2.135764432989690818e+02
2.550000000000000000e+02 2.549989690721649538e+02 2.135004896907216505e+02
2.550000000000000000e+02 2.549992783505154534e+02 2.142789690721649549e+02
2.550000000000000000e+02 2.549994587628866043e+02 2.143636597938144348e+02
2.550000000000000000e+02 2.549987628865979445e+02 2.135722680412371233e+02
2.550000000000000000e+02 2.549987628865979445e+02 2.137506185567010277e+02
2.550000000000000000e+02 2.549989432989690670e+02 2.146388402061855629e+02
2.550000000000000000e+02 2.549995876288659815e+02 2.148129896907216505e+02
2.550000000000000000e+02 2.549992783505154534e+02 2.141493298969072043e+02
2.550000000000000000e+02 2.549991494845360762e+02 2.144067268041237071e+02
2.550000000000000000e+02 2.549996907216494719e+02 2.155329896907216494e+02
2.550000000000000000e+02 2.549996907216494719e+02 2.156996649484536022e+02
2.550000000000000000e+02 2.549994072164948591e+02 2.155519587628865850e+02
2.550000000000000000e+02 2.549996907216494719e+02 2.161513659793814384e+02
2.550000000000000000e+02 2.549996907216494719e+02 2.164670618556700958e+02
2.550000000000000000e+02 2.549995103092783495e+02 2.157420360824742147e+02
2.550000000000000000e+02 2.549996907216494719e+02 2.153612371134020691e+02
2.550000000000000000e+02 2.549996134020618683e+02 2.155043041237113357e+02
2.550000000000000000e+02 2.549996134020618683e+02 2.157269587628865963e+02
2.550000000000000000e+02 2.549994587628866043e+02 2.145640721649484419e+02
2.550000000000000000e+02 2.549992268041237082e+02 2.138331958762886700e+02
2.550000000000000000e+02 2.549993556701030855e+02 2.142757474226804106e+02
2.550000000000000000e+02 2.549995360824742363e+02 2.142968814432989575e+02
2.550000000000000000e+02 2.549994845360824627e+02 2.133113917525773218e+02
2.550000000000000000e+02 2.549989948453608122e+02 2.131335824742268130e+02
2.550000000000000000e+02 2.549992010309278214e+02 2.136836597938144280e+02
2.550000000000000000e+02 2.549994587628866043e+02 2.138147938144329885e+02
2.550000000000000000e+02 2.549993041237113403e+02 2.134583247422680472e+02
2.550000000000000000e+02 2.549995618556700947e+02 2.138037371134020646e+02
2.550000000000000000e+02 2.549997164948453587e+02 2.143861597938144428e+02
2.550000000000000000e+02 2.549996391752577267e+02 2.142638917525773081e+02
2.550000000000000000e+02 2.549997938144329908e+02 2.141203350515463910e+02
2.550000000000000000e+02 2.549997938144329908e+02 2.144054381443299064e+02
2.550000000000000000e+02 2.549998969072164812e+02 2.147674742268041257e+02
2.550000000000000000e+02 2.549998969072164812e+02 2.146637371134020498e+02
2.550000000000000000e+02 2.549998969072164812e+02 2.145984020618556656e+02
2.550000000000000000e+02 2.549999484536082548e+02 2.151613659793814293e+02
2.550000000000000000e+02 2.550000000000000000e+02 2.153890206185567138e+02
2.550000000000000000e+02 2.550000000000000000e+02 2.150413144329896795e+02
2.550000000000000000e+02 2.550000000000000000e+02 2.150140721649484590e+02
2.550000000000000000e+02 2.550000000000000000e+02 2.153467783505154500e+02
2.550000000000000000e+02 2.550000000000000000e+02 2.155040206185566944e+02
2.550000000000000000e+02 2.550000000000000000e+02 2.152586340206185582e+02
2.550000000000000000e+02 2.550000000000000000e+02 2.152122164948453644e+02
2.550000000000000000e+02 2.550000000000000000e+02 2.152735309278350542e+02
2.550000000000000000e+02 2.549999484536082548e+02 2.151885309278350462e+02
2.550000000000000000e+02 2.549999484536082548e+02 2.150933505154639249e+02
2.550000000000000000e+02 2.549999742268041132e+02 2.155956958762886586e+02
2.550000000000000000e+02 2.549998711340206228e+02 2.160321649484536124e+02
2.550000000000000000e+02 2.549998711340206228e+02 2.157640206185567138e+02
2.550000000000000000e+02 2.550000000000000000e+02 2.155157731958762781e+02
2.550000000000000000e+02 2.550000000000000000e+02 2.154824999999999875e+02
2.550000000000000000e+02 2.550000000000000000e+02 2.154409020618556667e+02
2.550000000000000000e+02 2.550000000000000000e+02 2.150806443298968986e+02
2.550000000000000000e+02 2.550000000000000000e+02 2.151834278350515604e+02
2.550000000000000000e+02 2.550000000000000000e+02 2.154033762886597856e+02
2.550000000000000000e+02 2.550000000000000000e+02 2.156132989690721615e+02
2.550000000000000000e+02 2.549996134020618683e+02 2.154675515463917463e+02
2.550000000000000000e+02 2.549997164948453587e+02 2.155220618556701027e+02
2.550000000000000000e+02 2.549997164948453587e+02 2.153893814432989586e+02
2.550000000000000000e+02 2.549996391752577267e+02 2.147142783505154569e+02
2.550000000000000000e+02 2.549996391752577267e+02 2.138157474226804027e+02
2.550000000000000000e+02 2.549995618556700947e+02 2.133724742268041155e+02
2.550000000000000000e+02 2.549995618556700947e+02 2.131177577319587613e+02
2.550000000000000000e+02 2.549996391752577267e+02 2.127276804123711429e+02
2.550000000000000000e+02 2.549995103092783495e+02 2.122690979381443412e+02
2.550000000000000000e+02 2.549996134020618683e+02 2.128080927835051455e+02
2.550000000000000000e+02 2.549994329896907175e+02 2.141558762886597833e+02
2.550000000000000000e+02 2.549994329896907175e+02 2.141212113402061732e+02
2.550000000000000000e+02 2.549994329896907175e+02 2.140768041237113266e+02
2.550000000000000000e+02 2.549994072164948591e+02 2.145294845360824638e+02
2.550000000000000000e+02 2.549995360824742363e+02 2.149625000000000057e+02
2.550000000000000000e+02 2.549997422680412456e+02 2.150727061855670001e+02
2.550000000000000000e+02 2.549998453608247360e+02 2.152219587628866009e+02
2.550000000000000000e+02 2.549999484536082548e+02 2.154265721649484533e+02
2.550000000000000000e+02 2.550000000000000000e+02 2.156536340206185685e+02
2.550000000000000000e+02 2.550000000000000000e+02 2.153971134020618479e+02
2.550000000000000000e+02 2.550000000000000000e+02 2.150755412371134128e+02
2.550000000000000000e+02 2.550000000000000000e+02 2.150114175257731972e+02
2.550000000000000000e+02 2.549998453608247360e+02 2.151738659793814463e+02
2.550000000000000000e+02 2.549999484536082548e+02 2.155685567010309285e+02
2.550000000000000000e+02 2.549999484536082548e+02 2.162742268041237139e+02
2.550000000000000000e+02 2.549999742268041132e+02 2.166389175257731949e+02
2.550000000000000000e+02 2.550000000000000000e+02 2.169431185567010232e+02
2.550000000000000000e+02 2.549997680412371039e+02 2.172124742268041189e+02
2.550000000000000000e+02 2.550000000000000000e+02 2.174750257731958811e+02
2.550000000000000000e+02 2.550000000000000000e+02 2.178064690721649583e+02
2.550000000000000000e+02 2.550000000000000000e+02 2.177454639175257682e+02
2.550000000000000000e+02 2.550000000000000000e+02 2.175418298969072168e+02
2.550000000000000000e+02 2.550000000000000000e+02 2.175342010309278464e+02
2.550000000000000000e+02 2.550000000000000000e+02 2.177170103092783506e+02
2.550000000000000000e+02 2.550000000000000000e+02 2.178355412371134037e+02
2.550000000000000000e+02 2.549999484536082548e+02 2.180202061855670195e+02
2.550000000000000000e+02 2.550000000000000000e+02 2.182156701030927763e+02
2.550000000000000000e+02 2.550000000000000000e+02 2.182389175257731893e+02
2.550000000000000000e+02 2.549998453608247360e+02 2.183051546391752709e+02
2.550000000000000000e+02 2.550000000000000000e+02 2.175185051546391719e+02
2.550000000000000000e+02 2.549998453608247360e+02 2.170913144329896909e+02
2.550000000000000000e+02 2.549999484536082548e+02 2.168938917525773320e+02
2.550000000000000000e+02 2.549999484536082548e+02 2.161586082474226771e+02
2.550000000000000000e+02 2.549999226804123680e+02 2.159242010309278328e+02
2.550000000000000000e+02 2.549998711340206228e+02 2.160262628865979480e+02
2.550000000000000000e+02 2.549998969072164812e+02 2.164172422680412353e+02
2.550000000000000000e+02 2.549999226804123680e+02 2.164387628865979423e+02
2.550000000000000000e+02 2.549997680412371039e+02 2.162394072164948398e+02
2.550000000000000000e+02 2.549998969072164812e+02 2.162824484536082537e+02
2.550000000000000000e+02 2.549999226804123680e+02 2.165832474226804152e+02
2.550000000000000000e+02 2.549997938144329908e+02 2.164652319587628995e+02
2.550000000000000000e+02 2.549998711340206228e+02 2.157122680412371096e+02
2.550000000000000000e+02 2.549998711340206228e+02 2.156752319587628790e+02
2.550000000000000000e+02 2.549999484536082548e+02 2.159605412371134037e+02
2.550000000000000000e+02 2.549998969072164812e+02 2.157599226804123589e+02
2.550000000000000000e+02 2.549995876288659815e+02 2.154581185567010380e+02
2.550000000000000000e+02 2.549995618556700947e+02 2.155057731958762872e+02
2.550000000000000000e+02 2.549996907216494719e+02 2.161848453608247382e+02
2.550000000000000000e+02 2.549998195876288776e+02 2.164552835051546253e+02
2.550000000000000000e+02 2.549996907216494719e+02 2.166130412371134071e+02
2.550000000000000000e+02 2.549998195876288776e+02 2.173953608247422551e+02
2.550000000000000000e+02 2.550000000000000000e+02 2.178702835051546458e+02
2.550000000000000000e+02 2.550000000000000000e+02 2.177484278350515581e+02
2.550000000000000000e+02 2.550000000000000000e+02 2.178600257731958720e+02
2.550000000000000000e+02 2.550000000000000000e+02 2.181109793814432862e+02
2.550000000000000000e+02 2.549998969072164812e+02 2.184361855670103125e+02
2.550000000000000000e+02 2.549998969072164812e+02 2.184249742268041246e+02
2.550000000000000000e+02 2.549998969072164812e+02 2.180753350515464035e+02
2.550000000000000000e+02 2.549999484536082548e+02 2.178904381443298917e+02
2.550000000000000000e+02 2.549999742268041132e+02 2.179300773195876388e+02
2.550000000000000000e+02 2.549996134020618683e+02 2.173349484536082343e+02
2.550000000000000000e+02 2.549993556701030855e+02 2.162810051546391890e+02
2.550000000000000000e+02 2.549995360824742363e+02 2.159358505154639261e+02
2.550000000000000000e+02 2.549994072164948591e+02 2.159822164948453747e+02
2.550000000000000000e+02 2.549990721649484442e+02 2.152257474226803993e+02
2.550000000000000000e+02 2.549992268041237082e+02 2.146833247422680415e+02
2.550000000000000000e+02 2.549995618556700947e+02 2.153569072164948466e+02
2.550000000000000000e+02 2.549994845360824627e+02 2.158028092783505087e+02
2.550000000000000000e+02 2.549996134020618683e+02 2.159038659793814361e+02
2.550000000000000000e+02 2.549997422680412456e+02 2.163588917525773070e+02
2.550000000000000000e+02 2.549998969072164812e+02 2.168874742268041302e+02
2.550000000000000000e+02 2.549997938144329908e+02 2.169769845360824831e+02
2.550000000000000000e+02 2.549999226804123680e+02 2.172667525773195791e+02
2.550000000000000000e+02 2.549998195876288776e+02 2.174772680412371244e+02
2.550000000000000000e+02 2.549999742268041132e+02 2.176761855670103216e+02
2.550000000000000000e+02 2.549999742268041132e+02 2.177381443298968975e+02
2.550000000000000000e+02 2.549999742268041132e+02 2.180749226804123850e+02
2.550000000000000000e+02 2.549999742268041132e+02 2.181337886597938223e+02
2.550000000000000000e+02 2.549999484536082548e+02 2.175694845360824843e+02
2.550000000000000000e+02 2.549999742268041132e+02 2.177431185567010345e+02
2.550000000000000000e+02 2.549999742268041132e+02 2.178307474226804175e+02
2.550000000000000000e+02 2.549999742268041132e+02 2.178254123711340071e+02
2.550000000000000000e+02 2.549999742268041132e+02 2.177893814432989643e+02
2.550000000000000000e+02 2.549999742268041132e+02 2.181859536082474165e+02
2.550000000000000000e+02 2.550000000000000000e+02 2.187298969072164994e+02
2.550000000000000000e+02 2.549999742268041132e+02 2.186885567010309330e+02
2.550000000000000000e+02 2.550000000000000000e+02 2.186820618556700992e+02
2.550000000000000000e+02 2.550000000000000000e+02 2.189933505154639306e+02
2.550000000000000000e+02 2.550000000000000000e+02 2.192188402061855754e+02
2.550000000000000000e+02 2.550000000000000000e+02 2.189671649484536147e+02
2.550000000000000000e+02 2.550000000000000000e+02 2.188755154639175373e+02
2.550000000000000000e+02 2.550000000000000000e+02 2.193217268041236991e+02
2.550000000000000000e+02 2.550000000000000000e+02 2.194880412371134071e+02
2.550000000000000000e+02 2.550000000000000000e+02 2.190275000000000034e+02
2.550000000000000000e+02 2.550000000000000000e+02 2.192178092783505292e+02
2.550000000000000000e+02 2.550000000000000000e+02 2.199580670103092643e+02
2.550000000000000000e+02 2.550000000000000000e+02 2.196472680412371119e+02
2.550000000000000000e+02 2.550000000000000000e+02 2.188522164948453508e+02
2.550000000000000000e+02 2.550000000000000000e+02 2.192823195876288764e+02
2.550000000000000000e+02 2.550000000000000000e+02 2.198282474226804197e+02
2.550000000000000000e+02 2.550000000000000000e+02 2.194531443298969009e+02
2.550000000000000000e+02 2.550000000000000000e+02 2.187490463917525858e+02
2.550000000000000000e+02 2.550000000000000000e+02 2.186908762886597799e+02
2.550000000000000000e+02 2.550000000000000000e+02 2.190392783505154739e+02
2.550000000000000000e+02 2.550000000000000000e+02 2.191821907216494765e+02
2.550000000000000000e+02 2.550000000000000000e+02 2.191771649484535942e+02
2.550000000000000000e+02 2.550000000000000000e+02 2.192341237113402030e+02
2.550000000000000000e+02 2.550000000000000000e+02 2.200672938144329862e+02
2.550000000000000000e+02 2.550000000000000000e+02 2.202284278350515478e+02
2.550000000000000000e+02 2.550000000000000000e+02 2.203344845360824706e+02
2.550000000000000000e+02 2.550000000000000000e+02 2.203099484536082571e+02
2.550000000000000000e+02 2.550000000000000000e+02 2.202393814432989814e+02
2.550000000000000000e+02 2.550000000000000000e+02 2.197088402061855561e+02
2.550000000000000000e+02 2.550000000000000000e+02 2.195163144329897023e+02
2.550000000000000000e+02 2.550000000000000000e+02 2.199324484536082593e+02
2.550000000000000000e+02 2.550000000000000000e+02 2.200305154639175385e+02
2.550000000000000000e+02 2.550000000000000000e+02 2.199182216494845363e+02
2.550000000000000000e+02 2.550000000000000000e+02 2.200487371134020691e+02
2.550000000000000000e+02 2.550000000000000000e+02 2.202584793814432942e+02
2.550000000000000000e+02 2.550000000000000000e+02 2.205267268041237116e+02
2.550000000000000000e+02 2.550000000000000000e+02 2.204518556701031002e+02
2.550000000000000000e+02 2.550000000000000000e+02 2.191744329896907288e+02
2.550000000000000000e+02 2.550000000000000000e+02 2.171911340206185628e+02
2.550000000000000000e+02 2.550000000000000000e+02 2.160544329896907243e+02
2.550000000000000000e+02 2.550000000000000000e+02 2.151506443298969202e+02
2.550000000000000000e+02 2.549999226804123680e+02 2.148309278350515399e+02
2.550000000000000000e+02 2.550000000000000000e+02 2.154649742268041166e+02
2.550000000000000000e+02 2.550000000000000000e+02 2.162247164948453531e+02
2.550000000000000000e+02 2.550000000000000000e+02 2.166407731958762781e+02
2.550000000000000000e+02 2.550000000000000000e+02 2.171169329896907243e+02
2.550000000000000000e+02 2.550000000000000000e+02 2.176938144329896829e+02
2.550000000000000000e+02 2.550000000000000000e+02 2.181050515463917634e+02
2.550000000000000000e+02 2.550000000000000000e+02 2.178887113402061857e+02
2.550000000000000000e+02 2.550000000000000000e+02 2.178940206185567092e+02
2.550000000000000000e+02 2.550000000000000000e+02 2.182468556701030877e+02
2.550000000000000000e+02 2.550000000000000000e+02 2.188254123711340071e+02
2.550000000000000000e+02 2.550000000000000000e+02 2.187079381443298871e+02
2.550000000000000000e+02 2.550000000000000000e+02 2.188293556701030980e+02
2.550000000000000000e+02 2.550000000000000000e+02 2.190797164948453712e+02
2.550000000000000000e+02 2.550000000000000000e+02 2.193544072164948489e+02
2.550000000000000000e+02 2.550000000000000000e+02 2.194950773195876366e+02
2.550000000000000000e+02 2.550000000000000000e+02 2.195548453608247428e+02
2.550000000000000000e+02 2.550000000000000000e+02 2.194607474226804129e+02
2.550000000000000000e+02 2.550000000000000000e+02 2.190123195876288662e+02
2.550000000000000000e+02 2.549999742268041132e+02 2.187326546391752515e+02
2.550000000000000000e+02 2.550000000000000000e+02 2.188417268041237094e+02
2.550000000000000000e+02 2.550000000000000000e+02 2.191516752577319664e+02
2.550000000000000000e+02 2.550000000000000000e+02 2.191255154639175373e+02
2.550000000000000000e+02 2.550000000000000000e+02 2.193696907216494765e+02
2.550000000000000000e+02 2.550000000000000000e+02 2.195589175257731824e+02
2.550000000000000000e+02 2.550000000000000000e+02 2.197853865979381567e+02
2.550000000000000000e+02 2.550000000000000000e+02 2.198956443298968964e+02
2.550000000000000000e+02 2.550000000000000000e+02 2.196990979381443196e+02
2.550000000000000000e+02 2.550000000000000000e+02 2.196887628865979423e+02
2.550000000000000000e+02 2.550000000000000000e+02 2.197997680412371153e+02
2.550000000000000000e+02 2.550000000000000000e+02 2.203649226804123771e+02
2.550000000000000000e+02 2.550000000000000000e+02 2.208168556701030809e+02
2.550000000000000000e+02 2.550000000000000000e+02 2.211647422680412376e+02
2.550000000000000000e+02 2.550000000000000000e+02 2.215024999999999977e+02
2.550000000000000000e+02 2.550000000000000000e+02 2.219163917525773115e+02
2.550000000000000000e+02 2.550000000000000000e+02 2.222398195876288582e+02
2.550000000000000000e+02 2.550000000000000000e+02 2.226733505154639090e+02
2.550000000000000000e+02 2.550000000000000000e+02 2.219174226804123577e+02
2.550000000000000000e+02 2.550000000000000000e+02 2.210152577319587692e+02
2.550000000000000000e+02 2.550000000000000000e+02 2.212454381443299098e+02
2.550000000000000000e+02 2.550000000000000000e+02 2.215175515463917577e+02
2.550000000000000000e+02 2.550000000000000000e+02 2.209580412371134059e+02
2.550000000000000000e+02 2.550000000000000000e+02 2.209523453608247507e+02
2.550000000000000000e+02 2.550000000000000000e+02 2.211785567010309137e+02
2.550000000000000000e+02 2.550000000000000000e+02 2.211677061855669990e+02
2.550000000000000000e+02 2.550000000000000000e+02 2.206370103092783381e+02
2.550000000000000000e+02 2.550000000000000000e+02 2.207854896907216471e+02
2.550000000000000000e+02 2.550000000000000000e+02 2.206905412371133934e+02
2.550000000000000000e+02 2.550000000000000000e+02 2.194133762886598049e+02
2.550000000000000000e+02 2.550000000000000000e+02 2.166353865979381510e+02
2.550000000000000000e+02 2.550000000000000000e+02 2.152810567010309342e+02
2.550000000000000000e+02 2.550000000000000000e+02 2.150055412371133912e+02
2.550000000000000000e+02 2.549999484536082548e+02 2.144168041237113300e+02
2.550000000000000000e+02 2.549999484536082548e+02 2.146069587628865918e+02
2.550000000000000000e+02 2.550000000000000000e+02 2.156007989690721729e+02
2.550000000000000000e+02 2.549995876288659815e+02 2.161170876288659883e+02
2.550000000000000000e+02 2.549994845360824627e+02 2.155146907216494867e+02
2.550000000000000000e+02 2.549996391752577267e+02 2.157544329896907129e+02
2.550000000000000000e+02 2.549998453608247360e+02 2.166406701030927877e+02
2.550000000000000000e+02 2.549998453608247360e+02 2.170600773195876343e+02
2.550000000000000000e+02 2.549998453608247360e+02 2.172037886597938154e+02
2.550000000000000000e+02 2.549998453608247360e+02 2.178336082474226885e+02
2.550000000000000000e+02 2.549999226804123680e+02 2.182284020618556610e+02
2.550000000000000000e+02 2.549999226804123680e+02 2.183197164948453519e+02
2.550000000000000000e+02 2.550000000000000000e+02 2.182013659793814497e+02
2.550000000000000000e+02 2.550000000000000000e+02 2.186912628865979400e+02
2.550000000000000000e+02 2.550000000000000000e+02 2.193951030927835006e+02
2.550000000000000000e+02 2.550000000000000000e+02 2.193756958762886597e+02
2.550000000000000000e+02 2.550000000000000000e+02 2.194638402061855800e+02
2.550000000000000000e+02 2.550000000000000000e+02 2.201195876288659861e+02
2.550000000000000000e+02 2.550000000000000000e+02 2.205836855670103205e+02
2.550000000000000000e+02 2.550000000000000000e+02 2.206609278350515524e+02
2.550000000000000000e+02 2.550000000000000000e+02 2.205714948453608315e+02
2.550000000000000000e+02 2.550000000000000000e+02 2.207311855670103000e+02
2.550000000000000000e+02 2.550000000000000000e+02 2.205547680412371108e+02
2.550000000000000000e+02 2.550000000000000000e+02 2.202760567010309387e+02
2.550000000000000000e+02 2.550000000000000000e+02 2.195252319587628733e+02
2.550000000000000000e+02 2.550000000000000000e+02 2.183303092783505122e+02
2.550000000000000000e+02 2.550000000000000000e+02 2.180512371134020668e+02
2.550000000000000000e+02 2.550000000000000000e+02 2.184164432989690852e+02
2.550000000000000000e+02 2.550000000000000000e+02 2.185853092783505076e+02
2.550000000000000000e+02 2.550000000000000000e+02 2.185910051546391628e+02
2.550000000000000000e+02 2.550000000000000000e+02 2.185640721649484419e+02
2.550000000000000000e+02 2.550000000000000000e+02 2.186750773195876150e+02
2.550000000000000000e+02 2.550000000000000000e+02 2.186210824742267960e+02
2.550000000000000000e+02 2.550000000000000000e+02 2.185047680412370994e+02
2.550000000000000000e+02 2.550000000000000000e+02 2.185039432989690624e+02
2.550000000000000000e+02 2.550000000000000000e+02 2.186206701030927775e+02
2.550000000000000000e+02 2.550000000000000000e+02 2.187704639175257739e+02
2.550000000000000000e+02 2.550000000000000000e+02 2.191782731958763009e+02
2.550000000000000000e+02 2.550000000000000000e+02 2.194487886597938200e+02
2.550000000000000000e+02 2.550000000000000000e+02 2.196019072164948511e+02
2.550000000000000000e+02 2.550000000000000000e+02 2.198495103092783438e+02
2.550000000000000000e+02 2.550000000000000000e+02 2.200165979381443435e+02
2.550000000000000000e+02 2.550000000000000000e+02 2.201982731958762827e+02
2.550000000000000000e+02 2.550000000000000000e+02 2.204270103092783586e+02
2.550000000000000000e+02 2.550000000000000000e+02 2.206235567010309353e+02
2.550000000000000000e+02 2.550000000000000000e+02 2.208429381443299064e+02
2.550000000000000000e+02 2.550000000000000000e+02 2.210252061855670149e+02
2.550000000000000000e+02 2.550000000000000000e+02 2.213092525773195973e+02
2.550000000000000000e+02 2.550000000000000000e+02 2.213821907216494935e+02
2.550000000000000000e+02 2.550000000000000000e+02 2.214811340206185548e+02
2.550000000000000000e+02 2.550000000000000000e+02 2.214868556701030968e+02
2.550000000000000000e+02 2.550000000000000000e+02 2.216020103092783415e+02
2.550000000000000000e+02 2.550000000000000000e+02 2.215341237113402144e+02
2.550000000000000000e+02 2.550000000000000000e+02 2.219902577319587635e+02
2.550000000000000000e+02 2.550000000000000000e+02 2.222137113402061743e+02
2.550000000000000000e+02 2.550000000000000000e+02 2.223065206185567035e+02
2.550000000000000000e+02 2.550000000000000000e+02 2.224154639175257842e+02
2.550000000000000000e+02 2.550000000000000000e+02 2.226786340206185457e+02
2.550000000000000000e+02 2.550000000000000000e+02 2.225737886597938200e+02
2.550000000000000000e+02 2.550000000000000000e+02 2.219172938144329805e+02
2.550000000000000000e+02 2.550000000000000000e+02 2.218149484536082525e+02
2.550000000000000000e+02 2.550000000000000000e+02 2.217348195876288628e+02
2.550000000000000000e+02 2.550000000000000000e+02 2.215842268041237162e+02
2.550000000000000000e+02 2.550000000000000000e+02 2.212253350515463808e+02
2.550000000000000000e+02 2.550000000000000000e+02 2.216360824742268107e+02
2.550000000000000000e+02 2.550000000000000000e+02 2.223065206185567035e+02
2.550000000000000000e+02 2.550000000000000000e+02 2.224025773195876354e+02
2.550000000000000000e+02 2.550000000000000000e+02 2.223394329896907209e+02
2.550000000000000000e+02 2.550000000000000000e+02 2.223807731958762872e+02
2.550000000000000000e+02 2.550000000000000000e+02 2.222831185567010266e+02
2.550000000000000000e+02 2.550000000000000000e+02 2.218698453608247405e+02
2.550000000000000000e+02 2.550000000000000000e+02 2.218350257731958663e+02
2.550000000000000000e+02 2.550000000000000000e+02 2.217890979381443231e+02
2.550000000000000000e+02 2.550000000000000000e+02 2.216410567010309194e+02
2.550000000000000000e+02 2.550000000000000000e+02 2.215582216494845227e+02
2.550000000000000000e+02 2.550000000000000000e+02 2.214115721649484669e+02
2.550000000000000000e+02 2.550000000000000000e+02 2.215486082474226919e+02
2.550000000000000000e+02 2.550000000000000000e+02 2.216384020618556576e+02
2.550000000000000000e+02 2.550000000000000000e+02 2.214702319587628949e+02
2.550000000000000000e+02 2.550000000000000000e+02 2.214375773195876320e+02
2.550000000000000000e+02 2.550000000000000000e+02 2.214835051546391753e+02
2.550000000000000000e+02 2.550000000000000000e+02 2.215972680412371005e+02
2.550000000000000000e+02 2.550000000000000000e+02 2.214792783505154716e+02
2.550000000000000000e+02 2.550000000000000000e+02 2.212254381443298996e+02
2.550000000000000000e+02 2.550000000000000000e+02 2.210952835051546401e+02
2.550000000000000000e+02 2.550000000000000000e+02 2.213642525773195757e+02
2.550000000000000000e+02 2.550000000000000000e+02 2.215074484536082480e+02
2.550000000000000000e+02 2.550000000000000000e+02 2.216462886597938109e+02
2.550000000000000000e+02 2.550000000000000000e+02 2.217957731958762793e+02
2.550000000000000000e+02 2.550000000000000000e+02 2.218704123711340230e+02
2.550000000000000000e+02 2.550000000000000000e+02 2.223016494845360853e+02
2.550000000000000000e+02 2.550000000000000000e+02 2.226382989690721672e+02
2.550000000000000000e+02 2.550000000000000000e+02 2.228112886597938029e+02
2.550000000000000000e+02 2.550000000000000000e+02 2.223896391752577415e+02
2.550000000000000000e+02 2.550000000000000000e+02 2.218051546391752709e+02
2.550000000000000000e+02 2.550000000000000000e+02 2.206242268041237082e+02
2.550000000000000000e+02 2.550000000000000000e+02 2.199585567010309148e+02
2.550000000000000000e+02 2.550000000000000000e+02 2.191415721649484567e+02
2.550000000000000000e+02 2.550000000000000000e+02 2.188509793814432953e+02
2.550000000000000000e+02 2.550000000000000000e+02 2.193057989690721570e+02
2.550000000000000000e+02 2.550000000000000000e+02 2.201074226804123839e+02
2.550000000000000000e+02 2.550000000000000000e+02 2.199603350515463944e+02
2.550000000000000000e+02 2.550000000000000000e+02 2.200954639175257626e+02
2.550000000000000000e+02 2.550000000000000000e+02 2.212231958762886563e+02
2.550000000000000000e+02 2.550000000000000000e+02 2.216159278350515365e+02
2.550000000000000000e+02 2.550000000000000000e+02 2.213610051546391730e+02
2.550000000000000000e+02 2.550000000000000000e+02 2.214696134020618672e+02
2.550000000000000000e+02 2.550000000000000000e+02 2.218892525773195814e+02
2.550000000000000000e+02 2.550000000000000000e+02 2.217046134020618524e+02
2.550000000000000000e+02 2.550000000000000000e+02 2.211389690721649401e+02
2.550000000000000000e+02 2.550000000000000000e+02 2.211187628865979491e+02
2.550000000000000000e+02 2.550000000000000000e+02 2.214565463917525676e+02
2.550000000000000000e+02 2.550000000000000000e+02 2.216376804123711395e+02
2.550000000000000000e+02 2.550000000000000000e+02 2.214927319587628745e+02
2.550000000000000000e+02 2.550000000000000000e+02 2.217721391752577347e+02
2.550000000000000000e+02 2.550000000000000000e+02 2.222856443298969111e+02
2.550000000000000000e+02 2.550000000000000000e+02 2.221231958762886620e+02
2.550000000000000000e+02 2.550000000000000000e+02 2.219967783505154557e+02
2.550000000000000000e+02 2.550000000000000000e+02 2.226848195876288798e+02
2.550000000000000000e+02 2.550000000000000000e+02 2.227180412371133968e+02
2.550000000000000000e+02 2.550000000000000000e+02 2.227200257731958857e+02
2.550000000000000000e+02 2.550000000000000000e+02 2.227490979381443310e+02
2.550000000000000000e+02 2.550000000000000000e+02 2.231061597938144416e+02
2.550000000000000000e+02 2.550000000000000000e+02 2.235778350515464012e+02
2.550000000000000000e+02 2.550000000000000000e+02 2.231915463917525813e+02
2.550000000000000000e+02 2.550000000000000000e+02 2.231427577319587670e+02
2.550000000000000000e+02 2.550000000000000000e+02 2.235053092783505235e+02
2.550000000000000000e+02 2.550000000000000000e+02 2.231709020618556565e+02
2.550000000000000000e+02 2.550000000000000000e+02 2.221578608247422721e+02
2.550000000000000000e+02 2.550000000000000000e+02 2.221943298969072202e+02
2.550000000000000000e+02 2.550000000000000000e+02 2.229245876288659929e+02
2.550000000000000000e+02 2.550000000000000000e+02 2.228195618556701163e+02
2.550000000000000000e+02 2.550000000000000000e+02 2.225151288659793920e+02
2.550000000000000000e+02 2.550000000000000000e+02 2.230460824742268073e+02
2.550000000000000000e+02 2.550000000000000000e+02 2.234568814432989825e+02
2.550000000000000000e+02 2.550000000000000000e+02 2.232604896907216414e+02
2.550000000000000000e+02 2.550000000000000000e+02 2.231967010309278407e+02
2.550000000000000000e+02 2.550000000000000000e+02 2.232937628865979320e+02
2.550000000000000000e+02 2.550000000000000000e+02 2.231818814432989768e+02
2.550000000000000000e+02 2.550000000000000000e+02 2.228767525773195928e+02
2.550000000000000000e+02 2.550000000000000000e+02 2.235005154639175373e+02
2.550000000000000000e+02 2.550000000000000000e+02 2.247131701030927786e+02
2.550000000000000000e+02 2.550000000000000000e+02 2.247849484536082514e+02
2.550000000000000000e+02 2.550000000000000000e+02 2.243880670103092712e+02
2.550000000000000000e+02 2.550000000000000000e+02 2.246523969072164846e+02
2.550000000000000000e+02 2.550000000000000000e+02 2.250264948453608156e+02
2.550000000000000000e+02 2.550000000000000000e+02 2.245714432989690863e+02
2.550000000000000000e+02 2.550000000000000000e+02 2.240598711340206250e+02
2.550000000000000000e+02 2.550000000000000000e+02 2.240032731958762895e+02
2.550000000000000000e+02 2.550000000000000000e+02 2.233251804123711395e+02
2.550000000000000000e+02 2.550000000000000000e+02 2.224354123711340208e+02
2.550000000000000000e+02 2.550000000000000000e+02 2.224587113402061789e+02
2.550000000000000000e+02 2.550000000000000000e+02 2.223017268041237173e+02
2.550000000000000000e+02 2.550000000000000000e+02 2.216119845360824741e+02
2.550000000000000000e+02 2.550000000000000000e+02 2.216367525773195837e+02
2.550000000000000000e+02 2.550000000000000000e+02 2.222573453608247291e+02
2.550000000000000000e+02 2.550000000000000000e+02 2.221338917525773127e+02
2.550000000000000000e+02 2.550000000000000000e+02 2.217258762886598049e+02
2.550000000000000000e+02 2.550000000000000000e+02 2.216495360824742136e+02
2.550000000000000000e+02 2.550000000000000000e+02 2.224488659793814520e+02
2.550000000000000000e+02 2.550000000000000000e+02 2.223940979381443412e+02
2.550000000000000000e+02 2.550000000000000000e+02 2.222209278350515547e+02
2.550000000000000000e+02 2.550000000000000000e+02 2.224083247422680358e+02
2.550000000000000000e+02 2.550000000000000000e+02 2.228873195876288662e+02
2.550000000000000000e+02 2.550000000000000000e+02 2.228489948453608349e+02
2.550000000000000000e+02 2.550000000000000000e+02 2.226408505154639101e+02
2.550000000000000000e+02 2.550000000000000000e+02 2.227546391752577222e+02
2.550000000000000000e+02 2.550000000000000000e+02 2.230525773195876411e+02
2.550000000000000000e+02 2.550000000000000000e+02 2.231006185567010220e+02
2.550000000000000000e+02 2.550000000000000000e+02 2.233362371134020634e+02
2.550000000000000000e+02 2.550000000000000000e+02 2.241144587628865850e+02
2.550000000000000000e+02 2.550000000000000000e+02 2.243838659793814543e+02
2.550000000000000000e+02 2.550000000000000000e+02 2.240800515463917577e+02
2.550000000000000000e+02 2.550000000000000000e+02 2.241200257731958629e+02
2.550000000000000000e+02 2.550000000000000000e+02 2.247651546391752504e+02
2.550000000000000000e+02 2.550000000000000000e+02 2.252382989690721615e+02
2.550000000000000000e+02 2.550000000000000000e+02 2.250446907216494878e+02
2.550000000000000000e+02 2.550000000000000000e+02 2.245530154639175180e+02
2.550000000000000000e+02 2.550000000000000000e+02 2.247009536082474312e+02
2.550000000000000000e+02 2.550000000000000000e+02 2.246285824742268176e+02
2.550000000000000000e+02 2.550000000000000000e+02 2.243564948453608281e+02
2.550000000000000000e+02 2.550000000000000000e+02 2.246866752577319630e+02
2.550000000000000000e+02 2.550000000000000000e+02 2.251242783505154534e+02
2.550000000000000000e+02 2.550000000000000000e+02 2.247744587628866100e+02
2.550000000000000000e+02 2.550000000000000000e+02 2.247660051546391742e+02
2.550000000000000000e+02 2.550000000000000000e+02 2.250152319587628824e+02
2.550000000000000000e+02 2.550000000000000000e+02 2.250379123711340128e+02
2.550000000000000000e+02 2.550000000000000000e+02 2.246148969072164903e+02
2.550000000000000000e+02 2.550000000000000000e+02 2.244752577319587488e+02
2.550000000000000000e+02 2.550000000000000000e+02 2.250029896907216482e+02
2.550000000000000000e+02 2.550000000000000000e+02 2.248698195876288537e+02
2.550000000000000000e+02 2.550000000000000000e+02 2.246297164948453542e+02
2.550000000000000000e+02 2.550000000000000000e+02 2.245191752577319448e+02
2.550000000000000000e+02 2.550000000000000000e+02 2.246735824742268051e+02
2.550000000000000000e+02 2.550000000000000000e+02 2.243449226804123668e+02
2.550000000000000000e+02 2.550000000000000000e+02 2.240684020618556644e+02
2.550000000000000000e+02 2.550000000000000000e+02 2.242165206185567001e+02
2.550000000000000000e+02 2.550000000000000000e+02 2.245303092783505292e+02
2.550000000000000000e+02 2.550000000000000000e+02 2.245429896907216403e+02
2.550000000000000000e+02 2.550000000000000000e+02 2.244953092783505042e+02
2.550000000000000000e+02 2.550000000000000000e+02 2.248499484536082491e+02
2.550000000000000000e+02 2.550000000000000000e+02 2.250604123711340208e+02
2.550000000000000000e+02 2.550000000000000000e+02 2.249171907216494901e+02
2.550000000000000000e+02 2.550000000000000000e+02 2.249110309278350428e+02
2.550000000000000000e+02 2.550000000000000000e+02 2.254947422680412501e+02
2.550000000000000000e+02 2.550000000000000000e+02 2.259114432989690613e+02
2.550000000000000000e+02 2.550000000000000000e+02 2.255303350515463876e+02
2.550000000000000000e+02 2.550000000000000000e+02 2.254293556701030923e+02
2.550000000000000000e+02 2.550000000000000000e+02 2.254325000000000045e+02
2.550000000000000000e+02 2.550000000000000000e+02 2.253818298969072202e+02
2.550000000000000000e+02 2.550000000000000000e+02 2.244168556701031036e+02
2.550000000000000000e+02 2.550000000000000000e+02 2.234822938144329783e+02
2.550000000000000000e+02 2.550000000000000000e+02 2.230056701030927968e+02
2.550000000000000000e+02 2.550000000000000000e+02 2.228747938144329908e+02
2.550000000000000000e+02 2.550000000000000000e+02 2.230858505154639033e+02
2.550000000000000000e+02 2.550000000000000000e+02 2.235477319587628813e+02
2.550000000000000000e+02 2.550000000000000000e+02 2.235682216494845420e+02
2.550000000000000000e+02 2.550000000000000000e+02 2.234626546391752697e+02
2.550000000000000000e+02 2.550000000000000000e+02 2.235861082474226862e+02
2.550000000000000000e+02 2.550000000000000000e+02 2.237608762886598015e+02
2.550000000000000000e+02 2.550000000000000000e+02 2.235912371134020589e+02
2.550000000000000000e+02 2.550000000000000000e+02 2.234957216494845227e+02
2.550000000000000000e+02 2.550000000000000000e+02 2.237321134020618558e+02
2.550000000000000000e+02 2.550000000000000000e+02 2.237126804123711281e+02
2.550000000000000000e+02 2.550000000000000000e+02 2.232890206185566910e+02
2.550000000000000000e+02 2.550000000000000000e+02 2.231510567010309387e+02
2.550000000000000000e+02 2.550000000000000000e+02 2.232959536082474301e+02
2.550000000000000000e+02 2.550000000000000000e+02 2.233560051546391776e+02
2.550000000000000000e+02 2.550000000000000000e+02 2.233431443298969157e+02
2.550000000000000000e+02 2.550000000000000000e+02 2.234817783505154694e+02
2.550000000000000000e+02 2.550000000000000000e+02 2.242594587628865952e+02
2.550000000000000000e+02 2.550000000000000000e+02 2.244105412371133923e+02
2.550000000000000000e+02 2.550000000000000000e+02 2.243426546391752652e+02
2.550000000000000000e+02 2.550000000000000000e+02 2.243680412371134025e+02
2.550000000000000000e+02 2.550000000000000000e+02 2.245400515463917657e+02
2.550000000000000000e+02 2.550000000000000000e+02 2.241852061855670115e+02
2.550000000000000000e+02 2.550000000000000000e+02 2.238565463917525733e+02
2.550000000000000000e+02 2.550000000000000000e+02 2.238738402061855766e+02
2.550000000000000000e+02 2.550000000000000000e+02 2.240415979381443208e+02
2.550000000000000000e+02 2.550000000000000000e+02 2.238752835051546413e+02
2.550000000000000000e+02 2.550000000000000000e+02 2.236871649484536135e+02
2.550000000000000000e+02 2.550000000000000000e+02 2.237607989690721695e+02
2.550000000000000000e+02 2.550000000000000000e+02 2.239558505154639079e+02
2.550000000000000000e+02 2.550000000000000000e+02 2.241440463917525676e+02
2.550000000000000000e+02 2.550000000000000000e+02 2.240772422680412319e+02
2.550000000000000000e+02 2.550000000000000000e+02 2.242036597938144382e+02
2.550000000000000000e+02 2.550000000000000000e+02 2.243589175257731938e+02
2.550000000000000000e+02 2.550000000000000000e+02 2.243770618556700924e+02
2.550000000000000000e+02 2.550000000000000000e+02 2.243220876288659724e+02
2.550000000000000000e+02 2.550000000000000000e+02 2.244747680412371267e+02
2.550000000000000000e+02 2.550000000000000000e+02 2.245206958762886700e+02
2.550000000000000000e+02 2.550000000000000000e+02 2.241518298969072305e+02
2.550000000000000000e+02 2.550000000000000000e+02 2.239217525773195803e+02
2.550000000000000000e+02 2.550000000000000000e+02 2.240979381443299019e+02
2.550000000000000000e+02 2.550000000000000000e+02 2.241627577319587488e+02
2.550000000000000000e+02 2.550000000000000000e+02 2.240145360824742227e+02
2.550000000000000000e+02 2.550000000000000000e+02 2.241639432989690590e+02
2.550000000000000000e+02 2.550000000000000000e+02 2.243377577319587601e+02
2.550000000000000000e+02 2.550000000000000000e+02 2.244961082474226828e+02
2.550000000000000000e+02 2.550000000000000000e+02 2.244986082474226805e+02
2.550000000000000000e+02 2.550000000000000000e+02 2.250696134020618615e+02
2.550000000000000000e+02 2.550000000000000000e+02 2.253552319587628858e+02
2.550000000000000000e+02 2.550000000000000000e+02 2.252937113402061868e+02
2.550000000000000000e+02 2.550000000000000000e+02 2.251425515463917577e+02
2.550000000000000000e+02 2.550000000000000000e+02 2.252281185567010198e+02
2.550000000000000000e+02 2.550000000000000000e+02 2.252510567010309330e+02
2.550000000000000000e+02 2.550000000000000000e+02 2.251160567010309137e+02
2.550000000000000000e+02 2.550000000000000000e+02 2.251058247422680552e+02
2.550000000000000000e+02 2.550000000000000000e+02 2.252221391752577233e+02
2.550000000000000000e+02 2.550000000000000000e+02 2.254434020618556644e+02
2.550000000000000000e+02 2.550000000000000000e+02 2.254544329896907300e+02
2.550000000000000000e+02 2.550000000000000000e+02 2.254184793814432908e+02
2.550000000000000000e+02 2.550000000000000000e+02 2.255593814432989745e+02
2.550000000000000000e+02 2.550000000000000000e+02 2.256494845360824684e+02
2.550000000000000000e+02 2.550000000000000000e+02 2.255827061855670195e+02
2.550000000000000000e+02 2.550000000000000000e+02 2.253572422680412330e+02
2.550000000000000000e+02 2.550000000000000000e+02 2.255218556701030934e+02
2.550000000000000000e+02 2.550000000000000000e+02 2.254985051546391617e+02
2.550000000000000000e+02 2.550000000000000000e+02 2.254133505154639181e+02
2.550000000000000000e+02 2.550000000000000000e+02 2.255796907216494844e+02
2.550000000000000000e+02 2.550000000000000000e+02 2.256212886597938052e+02
2.550000000000000000e+02 2.550000000000000000e+02 2.250673453608247314e+02
2.550000000000000000e+02 2.550000000000000000e+02 2.241307731958762872e+02
2.550000000000000000e+02 2.550000000000000000e+02 2.233030412371134048e+02
2.550000000000000000e+02 2.550000000000000000e+02 2.225847680412371119e+02
2.550000000000000000e+02 2.550000000000000000e+02 2.219601546391752436e+02
2.550000000000000000e+02 2.550000000000000000e+02 2.219343556701030877e+02
2.550000000000000000e+02 2.550000000000000000e+02 2.222865463917525801e+02
2.550000000000000000e+02 2.550000000000000000e+02 2.225807474226804175e+02
2.550000000000000000e+02 2.550000000000000000e+02 2.227916237113402076e+02
2.550000000000000000e+02 2.550000000000000000e+02 2.233226546391752549e+02
2.550000000000000000e+02 2.550000000000000000e+02 2.235448195876288651e+02
2.550000000000000000e+02 2.550000000000000000e+02 2.234172422680412353e+02
2.550000000000000000e+02 2.550000000000000000e+02 2.234177577319587726e+02
2.550000000000000000e+02 2.550000000000000000e+02 2.232608247422680279e+02
2.550000000000000000e+02 2.550000000000000000e+02 2.216260567010309330e+02
2.550000000000000000e+02 2.550000000000000000e+02 2.189602061855670172e+02
2.550000000000000000e+02 2.550000000000000000e+02 2.178057474226804118e+02
2.550000000000000000e+02 2.550000000000000000e+02 2.167401546391752447e+02
2.550000000000000000e+02 2.550000000000000000e+02 2.164312371134020623e+02
2.550000000000000000e+02 2.550000000000000000e+02 2.172753092783505053e+02
2.550000000000000000e+02 2.550000000000000000e+02 2.174962628865979468e+02
2.550000000000000000e+02 2.550000000000000000e+02 2.171619587628865986e+02
2.550000000000000000e+02 2.550000000000000000e+02 2.172574226804123612e+02
2.550000000000000000e+02 2.550000000000000000e+02 2.177850257731958834e+02
2.550000000000000000e+02 2.550000000000000000e+02 2.180465463917525710e+02
2.550000000000000000e+02 2.550000000000000000e+02 2.181803865979381385e+02
2.550000000000000000e+02 2.550000000000000000e+02 2.189494329896907345e+02
2.550000000000000000e+02 2.550000000000000000e+02 2.193090206185567013e+02
2.550000000000000000e+02 2.550000000000000000e+02 2.195243298969072043e+02
2.550000000000000000e+02 2.550000000000000000e+02 2.205261597938144291e+02
2.550000000000000000e+02 2.550000000000000000e+02 2.213159793814432987e+02
2.550000000000000000e+02 2.550000000000000000e+02 2.210619329896907175e+02
2.550000000000000000e+02 2.550000000000000000e+02 2.205778350515464012e+02
2.550000000000000000e+02 2.550000000000000000e+02 2.207426546391752709e+02
2.550000000000000000e+02 2.550000000000000000e+02 2.209103350515463831e+02
2.550000000000000000e+02 2.550000000000000000e+02 2.207002061855669979e+02
2.550000000000000000e+02 2.550000000000000000e+02 2.207085824742268017e+02
2.550000000000000000e+02 2.550000000000000000e+02 2.212441494845360808e+02
2.550000000000000000e+02 2.550000000000000000e+02 2.212349226804123816e+02
2.550000000000000000e+02 2.550000000000000000e+02 2.206770876288659906e+02
2.550000000000000000e+02 2.550000000000000000e+02 2.212919845360824809e+02
2.550000000000000000e+02 2.550000000000000000e+02 2.220045876288659770e+02
2.550000000000000000e+02 2.550000000000000000e+02 2.219433505154639192e+02
2.550000000000000000e+02 2.550000000000000000e+02 2.217271391752577188e+02
2.550000000000000000e+02 2.550000000000000000e+02 2.222653865979381465e+02
2.550000000000000000e+02 2.550000000000000000e+02 2.225963402061855732e+02
2.550000000000000000e+02 2.550000000000000000e+02 2.225396649484536056e+02
2.550000000000000000e+02 2.550000000000000000e+02 2.222610567010309239e+02
2.550000000000000000e+02 2.550000000000000000e+02 2.224374226804123680e+02
2.550000000000000000e+02 2.550000000000000000e+02 2.222681701030927854e+02
2.550000000000000000e+02 2.550000000000000000e+02 2.224557216494845306e+02
2.550000000000000000e+02 2.550000000000000000e+02 2.228265206185567138e+02
2.550000000000000000e+02 2.550000000000000000e+02 2.229306185567010345e+02
2.550000000000000000e+02 2.550000000000000000e+02 2.229600773195876400e+02
2.550000000000000000e+02 2.550000000000000000e+02 2.228090463917525881e+02
2.550000000000000000e+02 2.550000000000000000e+02 2.229240979381443424e+02
2.550000000000000000e+02 2.550000000000000000e+02 2.233842783505154728e+02
2.550000000000000000e+02 2.550000000000000000e+02 2.237069072164948409e+02
2.550000000000000000e+02 2.550000000000000000e+02 2.237737371134020634e+02
2.550000000000000000e+02 2.550000000000000000e+02 2.237121649484536192e+02
2.550000000000000000e+02 2.550000000000000000e+02 2.236998453608247530e+02
2.550000000000000000e+02 2.550000000000000000e+02 2.239048711340206239e+02
2.550000000000000000e+02 2.550000000000000000e+02 2.238300257731958709e+02
2.550000000000000000e+02 2.550000000000000000e+02 2.235034536082474119e+02
2.550000000000000000e+02 2.550000000000000000e+02 2.233651288659793863e+02
2.550000000000000000e+02 2.550000000000000000e+02 2.230398453608247564e+02
2.550000000000000000e+02 2.550000000000000000e+02 2.231831443298969191e+02
2.550000000000000000e+02 2.550000000000000000e+02 2.233702319587629006e+02
2.550000000000000000e+02 2.550000000000000000e+02 2.236461855670103205e+02
2.550000000000000000e+02 2.550000000000000000e+02 2.238986340206185446e+02
2.550000000000000000e+02 2.550000000000000000e+02 2.239263402061855572e+02
2.550000000000000000e+02 2.550000000000000000e+02 2.239663402061855777e+02
2.550000000000000000e+02 2.550000000000000000e+02 2.242768298969072305e+02
2.550000000000000000e+02 2.550000000000000000e+02 2.244115979381443253e+02
2.550000000000000000e+02 2.550000000000000000e+02 2.244046391752577279e+02
2.550000000000000000e+02 2.550000000000000000e+02 2.249155154639175294e+02
2.550000000000000000e+02 2.550000000000000000e+02 2.252989948453608235e+02
2.550000000000000000e+02 2.550000000000000000e+02 2.251864690721649538e+02
2.550000000000000000e+02 2.550000000000000000e+02 2.249505154639175259e+02
2.550000000000000000e+02 2.550000000000000000e+02 2.250757216494845352e+02
2.550000000000000000e+02 2.550000000000000000e+02 2.255122164948453474e+02
2.550000000000000000e+02 2.550000000000000000e+02 2.255273969072164846e+02
2.550000000000000000e+02 2.550000000000000000e+02 2.256655927835051614e+02
2.550000000000000000e+02 2.550000000000000000e+02 2.256736597938144371e+02
2.550000000000000000e+02 2.550000000000000000e+02 2.256789175257731870e+02
2.550000000000000000e+02 2.550000000000000000e+02 2.257352835051546265e+02
2.550000000000000000e+02 2.550000000000000000e+02 2.259004381443299110e+02
2.550000000000000000e+02 2.550000000000000000e+02 2.260845876288659895e+02
2.550000000000000000e+02 2.550000000000000000e+02 2.259821134020618558e+02
2.550000000000000000e+02 2.550000000000000000e+02 2.258867268041237253e+02
2.550000000000000000e+02 2.550000000000000000e+02 2.260599226804123703e+02
2.550000000000000000e+02 2.550000000000000000e+02 2.263181185567010232e+02
2.550000000000000000e+02 2.550000000000000000e+02 2.261426546391752481e+02
2.550000000000000000e+02 2.550000000000000000e+02 2.259915463917525642e+02
2.550000000000000000e+02 2.550000000000000000e+02 2.261785051546391685e+02
2.550000000000000000e+02 2.550000000000000000e+02 2.263050515463917520e+02
2.550000000000000000e+02 2.550000000000000000e+02 2.260540721649484510e+02
2.550000000000000000e+02 2.550000000000000000e+02 2.257085567010309148e+02
2.550000000000000000e+02 2.550000000000000000e+02 2.254479381443298962e+02
2.550000000000000000e+02 2.550000000000000000e+02 2.249076288659793761e+02
2.550000000000000000e+02 2.550000000000000000e+02 2.246450773195876423e+02
2.550000000000000000e+02 2.550000000000000000e+02 2.246713402061855618e+02
2.550000000000000000e+02 2.550000000000000000e+02 2.246610824742268164e+02
2.550000000000000000e+02 2.550000000000000000e+02 2.244912628865979514e+02
2.550000000000000000e+02 2.550000000000000000e+02 2.242351030927835041e+02
2.550000000000000000e+02 2.550000000000000000e+02 2.243285567010309194e+02
2.550000000000000000e+02 2.550000000000000000e+02 2.244422680412370994e+02
2.550000000000000000e+02 2.550000000000000000e+02 2.240758247422680540e+02
2.550000000000000000e+02 2.550000000000000000e+02 2.237091494845360842e+02
2.550000000000000000e+02 2.550000000000000000e+02 2.238347680412371119e+02
2.550000000000000000e+02 2.550000000000000000e+02 2.241134536082474256e+02
2.550000000000000000e+02 2.550000000000000000e+02 2.240514948453608213e+02
2.550000000000000000e+02 2.550000000000000000e+02 2.241234278350515581e+02
2.550000000000000000e+02 2.550000000000000000e+02 2.244345876288659838e+02
2.550000000000000000e+02 2.550000000000000000e+02 2.246954639175257853e+02
2.550000000000000000e+02 2.550000000000000000e+02 2.246801804123711293e+02
2.550000000000000000e+02 2.550000000000000000e+02 2.245177835051546253e+02
2.550000000000000000e+02 2.550000000000000000e+02 2.245735051546391787e+02
2.550000000000000000e+02 2.550000000000000000e+02 2.244668556701030866e+02
2.550000000000000000e+02 2.550000000000000000e+02 2.240548969072164880e+02
2.550000000000000000e+02 2.550000000000000000e+02 2.238115463917525858e+02
2.550000000000000000e+02 2.550000000000000000e+02 2.237258247422680313e+02
2.550000000000000000e+02 2.550000000000000000e+02 2.237648711340206091e+02
2.550000000000000000e+02 2.550000000000000000e+02 2.238925515463917577e+02
2.550000000000000000e+02 2.550000000000000000e+02 2.240281443298969180e+02
2.550000000000000000e+02 2.550000000000000000e+02 2.239606958762886677e+02
2.550000000000000000e+02 2.550000000000000000e+02 2.239140979381443231e+02
2.550000000000000000e+02 2.550000000000000000e+02 2.240759020618556576e+02
2.550000000000000000e+02 2.550000000000000000e+02 2.240876288659793829e+02
2.550000000000000000e+02 2.550000000000000000e+02 2.240612113402061993e+02
2.550000000000000000e+02 2.550000000000000000e+02 2.240814948453608224e+02
2.550000000000000000e+02 2.550000000000000000e+02 2.242210824742267903e+02
2.550000000000000000e+02 2.550000000000000000e+02 2.242893041237113323e+02
2.550000000000000000e+02 2.550000000000000000e+02 2.241385567010309217e+02
2.550000000000000000e+02 2.550000000000000000e+02 2.238665206185567058e+02
2.550000000000000000e+02 2.550000000000000000e+02 2.237366237113402008e+02
2.550000000000000000e+02 2.550000000000000000e+02 2.237436855670103171e+02
2.550000000000000000e+02 2.550000000000000000e+02 2.236967783505154728e+02
2.550000000000000000e+02 2.550000000000000000e+02 2.236545618556700958e+02
2.550000000000000000e+02 2.550000000000000000e+02 2.235477319587628813e+02
2.550000000000000000e+02 2.550000000000000000e+02 2.237933762886598004e+02
2.550000000000000000e+02 2.550000000000000000e+02 2.239391494845360739e+02
2.550000000000000000e+02 2.550000000000000000e+02 2.239821907216494878e+02
2.550000000000000000e+02 2.550000000000000000e+02 2.238347164948453667e+02
2.550000000000000000e+02 2.550000000000000000e+02 2.239061855670103114e+02
2.550000000000000000e+02 2.550000000000000000e+02 2.238165979381443265e+02
2.550000000000000000e+02 2.550000000000000000e+02 2.238105670103092848e+02
2.550000000000000000e+02 2.550000000000000000e+02 2.238623453608247473e+02
2.550000000000000000e+02 2.550000000000000000e+02 2.234118556701030798e+02
2.550000000000000000e+02 2.550000000000000000e+02 2.225176546391752481e+02
2.550000000000000000e+02 2.550000000000000000e+02 2.216312628865979377e+02
2.550000000000000000e+02 2.550000000000000000e+02 2.210145103092783643e+02
2.550000000000000000e+02 2.550000000000000000e+02 2.204813659793814509e+02
2.550000000000000000e+02 2.550000000000000000e+02 2.202057216494845306e+02
2.550000000000000000e+02 2.550000000000000000e+02 2.204741494845360705e+02
2.550000000000000000e+02 2.550000000000000000e+02 2.207214948453608372e+02
2.550000000000000000e+02 2.550000000000000000e+02 2.210218041237113482e+02
2.550000000000000000e+02 2.550000000000000000e+02 2.212244845360824854e+02
2.550000000000000000e+02 2.550000000000000000e+02 2.213145876288659792e+02
2.550000000000000000e+02 2.550000000000000000e+02 2.214814948453608281e+02
2.550000000000000000e+02 2.550000000000000000e+02 2.218145618556700924e+02
2.550000000000000000e+02 2.550000000000000000e+02 2.218557731958762815e+02
2.550000000000000000e+02 2.550000000000000000e+02 2.219622938144329964e+02
2.550000000000000000e+02 2.550000000000000000e+02 2.220814690721649356e+02
2.550000000000000000e+02 2.550000000000000000e+02 2.218974226804123759e+02
2.550000000000000000e+02 2.550000000000000000e+02 2.216784278350515365e+02
2.550000000000000000e+02 2.550000000000000000e+02 2.213230927835051602e+02
2.550000000000000000e+02 2.550000000000000000e+02 2.204245876288659929e+02
2.550000000000000000e+02 2.550000000000000000e+02 2.195993298969072214e+02
2.550000000000000000e+02 2.550000000000000000e+02 2.192545103092783449e+02
2.550000000000000000e+02 2.550000000000000000e+02 2.194373195876288776e+02
2.550000000000000000e+02 2.550000000000000000e+02 2.196058247422680552e+02
2.550000000000000000e+02 2.550000000000000000e+02 2.193040463917525642e+02
2.550000000000000000e+02 2.550000000000000000e+02 2.191992010309278385e+02
2.550000000000000000e+02 2.550000000000000000e+02 2.195341237113402144e+02
2.550000000000000000e+02 2.550000000000000000e+02 2.193640463917525665e+02
2.550000000000000000e+02 2.550000000000000000e+02 2.188182474226804004e+02
2.550000000000000000e+02 2.550000000000000000e+02 2.188008762886597935e+02
2.550000000000000000e+02 2.550000000000000000e+02 2.189457474226804266e+02
2.550000000000000000e+02 2.550000000000000000e+02 2.186703865979381476e+02
2.550000000000000000e+02 2.550000000000000000e+02 2.183536855670103023e+02
2.550000000000000000e+02 2.550000000000000000e+02 2.185767268041237230e+02
2.550000000000000000e+02 2.550000000000000000e+02 2.188224484536082457e+02
2.550000000000000000e+02 2.550000000000000000e+02 2.186436340206185491e+02
2.550000000000000000e+02 2.550000000000000000e+02 2.186699999999999875e+02
2.550000000000000000e+02 2.550000000000000000e+02 2.188098195876288798e+02
2.550000000000000000e+02 2.550000000000000000e+02 2.189019845360824661e+02
2.550000000000000000e+02 2.550000000000000000e+02 2.189153608247422653e+02
2.550000000000000000e+02 2.550000000000000000e+02 2.188898711340206091e+02
2.550000000000000000e+02 2.550000000000000000e+02 2.192831701030927718e+02
2.550000000000000000e+02 2.550000000000000000e+02 2.195644072164948568e+02
2.550000000000000000e+02 2.550000000000000000e+02 2.192129381443299110e+02
2.550000000000000000e+02 2.550000000000000000e+02 2.193661597938144325e+02
2.550000000000000000e+02 2.550000000000000000e+02 2.197540721649484396e+02
2.550000000000000000e+02 2.550000000000000000e+02 2.196312628865979377e+02
2.550000000000000000e+02 2.550000000000000000e+02 2.195281958762886632e+02
2.550000000000000000e+02 2.550000000000000000e+02 2.197672680412371164e+02
2.550000000000000000e+02 2.550000000000000000e+02 2.203704639175257682e+02
2.550000000000000000e+02 2.550000000000000000e+02 2.196692783505154694e+02
2.550000000000000000e+02 2.550000000000000000e+02 2.190715463917525767e+02
