2.550000000000000000e+02 2.426482561599809458e+02 1.696336448041899700e+02
2.550000000000000000e+02 2.424129270324961283e+02 1.694164236400428649e+02
2.550000000000000000e+02 2.423581270086894506e+02 1.698391262944887501e+02
2.550000000000000000e+02 2.425419444113796033e+02 1.699767884775621951e+02
2.550000000000000000e+02 2.427731371265325606e+02 1.701828056183787510e+02
2.550000000000000000e+02 2.430343113915010065e+02 1.705797077728841771e+02
2.550000000000000000e+02 2.432619331032020114e+02 1.708053505535055479e+02
2.550000000000000000e+02 2.432456403999523786e+02 1.707641798595405191e+02
2.550000000000000000e+02 2.432718872753243602e+02 1.707073562671110665e+02
2.550000000000000000e+02 2.429620729675038717e+02 1.704359153672182003e+02
2.550000000000000000e+02 2.416895756457564630e+02 1.689491875967146655e+02
2.550000000000000000e+02 2.403539608379954871e+02 1.676438519223901835e+02
2.550000000000000000e+02 2.396694143554338723e+02 1.672510117843114017e+02
2.550000000000000000e+02 2.395850196405189934e+02 1.672477234852993604e+02
2.550000000000000000e+02 2.394904029282228350e+02 1.672490030948696642e+02
2.550000000000000000e+02 2.394207386025473170e+02 1.671074723247232612e+02
2.550000000000000000e+02 2.395590852279490548e+02 1.673199619092965236e+02
2.550000000000000000e+02 2.397253451970003653e+02 1.674194143554338723e+02
2.550000000000000000e+02 2.398418491846208838e+02 1.673957713367456392e+02
2.550000000000000000e+02 2.400247143197238415e+02 1.674965331508153668e+02
2.550000000000000000e+02 2.401909445304130486e+02 1.676296869420307019e+02
2.550000000000000000e+02 2.402163730508272863e+02 1.675695452922271045e+02
2.550000000000000000e+02 2.399128228782287806e+02 1.672256279014403049e+02
2.550000000000000000e+02 2.395359183430543908e+02 1.668613706701583226e+02
2.550000000000000000e+02 2.394478038328770424e+02 1.668135787406261272e+02
2.550000000000000000e+02 2.394095940959409461e+02 1.668391560528508535e+02
2.550000000000000000e+02 2.392250773717414631e+02 1.665470182121175924e+02
2.550000000000000000e+02 2.391602190215450605e+02 1.663618616831329575e+02
2.550000000000000000e+02 2.393755356505178042e+02 1.665729377455064935e+02
2.550000000000000000e+02 2.395952118795381409e+02 1.668004701821211881e+02
2.550000000000000000e+02 2.397702059278657316e+02 1.668543774550648777e+02
2.550000000000000000e+02 2.400793655517200307e+02 1.672219229853588729e+02
2.550000000000000000e+02 2.403265831448637186e+02 1.676281692655636277e+02
2.550000000000000000e+02 2.403027169384596959e+02 1.675209201285561278e+02
2.550000000000000000e+02 2.403822461611712811e+02 1.676022943697178960e+02
2.550000000000000000e+02 2.406580020235686277e+02 1.680448607308653663e+02
2.550000000000000000e+02 2.407763659088203667e+02 1.682855612427092069e+02
2.550000000000000000e+02 2.404674294726818289e+02 1.680608112129508527e+02
2.550000000000000000e+02 2.395621503392453349e+02 1.673614004285204260e+02
2.550000000000000000e+02 2.385186733722175916e+02 1.666045857635995731e+02
2.550000000000000000e+02 2.374646768241875918e+02 1.657784489941673485e+02
2.550000000000000000e+02 2.364918313296036274e+02 1.649819366742054569e+02
2.550000000000000000e+02 2.362908879895250607e+02 1.646596982502083222e+02
2.550000000000000000e+02 2.361894863706701528e+02 1.644941673610284454e+02
2.550000000000000000e+02 2.361604422092607933e+02 1.644384150696345728e+02
2.550000000000000000e+02 2.360446226639685676e+02 1.642596565885013717e+02
2.550000000000000000e+02 2.361084841090346345e+02 1.642879716700392692e+02
2.550000000000000000e+02 2.363201404594691155e+02 1.645885608856088425e+02
2.550000000000000000e+02 2.363093828115700603e+02 1.646680305915962492e+02
2.550000000000000000e+02 2.360192387810974992e+02 1.641421854541125924e+02
2.550000000000000000e+02 2.357410724913700619e+02 1.639120194024521027e+02
2.550000000000000000e+02 2.354617605047018287e+02 1.636869420307106395e+02
2.550000000000000000e+02 2.349064545887394218e+02 1.629954916081418901e+02
2.550000000000000000e+02 2.345772973455541148e+02 1.625443697178907314e+02
2.550000000000000000e+02 2.348539162004523178e+02 1.627473812641352140e+02
2.550000000000000000e+02 2.352129359600047565e+02 1.631239882156885983e+02
2.550000000000000000e+02 2.353508362099750002e+02 1.632358945363647251e+02
2.550000000000000000e+02 2.354840792762766455e+02 1.633711314129270420e+02
2.550000000000000000e+02 2.357087549101297554e+02 1.637598500178550296e+02
2.550000000000000000e+02 2.357972265206523161e+02 1.639684858945363715e+02
2.550000000000000000e+02 2.360411855731460662e+02 1.639743631710510670e+02
2.550000000000000000e+02 2.362228157362218894e+02 1.643210332103321036e+02
2.550000000000000000e+02 2.364178371622425914e+02 1.642887602666349380e+02
2.550000000000000000e+02 2.363359719081061883e+02 1.639567313415069520e+02
2.550000000000000000e+02 2.362408344244732632e+02 1.635629835733841162e+02
2.550000000000000000e+02 2.363638406142125916e+02 1.637817372931793898e+02
2.550000000000000000e+02 2.364996875371979570e+02 1.637889834543506709e+02
2.550000000000000000e+02 2.361856921795024391e+02 1.637090078562075917e+02
2.550000000000000000e+02 2.353648375193429274e+02 1.631511873586477748e+02
2.550000000000000000e+02 2.340794548268063409e+02 1.625065914772050917e+02
2.550000000000000000e+02 2.325652749672657933e+02 1.614891530770146346e+02
2.550000000000000000e+02 2.313736311153434144e+02 1.606971640280918905e+02
2.550000000000000000e+02 2.307647899059635677e+02 1.602848768003809141e+02
2.550000000000000000e+02 2.306359510772527130e+02 1.602888941792643607e+02
2.550000000000000000e+02 2.305464081656945723e+02 1.602950839185811276e+02
2.550000000000000000e+02 2.305633555529103660e+02 1.603088620402332936e+02
2.550000000000000000e+02 2.306387781216521944e+02 1.603845226758719207e+02
2.550000000000000000e+02 2.308160338054993588e+02 1.604786632543744815e+02
2.550000000000000000e+02 2.311070408284728046e+02 1.606522289013212799e+02
2.550000000000000000e+02 2.311628228782287806e+02 1.607030264254255485e+02
2.550000000000000000e+02 2.311590138078800010e+02 1.607124003094869522e+02
2.550000000000000000e+02 2.311736102844899392e+02 1.607316986073086582e+02
2.550000000000000000e+02 2.309781573622187807e+02 1.604873080585644516e+02
2.550000000000000000e+02 2.306923729317938410e+02 1.602368468039519200e+02
2.550000000000000000e+02 2.307656975360076217e+02 1.603918283537674085e+02
2.550000000000000000e+02 2.309614629210808232e+02 1.606485091060588104e+02
2.550000000000000000e+02 2.309901202237828954e+02 1.605488334722057004e+02
2.550000000000000000e+02 2.309931555767170437e+02 1.606522884180454582e+02
2.550000000000000000e+02 2.312961254612546043e+02 1.609297256279014334e+02
2.550000000000000000e+02 2.315919235805261280e+02 1.612419354838709751e+02
2.550000000000000000e+02 2.315032287822878345e+02 1.611545946911082012e+02
2.550000000000000000e+02 2.315464081656945723e+02 1.610137483632900910e+02
2.550000000000000000e+02 2.317174889894060357e+02 1.612931049875014935e+02
2.550000000000000000e+02 2.315709290560647560e+02 1.611259820259492983e+02
2.550000000000000000e+02 2.312150041661707007e+02 1.607506546839661894e+02
2.550000000000000000e+02 2.307067610998690554e+02 1.602589423878109756e+02
2.550000000000000000e+02 2.302552523509106095e+02 1.598963813831686593e+02
2.550000000000000000e+02 2.297461760504701829e+02 1.595362308058564338e+02
2.550000000000000000e+02 2.292426496845613713e+02 1.590997500297583542e+02
2.550000000000000000e+02 2.292985656469467983e+02 1.590328532317581107e+02
2.550000000000000000e+02 2.294285501725985057e+02 1.592215063682894822e+02
2.550000000000000000e+02 2.292181436733722251e+02 1.590362308058564338e+02
2.550000000000000000e+02 2.282309546482561586e+02 1.581978187120580799e+02
2.550000000000000000e+02 2.268990149982145113e+02 1.572844453041304575e+02
2.550000000000000000e+02 2.252669771455778971e+02 1.565958814426853962e+02
2.550000000000000000e+02 2.239303207951434445e+02 1.559243691227234763e+02
2.550000000000000000e+02 2.232583025830258237e+02 1.556236311153434144e+02
2.550000000000000000e+02 2.229549309605999383e+02 1.554642453279371637e+02
2.550000000000000000e+02 2.228694947030115543e+02 1.556223663849541765e+02
2.550000000000000000e+02 2.227907689560766471e+02 1.556490001190334453e+02
2.550000000000000000e+02 2.228920515414831698e+02 1.558643167480061891e+02
2.550000000000000000e+02 2.232052285442209154e+02 1.560990358290679580e+02
2.550000000000000000e+02 2.235526723009165551e+02 1.559647809784549395e+02
2.550000000000000000e+02 2.236136174264968588e+02 1.557336775383882923e+02
2.550000000000000000e+02 2.235970717771693899e+02 1.556423044875610060e+02
2.550000000000000000e+02 2.236874628020473779e+02 1.557244524461373771e+02
2.550000000000000000e+02 2.235908969170336889e+02 1.557077431258183537e+02
2.550000000000000000e+02 2.232934918462087808e+02 1.555329425068444209e+02
2.550000000000000000e+02 2.231460689203666163e+02 1.553688400190453649e+02
2.550000000000000000e+02 2.231679859540530799e+02 1.554675187477681106e+02
2.550000000000000000e+02 2.234491132008094212e+02 1.558483662659207312e+02
2.550000000000000000e+02 2.234897036067134763e+02 1.556908403761457009e+02
2.550000000000000000e+02 2.236537912153314949e+02 1.557557880014284137e+02
2.550000000000000000e+02 2.239888406142125916e+02 1.558580079752410370e+02
2.550000000000000000e+02 2.243461195095821950e+02 1.560118884656588421e+02
2.550000000000000000e+02 2.243517587192000917e+02 1.558908165694560068e+02
2.550000000000000000e+02 2.245510207118200299e+02 1.560050142840138108e+02
2.550000000000000000e+02 2.248649565527913410e+02 1.560646798000238107e+02
2.550000000000000000e+02 2.251151946196881397e+02 1.561522586596833833e+02
2.550000000000000000e+02 2.251544012617545434e+02 1.561131561718842988e+02
2.550000000000000000e+02 2.250493096059992979e+02 1.559518956076657616e+02
2.550000000000000000e+02 2.254221818831091468e+02 1.560715837400309454e+02
2.550000000000000000e+02 2.259278359719081095e+02 1.565040024997024091e+02
2.550000000000000000e+02 2.259837965718366775e+02 1.564605552910367692e+02
2.550000000000000000e+02 2.262746548029996347e+02 1.565945571955719515e+02
2.550000000000000000e+02 2.270065170812998474e+02 1.571440155933817380e+02
2.550000000000000000e+02 2.276287495536245729e+02 1.575081537912153351e+02
2.550000000000000000e+02 2.277531543863825618e+02 1.576742500892750911e+02
2.550000000000000000e+02 2.278218069277467066e+02 1.576159088203785359e+02
2.550000000000000000e+02 2.276955868349006096e+02 1.577327252708010974e+02
2.550000000000000000e+02 2.263450630877276524e+02 1.572710837995476822e+02
2.550000000000000000e+02 2.247293328175217368e+02 1.564902838947744215e+02
2.550000000000000000e+02 2.235465867158671642e+02 1.560615849303654272e+02
2.550000000000000000e+02 2.231485239852398479e+02 1.559688132365194519e+02
2.550000000000000000e+02 2.230324068563266167e+02 1.560277943102011591e+02
2.550000000000000000e+02 2.232346595643375906e+02 1.563546155219616764e+02
2.550000000000000000e+02 2.234739614331627138e+02 1.564026306392096046e+02
2.550000000000000000e+02 2.235595613617426523e+02 1.559903285323175908e+02
2.550000000000000000e+02 2.238312105701702137e+02 1.557301362932984148e+02
2.550000000000000000e+02 2.243715182716343293e+02 1.558788239495298171e+02
2.550000000000000000e+02 2.247267140816569508e+02 1.558149773836448162e+02
2.550000000000000000e+02 2.246073086537317067e+02 1.556712444947030178e+02
2.550000000000000000e+02 2.244728008570408235e+02 1.559963694798238407e+02
2.550000000000000000e+02 2.241913016307582325e+02 1.563520414236400313e+02
2.550000000000000000e+02 2.239072283061540247e+02 1.563855790977264633e+02
2.550000000000000000e+02 2.238266872991310663e+02 1.564870402333055495e+02
2.550000000000000000e+02 2.238986876562314023e+02 1.566785650517795432e+02
2.550000000000000000e+02 2.241722265206523161e+02 1.568140995119628656e+02
2.550000000000000000e+02 2.242794310201166468e+02 1.567488840614212506e+02
2.550000000000000000e+02 2.244454380430901210e+02 1.567643881680752429e+02
2.550000000000000000e+02 2.247703100821330793e+02 1.570365879062016461e+02
2.550000000000000000e+02 2.253664593500773776e+02 1.574501696226639638e+02
2.550000000000000000e+02 2.256211016545649386e+02 1.573973485299369202e+02
2.550000000000000000e+02 2.258543179383406709e+02 1.573324306630163107e+02
2.550000000000000000e+02 2.262364004285204260e+02 1.574061272467563413e+02
2.550000000000000000e+02 2.265538775145815862e+02 1.574438310915367083e+02
2.550000000000000000e+02 2.266076657540768906e+02 1.573503005594571960e+02
2.550000000000000000e+02 2.266455035114867371e+02 1.572716492084275615e+02
2.550000000000000000e+02 2.268879448875133846e+02 1.573571747411022557e+02
2.550000000000000000e+02 2.270529401261754572e+02 1.576018331151053360e+02
2.550000000000000000e+02 2.269076002856802745e+02 1.574218099035828971e+02
2.550000000000000000e+02 2.268757290798714337e+02 1.573100970122604565e+02
2.550000000000000000e+02 2.270859719081061883e+02 1.577642542554457918e+02
2.550000000000000000e+02 2.272926586120699994e+02 1.581679859540530799e+02
2.550000000000000000e+02 2.265207564575645733e+02 1.579479823830496343e+02
2.550000000000000000e+02 2.248322074753005495e+02 1.571363528151410662e+02
2.550000000000000000e+02 2.235861206999166768e+02 1.565369003690036891e+02
2.550000000000000000e+02 2.225299517914533851e+02 1.560224824425663712e+02
2.550000000000000000e+02 2.219485775502916454e+02 1.554162897274134139e+02
2.550000000000000000e+02 2.217539281037971648e+02 1.551070854660159455e+02
2.550000000000000000e+02 2.218622187834781698e+02 1.549554517319366767e+02
2.550000000000000000e+02 2.219289072729436896e+02 1.550160099988096647e+02
2.550000000000000000e+02 2.220472562790143911e+02 1.550928312105701821e+02
2.550000000000000000e+02 2.222257766932507934e+02 1.552865432686585052e+02
2.550000000000000000e+02 2.225715242233067386e+02 1.554534430424949392e+02
2.550000000000000000e+02 2.225495625520771341e+02 1.553030294012617674e+02
2.550000000000000000e+02 2.222465926675395735e+02 1.550542494941078360e+02
2.550000000000000000e+02 2.218273271039161898e+02 1.547823622187834758e+02
2.550000000000000000e+02 2.215445482680633233e+02 1.546900071420068912e+02
2.550000000000000000e+02 2.214595583859064334e+02 1.546645637424116160e+02
2.550000000000000000e+02 2.215494435186287205e+02 1.547038745387453957e+02
2.550000000000000000e+02 2.217004374479228659e+02 1.547902928222830496e+02
2.550000000000000000e+02 2.217370402333055495e+02 1.548846417093203058e+02
2.550000000000000000e+02 2.219980061897393284e+02 1.550816123080585669e+02
2.550000000000000000e+02 2.225221848589453657e+02 1.553297672896083839e+02
2.550000000000000000e+02 2.230261873586477748e+02 1.554983335317224089e+02
2.550000000000000000e+02 2.232030264254255485e+02 1.556144209022735367e+02
2.550000000000000000e+02 2.234165129151291467e+02 1.555971312938935966e+02
2.550000000000000000e+02 2.237072223544816154e+02 1.555432091417688412e+02
2.550000000000000000e+02 2.241486578978692989e+02 1.556858260921318902e+02
2.550000000000000000e+02 2.244270771336745725e+02 1.557460272586596943e+02
2.550000000000000000e+02 2.245827728841804571e+02 1.557934025711224990e+02
2.550000000000000000e+02 2.248840763004404266e+02 1.564063950720152434e+02
2.550000000000000000e+02 2.250713903106772875e+02 1.569200839185811276e+02
2.550000000000000000e+02 2.250113081775978969e+02 1.571582400904654264e+02
2.550000000000000000e+02 2.252010474943459144e+02 1.572117605047018287e+02
2.550000000000000000e+02 2.256086924175693298e+02 1.575732055707653956e+02
2.550000000000000000e+02 2.257406558743006713e+02 1.572714111415307627e+02
2.550000000000000000e+02 2.256984287584811284e+02 1.569839453636471944e+02
2.550000000000000000e+02 2.251964647065825602e+02 1.563533359123913726e+02
2.550000000000000000e+02 2.236159980954648177e+02 1.556203874538745424e+02
2.550000000000000000e+02 2.222060617783597252e+02 1.548624122128317993e+02
2.550000000000000000e+02 2.207835079157243285e+02 1.542493453160338106e+02
2.550000000000000000e+02 2.201562760385668298e+02 1.539233127008689337e+02
2.550000000000000000e+02 2.200692774669682308e+02 1.538921110582073482e+02
2.550000000000000000e+02 2.201806034995833841e+02 1.539176437328889335e+02
2.550000000000000000e+02 2.202596565885013717e+02 1.539958338293060365e+02
2.550000000000000000e+02 2.204311391501011883e+02 1.538846565885013717e+02
2.550000000000000000e+02 2.209083591239138116e+02 1.537904267349125007e+02
2.550000000000000000e+02 2.211969110820140543e+02 1.536278865611236881e+02
2.550000000000000000e+02 2.213631859302464022e+02 1.534280591596238423e+02
2.550000000000000000e+02 2.214704797047970430e+02 1.533559546482561586e+02
2.550000000000000000e+02 2.216511129627425305e+02 1.538329663135341150e+02
2.550000000000000000e+02 2.219016783716224381e+02 1.542665307701464030e+02
2.550000000000000000e+02 2.219712236638495426e+02 1.544084930365432626e+02
2.550000000000000000e+02 2.221295083918581099e+02 1.546222324723247254e+02
2.550000000000000000e+02 2.224516575407689629e+02 1.548848351386739637e+02
2.550000000000000000e+02 2.226359510772527130e+02 1.550156677776455183e+02
2.550000000000000000e+02 2.227298833472205786e+02 1.549418521604571026e+02
2.550000000000000000e+02 2.230367218188310972e+02 1.550685930246399380e+02
2.550000000000000000e+02 2.235141501011784442e+02 1.553468783478157320e+02
2.550000000000000000e+02 2.237644923223425906e+02 1.554541870015474387e+02
2.550000000000000000e+02 2.238477710986787201e+02 1.556662748482323479e+02
2.550000000000000000e+02 2.241691614093560361e+02 1.559747946673015235e+02
2.550000000000000000e+02 2.243989554814903045e+02 1.561962415188667990e+02
2.550000000000000000e+02 2.244425961195095738e+02 1.561656648018092994e+02
2.550000000000000000e+02 2.244752410427330176e+02 1.561553386501607008e+02
2.550000000000000000e+02 2.247631829544101834e+02 1.565491161766456401e+02
2.550000000000000000e+02 2.249420902273538729e+02 1.567059427449113116e+02
2.550000000000000000e+02 2.248637364599452440e+02 1.566458606118319210e+02
2.550000000000000000e+02 2.247950392810379583e+02 1.564394417331270120e+02
2.550000000000000000e+02 2.248332638971550921e+02 1.563343947149148789e+02
2.550000000000000000e+02 2.248354957743125908e+02 1.563239197714557918e+02
2.550000000000000000e+02 2.247344214974407919e+02 1.561864063801928353e+02
2.550000000000000000e+02 2.244231043923342384e+02 1.560335674324485069e+02
2.550000000000000000e+02 2.231497887156290858e+02 1.553909058445423170e+02
2.550000000000000000e+02 2.213919920247589630e+02 1.545843947149148789e+02
2.550000000000000000e+02 2.200117099154862501e+02 1.540176764670872558e+02
2.550000000000000000e+02 2.195077371741459444e+02 1.537391977145578039e+02
2.550000000000000000e+02 2.194844512558028669e+02 1.536699946434948174e+02
2.550000000000000000e+02 2.195056838471610661e+02 1.536301333174621959e+02
2.550000000000000000e+02 2.196410695155338715e+02 1.537974199500059456e+02
2.550000000000000000e+02 2.199467027734793589e+02 1.540226014760147564e+02
2.550000000000000000e+02 2.203806094512557934e+02 1.540586834900607016e+02
2.550000000000000000e+02 2.207345554100702429e+02 1.541431526008808532e+02
2.550000000000000000e+02 2.208477264611355793e+02 1.540219467920485670e+02
2.550000000000000000e+02 2.210407987144387505e+02 1.541511724794667373e+02
2.550000000000000000e+02 2.211131115343411579e+02 1.540948994167360979e+02
2.550000000000000000e+02 2.208185186287346653e+02 1.538973038923937509e+02
2.550000000000000000e+02 2.204461968813236581e+02 1.536371414117367067e+02
2.550000000000000000e+02 2.201527794310201216e+02 1.533400488037138416e+02
2.550000000000000000e+02 2.200217980002380784e+02 1.533722919890489322e+02
2.550000000000000000e+02 2.198540352339007313e+02 1.531935186287346653e+02
2.550000000000000000e+02 2.195846179026306402e+02 1.528700452327103960e+02
2.550000000000000000e+02 2.196250595167242068e+02 1.528043685275562495e+02
2.550000000000000000e+02 2.195736519461968896e+02 1.527491965242232936e+02
2.550000000000000000e+02 2.198332043804309137e+02 1.527939531008213407e+02
2.550000000000000000e+02 2.203430990358290558e+02 1.531835346982502131e+02
2.550000000000000000e+02 2.207326955124389940e+02 1.535851237947863410e+02
2.550000000000000000e+02 2.209255743363885358e+02 1.537205689798833532e+02
2.550000000000000000e+02 2.212111950958219211e+02 1.538975865968337189e+02
2.550000000000000000e+02 2.213609242947268285e+02 1.540674324485180477e+02
2.550000000000000000e+02 2.211644000714200615e+02 1.536951999761933223e+02
2.550000000000000000e+02 2.209679651231996331e+02 1.534840643970955796e+02
2.550000000000000000e+02 2.211467831210570125e+02 1.535031395072015243e+02
2.550000000000000000e+02 2.214171080823711577e+02 1.535917152719914327e+02
2.550000000000000000e+02 2.214805082728246646e+02 1.534047286037376523e+02
2.550000000000000000e+02 2.214706284966075600e+02 1.537046631353410362e+02
2.550000000000000000e+02 2.213213754314962500e+02 1.537676913462682933e+02
2.550000000000000000e+02 2.201103886442090243e+02 1.535057284847042069e+02
2.550000000000000000e+02 2.185687418164504265e+02 1.530482829425068303e+02
2.550000000000000000e+02 2.173217622902035373e+02 1.525705421973574687e+02
2.550000000000000000e+02 2.167127722890132020e+02 1.519509730984406701e+02
2.550000000000000000e+02 2.167314605404118595e+02 1.518000535650517691e+02
2.550000000000000000e+02 2.168323711462921040e+02 1.515953011546244511e+02
2.550000000000000000e+02 2.170709885727889628e+02 1.515817759790501214e+02
2.550000000000000000e+02 2.171480776098083538e+02 1.514769223901916462e+02
2.550000000000000000e+02 2.175620313057969213e+02 1.522793863825735059e+02
2.550000000000000000e+02 2.185878466849184747e+02 1.532550589215569516e+02
2.550000000000000000e+02 2.191557403880490540e+02 1.538335317224139942e+02
2.550000000000000000e+02 2.194154267349125007e+02 1.539876651589096639e+02
2.550000000000000000e+02 2.196882513986430183e+02 1.543468485894536286e+02
2.550000000000000000e+02 2.198226699202475913e+02 1.543044131650993904e+02
2.550000000000000000e+02 2.197222056897988409e+02 1.541024877990715254e+02
2.550000000000000000e+02 2.199379984525651821e+02 1.541128734674443592e+02
2.550000000000000000e+02 2.203829901202237807e+02 1.543028954886323163e+02
2.550000000000000000e+02 2.208259879776217076e+02 1.544905814783954270e+02
2.550000000000000000e+02 2.209537852636590856e+02 1.542870937983573469e+02
2.550000000000000000e+02 2.214121235567194503e+02 1.543994464944649394e+02
2.550000000000000000e+02 2.219989584573264949e+02 1.543355106534936283e+02
2.550000000000000000e+02 2.224205154148315557e+02 1.544815795738602446e+02
2.550000000000000000e+02 2.225126175455303041e+02 1.545253094869658241e+02
2.550000000000000000e+02 2.228790024997024091e+02 1.549344125699321637e+02
2.550000000000000000e+02 2.232396589691703355e+02 1.553899535769551221e+02
2.550000000000000000e+02 2.233047405070824993e+02 1.554286245685037500e+02
2.550000000000000000e+02 2.229386680157124090e+02 1.554728454945839644e+02
2.550000000000000000e+02 2.228401529579811893e+02 1.552996667063444818e+02
2.550000000000000000e+02 2.230096417093203058e+02 1.553586180216640855e+02
2.550000000000000000e+02 2.229338620402332936e+02 1.553423401975955187e+02
2.550000000000000000e+02 2.224211700987977736e+02 1.550357993096060056e+02
2.550000000000000000e+02 2.214041631948577447e+02 1.547215956433757924e+02
2.550000000000000000e+02 2.203659385787406393e+02 1.542398821568860967e+02
2.550000000000000000e+02 2.191636709915486279e+02 1.539493512677062199e+02
2.550000000000000000e+02 2.183075675514819523e+02 1.535641739078681098e+02
2.550000000000000000e+02 2.183294250684442375e+02 1.534393078204975609e+02
2.550000000000000000e+02 2.186130222592548478e+02 1.536473782882990236e+02
2.550000000000000000e+02 2.186689679800023782e+02 1.536264432805618299e+02
2.550000000000000000e+02 2.187955600523747250e+02 1.536302225925485061e+02
2.550000000000000000e+02 2.192657124151886592e+02 1.537363706701583226e+02
2.550000000000000000e+02 2.198281752172360370e+02 1.539766992024758849e+02
2.550000000000000000e+02 2.197107487203904270e+02 1.537199440542792388e+02
2.550000000000000000e+02 2.195242828234733850e+02 1.535829216759909457e+02
2.550000000000000000e+02 2.195485507677657324e+02 1.535508421616474095e+02
2.550000000000000000e+02 2.194426258778716772e+02 1.535877276514700611e+02
2.550000000000000000e+02 2.191780442804428048e+02 1.534307374122128351e+02
2.550000000000000000e+02 2.190667926437328958e+02 1.534217057493155494e+02
2.550000000000000000e+02 2.193808177597904887e+02 1.536623913819783240e+02
2.550000000000000000e+02 2.197963337697892996e+02 1.537270711820021347e+02
2.550000000000000000e+02 2.200198339483394818e+02 1.537680484466135056e+02
2.550000000000000000e+02 2.202107040828472861e+02 1.539571628377574086e+02
2.550000000000000000e+02 2.206165039876205185e+02 1.540735031543863727e+02
2.550000000000000000e+02 2.208870074991072556e+02 1.543145012498512187e+02
2.550000000000000000e+02 2.208868735864778046e+02 1.541092578264492374e+02
2.550000000000000000e+02 2.210750505892155786e+02 1.542503868587072873e+02
2.550000000000000000e+02 2.214132246161171338e+02 1.544243988810855797e+02
2.550000000000000000e+02 2.215055052969884457e+02 1.544431615283894814e+02
2.550000000000000000e+02 2.216386739673848467e+02 1.544862813950720124e+02
2.550000000000000000e+02 2.217134418521604573e+02 1.546345821925961275e+02
2.550000000000000000e+02 2.219931406975360062e+02 1.548727978812046047e+02
2.550000000000000000e+02 2.221924473276990852e+02 1.549741399833353057e+02
2.550000000000000000e+02 2.217905308891798484e+02 1.549059784549458527e+02
2.550000000000000000e+02 2.205957475300559452e+02 1.544039251279609459e+02
2.550000000000000000e+02 2.198275502916319510e+02 1.542694768479942979e+02
2.550000000000000000e+02 2.193497649089394201e+02 1.544493959052493892e+02
2.550000000000000000e+02 2.186895161290322562e+02 1.542324872039042987e+02
2.550000000000000000e+02 2.183542881799785675e+02 1.540422419950006088e+02
2.550000000000000000e+02 2.185025294607784758e+02 1.542034876800380800e+02
2.550000000000000000e+02 2.185510951077252741e+02 1.541844572074753046e+02
2.550000000000000000e+02 2.184014254255445735e+02 1.540747381264135356e+02
2.550000000000000000e+02 2.184633525770741471e+02 1.541975657659802437e+02
2.550000000000000000e+02 2.188829454826806398e+02 1.544096387334841154e+02
2.550000000000000000e+02 2.189808504939888110e+02 1.542409088203785359e+02
2.550000000000000000e+02 2.187370551124866154e+02 1.542225479109629873e+02
2.550000000000000000e+02 2.184841090346387205e+02 1.541036186168313407e+02
2.550000000000000000e+02 2.183601505773122256e+02 1.541023836448041777e+02
2.550000000000000000e+02 2.180581924770860667e+02 1.539603767408641772e+02
2.550000000000000000e+02 2.180097161052255785e+02 1.539461522437804888e+02
2.550000000000000000e+02 2.181908552553267384e+02 1.538354064992262806e+02
2.550000000000000000e+02 2.185949291750982013e+02 1.537489584573264949e+02
2.550000000000000000e+02 2.187583174622068896e+02 1.538739584573264949e+02
2.550000000000000000e+02 2.190285829067967995e+02 1.536914801809308528e+02
2.550000000000000000e+02 2.192512498512082004e+02 1.537610849898821641e+02
2.550000000000000000e+02 2.198690185692179568e+02 1.545181674800618907e+02
2.550000000000000000e+02 2.202059725032734150e+02 1.550634745863587796e+02
2.550000000000000000e+02 2.203190840376145729e+02 1.552197208665635060e+02
2.550000000000000000e+02 2.207153910248779880e+02 1.554799726223068603e+02
2.550000000000000000e+02 2.214739614331627138e+02 1.562119836924175615e+02
2.550000000000000000e+02 2.216588352577074090e+02 1.561857368170455800e+02
2.550000000000000000e+02 2.215744405427925301e+02 1.560326598024044813e+02
2.550000000000000000e+02 2.219105761218902444e+02 1.561147184858945423e+02
2.550000000000000000e+02 2.222252261635519517e+02 1.563702535412450914e+02
2.550000000000000000e+02 2.222096922985358844e+02 1.562897125342221045e+02
2.550000000000000000e+02 2.222013153196048165e+02 1.561364718485894514e+02
2.550000000000000000e+02 2.221889655993334145e+02 1.560841715271991461e+02
2.550000000000000000e+02 2.209590971312939018e+02 1.554997916914653047e+02
2.550000000000000000e+02 2.190913879300083238e+02 1.547209707177717064e+02
2.550000000000000000e+02 2.177087846684918588e+02 1.541657689560766471e+02
2.550000000000000000e+02 2.173044429234614938e+02 1.539937953815021956e+02
2.550000000000000000e+02 2.170908374003094821e+02 1.539577728841804571e+02
2.550000000000000000e+02 2.170538179978574078e+02 1.540665099392929278e+02
2.550000000000000000e+02 2.173807582430663103e+02 1.543540798714438722e+02
2.550000000000000000e+02 2.178030591596238423e+02 1.546109689322699694e+02
2.550000000000000000e+02 2.177469497678847858e+02 1.542431704558981096e+02
2.550000000000000000e+02 2.177983870967742064e+02 1.539370313057969213e+02
2.550000000000000000e+02 2.182499851208189625e+02 1.538863081775978969e+02
2.550000000000000000e+02 2.183913373407927736e+02 1.537742233067492066e+02
2.550000000000000000e+02 2.181558594214974391e+02 1.535335376740864319e+02
2.550000000000000000e+02 2.178198279966670725e+02 1.533870372574693590e+02
2.550000000000000000e+02 2.178160933222235371e+02 1.533883317462207003e+02
2.550000000000000000e+02 2.178815914772050917e+02 1.534174205451732007e+02
2.550000000000000000e+02 2.178299012022378349e+02 1.533892691346268293e+02
2.550000000000000000e+02 2.179692596119509460e+02 1.534408403761457009e+02
2.550000000000000000e+02 2.184749732174741155e+02 1.537803832877038417e+02
2.550000000000000000e+02 2.189071390310677430e+02 1.539632781811689028e+02
2.550000000000000000e+02 2.191997827639566765e+02 1.540569723842399696e+02
2.550000000000000000e+02 2.194441137959766763e+02 1.540748274014998174e+02
2.550000000000000000e+02 2.198611623616236272e+02 1.542652660397571651e+02
2.550000000000000000e+02 2.201109689322699694e+02 1.543491995000595125e+02
2.550000000000000000e+02 2.201592965123199690e+02 1.542613379359600003e+02
2.550000000000000000e+02 2.204801065349363114e+02 1.543446464706582617e+02
2.550000000000000000e+02 2.207892959171527139e+02 1.544528925127960974e+02
2.550000000000000000e+02 2.207871086775383844e+02 1.543722027139626221e+02
2.550000000000000000e+02 2.208431139150101217e+02 1.548898643018688119e+02
2.550000000000000000e+02 2.209887662183073473e+02 1.552910516605166151e+02
2.550000000000000000e+02 2.212340048803713728e+02 1.556588054993453056e+02
2.550000000000000000e+02 2.213342608022854563e+02 1.557453576955124390e+02
2.550000000000000000e+02 2.213998928698964335e+02 1.557501785501725919e+02
2.550000000000000000e+02 2.216508897750267693e+02 1.554219438162123481e+02
2.550000000000000000e+02 2.220294161409356093e+02 1.553662361623616164e+02
2.550000000000000000e+02 2.220596655160099999e+02 1.551023241280799994e+02
2.550000000000000000e+02 2.214109481014164942e+02 1.546959439352457935e+02
2.550000000000000000e+02 2.199291602190215542e+02 1.539319426258778662e+02
2.550000000000000000e+02 2.182836567075348171e+02 1.536866146887275306e+02
2.550000000000000000e+02 2.168470866563504273e+02 1.535252053326984765e+02
2.550000000000000000e+02 2.161023092488989334e+02 1.535600821330793906e+02
2.550000000000000000e+02 2.159970390429710676e+02 1.535018003809070422e+02
2.550000000000000000e+02 2.162989971431972265e+02 1.537420247589572568e+02
2.550000000000000000e+02 2.164497827639566765e+02 1.530908374003094821e+02
2.550000000000000000e+02 2.165822372336626529e+02 1.527715450541602138e+02
2.550000000000000000e+02 2.168206761099869198e+02 1.527001845018450297e+02
2.550000000000000000e+02 2.173061242709201224e+02 1.526967920485656407e+02
2.550000000000000000e+02 2.174839900011903353e+02 1.527858885846922874e+02
2.550000000000000000e+02 2.176004195929056095e+02 1.529970092846089642e+02
2.550000000000000000e+02 2.175459171527199089e+02 1.531112367575288715e+02
2.550000000000000000e+02 2.174893762647303959e+02 1.531596684918462188e+02
2.550000000000000000e+02 2.173969170336864636e+02 1.532185751696226532e+02
2.550000000000000000e+02 2.173011992619926218e+02 1.531528389477443284e+02
2.550000000000000000e+02 2.174292792524699394e+02 1.533578294250684451e+02
2.550000000000000000e+02 2.177787316986073165e+02 1.536491042733007930e+02
2.550000000000000000e+02 2.180671943816212490e+02 1.536310409475062499e+02
2.550000000000000000e+02 2.182500148791810375e+02 1.537028032377097873e+02
2.550000000000000000e+02 2.186573622187834758e+02 1.538767111058207320e+02
2.550000000000000000e+02 2.191963605523152125e+02 1.541005237471729572e+02
2.550000000000000000e+02 2.195335971908106103e+02 1.543139060826092077e+02
2.550000000000000000e+02 2.196968069277467066e+02 1.543719646470658233e+02
2.550000000000000000e+02 2.197902333055588713e+02 1.543895518390667689e+02
2.550000000000000000e+02 2.198374151886680181e+02 1.543483811451017687e+02
2.550000000000000000e+02 2.201474675633853053e+02 1.545001339126294511e+02
2.550000000000000000e+02 2.203943429353648469e+02 1.546532406856326531e+02
2.550000000000000000e+02 2.207280829663135364e+02 1.547654445899297571e+02
2.550000000000000000e+02 2.208983900726103968e+02 1.547961998571598485e+02
2.550000000000000000e+02 2.210041215331508226e+02 1.548402571122485369e+02
2.550000000000000000e+02 2.210813147244375614e+02 1.548983900726103968e+02
2.550000000000000000e+02 2.211644447089632308e+02 1.549585912391382010e+02
2.550000000000000000e+02 2.213229675038685969e+02 1.549882752053327124e+02
2.550000000000000000e+02 2.215923699559576221e+02 1.552262528270443909e+02
2.550000000000000000e+02 2.218665783835257628e+02 1.553734228068087191e+02
2.550000000000000000e+02 2.216818087132484152e+02 1.553458963218664337e+02
2.550000000000000000e+02 2.207228157362218894e+02 1.550718366861088100e+02
2.550000000000000000e+02 2.190334186406380184e+02 1.543994167361028360e+02
2.550000000000000000e+02 2.171179919057255177e+02 1.537658909653612795e+02
2.550000000000000000e+02 2.157486906320676212e+02 1.532608320438042995e+02
2.550000000000000000e+02 2.152268628734674394e+02 1.528610433281752137e+02
2.550000000000000000e+02 2.152159266753957922e+02 1.527664414950601213e+02
2.550000000000000000e+02 2.152049458397809758e+02 1.527335733841209446e+02
2.550000000000000000e+02 2.152795202952029570e+02 1.526738334722057004e+02
2.550000000000000000e+02 2.156453547196762202e+02 1.528348410903464014e+02
2.550000000000000000e+02 2.161265027972860366e+02 1.526757082490179869e+02
2.550000000000000000e+02 2.165873854303059147e+02 1.526105969527437196e+02
2.550000000000000000e+02 2.168646887275324389e+02 1.525273628139507309e+02
2.550000000000000000e+02 2.168855642185453974e+02 1.524781127246756398e+02
2.550000000000000000e+02 2.166663343649565547e+02 1.523337846684918588e+02
2.550000000000000000e+02 2.164160219021545117e+02 1.523937477681228359e+02
2.550000000000000000e+02 2.163347071777169504e+02 1.526678520414236289e+02
2.550000000000000000e+02 2.164026455183906705e+02 1.529835882633019821e+02
2.550000000000000000e+02 2.166500714200690254e+02 1.532112099750029870e+02
2.550000000000000000e+02 2.168658493036543291e+02 1.533431585525532626e+02
2.550000000000000000e+02 2.170340138078800010e+02 1.532129805975478973e+02
2.550000000000000000e+02 2.173066748006189641e+02 1.533461641471253358e+02
2.550000000000000000e+02 2.176140638019283529e+02 1.534767884775621951e+02
2.550000000000000000e+02 2.179920693965004261e+02 1.535680127365789929e+02
2.550000000000000000e+02 2.182934918462087808e+02 1.535869390548744207e+02
2.550000000000000000e+02 2.186074872039042987e+02 1.537881204618497861e+02
2.550000000000000000e+02 2.187432746101654573e+02 1.538708933460302433e+02
2.550000000000000000e+02 2.188450630877276524e+02 1.538524282823473470e+02
2.550000000000000000e+02 2.190196851565289933e+02 1.540073056778954879e+02
2.550000000000000000e+02 2.189080169027496652e+02 1.538967980002380784e+02
2.550000000000000000e+02 2.189187447922866454e+02 1.540495625520771341e+02
2.550000000000000000e+02 2.190728633496012492e+02 1.542629895250565539e+02
2.550000000000000000e+02 2.192014938697774085e+02 1.543589751220092978e+02
2.550000000000000000e+02 2.193656112367575304e+02 1.545702892512796041e+02
2.550000000000000000e+02 2.196050321390310671e+02 1.546629419116771942e+02
2.550000000000000000e+02 2.199625937388406101e+02 1.546307136055231410e+02
2.550000000000000000e+02 2.196221580764194812e+02 1.545964617307463413e+02
2.550000000000000000e+02 2.180277645518390557e+02 1.539525354124508851e+02
2.550000000000000000e+02 2.162708606118319210e+02 1.532968099035828971e+02
2.550000000000000000e+02 2.149363617426496944e+02 1.527570824901797266e+02
2.550000000000000000e+02 2.141747857397928954e+02 1.524681139150101217e+02
2.550000000000000000e+02 2.140190007142007005e+02 1.524693935245803971e+02
2.550000000000000000e+02 2.141611117724080486e+02 1.525538328770384453e+02
2.550000000000000000e+02 2.142300172598500296e+02 1.526058504939888110e+02
2.550000000000000000e+02 2.143099482204499395e+02 1.526116831329603656e+02
2.550000000000000000e+02 2.145323324604213724e+02 1.524212147363409144e+02
2.550000000000000000e+02 2.152599839304844522e+02 1.522788358528746642e+02
2.550000000000000000e+02 2.155690691584335070e+02 1.522672003332936583e+02
2.550000000000000000e+02 2.154770563028210972e+02 1.522056302821092686e+02
2.550000000000000000e+02 2.153564754195928970e+02 1.520784132841328358e+02
2.550000000000000000e+02 2.152924949410784450e+02 1.522247053922152134e+02
2.550000000000000000e+02 2.150206374241161882e+02 1.521982204499464331e+02
2.550000000000000000e+02 2.149823532912748476e+02 1.522644923223425906e+02
2.550000000000000000e+02 2.152963784073324689e+02 1.524606296869420419e+02
2.550000000000000000e+02 2.158845524342340241e+02 1.527690602309248789e+02
2.550000000000000000e+02 2.161063266277824084e+02 1.530452475895726820e+02
2.550000000000000000e+02 2.163648375193429274e+02 1.532462802047375305e+02
2.550000000000000000e+02 2.168478603737650303e+02 1.535864182835376823e+02
2.550000000000000000e+02 2.173920217831210664e+02 1.538901172479466766e+02
2.550000000000000000e+02 2.177033686465896949e+02 1.538711611712891454e+02
2.550000000000000000e+02 2.179823681704558851e+02 1.539378347815736277e+02
2.550000000000000000e+02 2.183201553386501530e+02 1.538874687537197872e+02
2.550000000000000000e+02 2.186080972503273472e+02 1.539608528746577747e+02
2.550000000000000000e+02 2.185069485775503040e+02 1.538754761337935975e+02
2.550000000000000000e+02 2.176697119390548778e+02 1.535227800261873483e+02
2.550000000000000000e+02 2.163136680157124090e+02 1.531533448399000008e+02
2.550000000000000000e+02 2.150234198309725002e+02 1.529606743244851828e+02
2.550000000000000000e+02 2.141026514700630798e+02 1.526245387453874400e+02
2.550000000000000000e+02 2.139353201999761893e+02 1.525765385073205493e+02
2.550000000000000000e+02 2.143398851327222872e+02 1.528616682537792997e+02
2.550000000000000000e+02 2.147931793834067378e+02 1.527919741697417066e+02
2.550000000000000000e+02 2.150580734436376531e+02 1.525661677181287814e+02
2.550000000000000000e+02 2.158317462206880180e+02 1.526929978573979270e+02
2.550000000000000000e+02 2.165722830615403041e+02 1.529621324842280785e+02
2.550000000000000000e+02 2.168658790620164325e+02 1.529409147720509452e+02
2.550000000000000000e+02 2.167489286989644199e+02 1.527353440066658834e+02
2.550000000000000000e+02 2.166526603975717080e+02 1.525738156171884441e+02
2.550000000000000000e+02 2.165033180573741163e+02 1.524792584216164641e+02
2.550000000000000000e+02 2.161572431853350906e+02 1.523150517795500605e+02
2.550000000000000000e+02 2.161562016426615855e+02 1.523328621592667673e+02
2.550000000000000000e+02 2.165697536007618282e+02 1.524765206523032930e+02
2.550000000000000000e+02 2.171070110701107012e+02 1.527831805737412196e+02
2.550000000000000000e+02 2.172948756100464323e+02 1.528420574931555791e+02
2.550000000000000000e+02 2.179129270324961283e+02 1.530636233781692681e+02
2.550000000000000000e+02 2.194713575764789937e+02 1.539008004999404875e+02
2.550000000000000000e+02 2.201606356386144512e+02 1.543363736459945130e+02
2.550000000000000000e+02 2.204456612308058538e+02 1.545239257231282011e+02
2.550000000000000000e+02 2.203824842280680798e+02 1.543973634091179576e+02
2.550000000000000000e+02 2.204570438043090235e+02 1.542821985477919213e+02
2.550000000000000000e+02 2.206437775264849392e+02 1.544884388763242384e+02
2.550000000000000000e+02 2.208566837281275923e+02 1.548022110463040235e+02
2.550000000000000000e+02 2.209109481014164942e+02 1.549387721699797567e+02
2.550000000000000000e+02 2.210110403523389948e+02 1.550801392691346337e+02
2.550000000000000000e+02 2.209384001904535069e+02 1.553579782168789336e+02
2.550000000000000000e+02 2.207952624687537195e+02 1.550986043328175299e+02
2.550000000000000000e+02 2.209926348053803054e+02 1.549490834424473178e+02
2.550000000000000000e+02 2.215777437209856089e+02 1.551968366861088100e+02
2.550000000000000000e+02 2.218165545768360971e+02 1.552902481847399088e+02
2.550000000000000000e+02 2.218908612069991761e+02 1.552082341387929887e+02
2.550000000000000000e+02 2.220321687894298179e+02 1.551986965837400305e+02
2.550000000000000000e+02 2.221667807403880488e+02 1.552269223901916462e+02
2.550000000000000000e+02 2.225310826092132004e+02 1.554319575050589322e+02
2.550000000000000000e+02 2.227752797286037492e+02 1.554951493869777437e+02
2.550000000000000000e+02 2.228907719319128660e+02 1.554932150934412505e+02
2.550000000000000000e+02 2.229602130698726228e+02 1.554698696583739945e+02
2.550000000000000000e+02 2.223008272824663720e+02 1.550478365670753362e+02
2.550000000000000000e+02 2.202767825258897858e+02 1.542552821092727129e+02
2.550000000000000000e+02 2.183547940721342684e+02 1.535686227830020130e+02
2.550000000000000000e+02 2.167517259850017979e+02 1.530621652184263723e+02
2.550000000000000000e+02 2.156543566242114025e+02 1.526895756457564630e+02
2.550000000000000000e+02 2.152169979764313723e+02 1.526132008094274397e+02
2.550000000000000000e+02 2.153548535888584752e+02 1.526927151529579874e+02
2.550000000000000000e+02 2.154427151529579874e+02 1.528231460540411888e+02
2.550000000000000000e+02 2.154917122961552138e+02 1.528540501130817688e+02
2.550000000000000000e+02 2.157544488751339031e+02 1.530187031305796950e+02
2.550000000000000000e+02 2.160440274967265850e+02 1.530501279609570418e+02
2.550000000000000000e+02 2.163892691346268293e+02 1.531887126532555783e+02
2.550000000000000000e+02 2.163459558385906405e+02 1.532286483751934156e+02
2.550000000000000000e+02 2.163547791929532309e+02 1.531840554695869514e+02
2.550000000000000000e+02 2.162714111415307627e+02 1.532181287941911592e+02
2.550000000000000000e+02 2.159957445542197263e+02 1.533143375788596643e+02
2.550000000000000000e+02 2.159604808951315249e+02 1.534136709915486279e+02
2.550000000000000000e+02 2.162129954767289632e+02 1.535756011189144203e+02
2.550000000000000000e+02 2.164281930722532934e+02 1.538310022616355184e+02
2.550000000000000000e+02 2.167817819307225307e+02 1.539981847399119204e+02
2.550000000000000000e+02 2.172158969170336889e+02 1.540107427687180177e+02
2.550000000000000000e+02 2.175075288656112491e+02 1.539768479942864019e+02
2.550000000000000000e+02 2.177955600523747250e+02 1.539878734674443592e+02
2.550000000000000000e+02 2.181715867158671642e+02 1.541302374717295436e+02
2.550000000000000000e+02 2.187031752172360370e+02 1.542542405665992078e+02
2.550000000000000000e+02 2.189997470539221638e+02 1.543407034876800310e+02
2.550000000000000000e+02 2.193197089632186589e+02 1.545416914653017386e+02
2.550000000000000000e+02 2.195804814902987800e+02 1.546233781692655498e+02
2.550000000000000000e+02 2.198768450184501830e+02 1.546695333888822859e+02
2.550000000000000000e+02 2.199665367218188408e+02 1.547506398047851519e+02
2.550000000000000000e+02 2.201161320080942687e+02 1.547699976193310363e+02
2.550000000000000000e+02 2.205782644923223472e+02 1.548916200452327132e+02
2.550000000000000000e+02 2.209784549458397862e+02 1.550525383882871040e+02
2.550000000000000000e+02 2.213556124270920122e+02 1.552539727413403057e+02
2.550000000000000000e+02 2.212126830139269202e+02 1.552732115224378049e+02
2.550000000000000000e+02 2.196254612546125600e+02 1.545725062492560369e+02
2.550000000000000000e+02 2.177072967503868597e+02 1.537793715033924400e+02
2.550000000000000000e+02 2.163995357695512496e+02 1.533667122961552138e+02
2.550000000000000000e+02 2.156822848470420126e+02 1.531032912748482318e+02
2.550000000000000000e+02 2.153065111296274381e+02 1.530337608618021648e+02
2.550000000000000000e+02 2.154449916676585985e+02 1.530382692536602747e+02
2.550000000000000000e+02 2.156890846327817997e+02 1.532030859421497553e+02
2.550000000000000000e+02 2.158280413046065860e+02 1.532084722056897874e+02
2.550000000000000000e+02 2.159529669087013417e+02 1.531542673491250923e+02
2.550000000000000000e+02 2.163899238185930187e+02 1.532325169622664021e+02
2.550000000000000000e+02 2.169564635162480783e+02 1.532764105463635360e+02
2.550000000000000000e+02 2.170730865373169820e+02 1.532107933579335679e+02
2.550000000000000000e+02 2.168931823592429566e+02 1.529140280918938117e+02
2.550000000000000000e+02 2.163778865611236881e+02 1.526239733365075608e+02
2.550000000000000000e+02 2.160885608856088425e+02 1.523603886442090243e+02
2.550000000000000000e+02 2.160184055469586895e+02 1.524742292584216159e+02
2.550000000000000000e+02 2.161186019521485662e+02 1.526321866444471027e+02
2.550000000000000000e+02 2.163321777169384461e+02 1.528627841923580490e+02
2.550000000000000000e+02 2.166150309486965853e+02 1.530708695393405492e+02
2.550000000000000000e+02 2.169889894060230802e+02 1.531941584335198172e+02
2.550000000000000000e+02 2.173664444708963117e+02 1.533104987501487813e+02
2.550000000000000000e+02 2.177195720747530174e+02 1.533344839900011891e+02
2.550000000000000000e+02 2.181579722652065243e+02 1.534175990953457926e+02
2.550000000000000000e+02 2.186240030948696642e+02 1.536656945601714028e+02
2.550000000000000000e+02 2.188444530413046039e+02 1.536702327103916161e+02
2.550000000000000000e+02 2.189846000476133838e+02 1.539798684680395127e+02
2.550000000000000000e+02 2.189982442566361271e+02 1.543148137126532617e+02
2.550000000000000000e+02 2.189557939531008230e+02 1.543307046780145129e+02
2.550000000000000000e+02 2.188821271277228959e+02 1.543193816212355785e+02
2.550000000000000000e+02 2.189058743006784766e+02 1.543707594334007922e+02
2.550000000000000000e+02 2.191332430663016169e+02 1.542266248065706407e+02
2.550000000000000000e+02 2.186847994286394510e+02 1.537254047137245436e+02
2.550000000000000000e+02 2.173105880252350914e+02 1.528295589810736885e+02
2.550000000000000000e+02 2.156754553029401222e+02 1.521517527675276824e+02
2.550000000000000000e+02 2.144403047256278967e+02 1.517530948696583835e+02
2.550000000000000000e+02 2.137523062730627430e+02 1.516239138197833540e+02
2.550000000000000000e+02 2.133330853469825001e+02 1.516386442090227433e+02
2.550000000000000000e+02 2.132905904059040552e+02 1.516744137602666456e+02
2.550000000000000000e+02 2.133791810498750010e+02 1.516592816331389031e+02
2.550000000000000000e+02 2.136417688370432018e+02 1.517822580645161281e+02
2.550000000000000000e+02 2.141522140221402140e+02 1.521694887513391166e+02
2.550000000000000000e+02 2.147210897512200916e+02 1.526094066182597260e+02
2.550000000000000000e+02 2.151687447922866454e+02 1.530676556362337806e+02
2.550000000000000000e+02 2.153229972622307002e+02 1.532798625163671034e+02
2.550000000000000000e+02 2.152022527080109455e+02 1.532400458278776227e+02
2.550000000000000000e+02 2.149827550291632008e+02 1.529491429591715246e+02
2.550000000000000000e+02 2.147529163194857631e+02 1.527804279252469826e+02
2.550000000000000000e+02 2.147887156290917687e+02 1.527348827520533234e+02
2.550000000000000000e+02 2.149678014522080787e+02 1.527889090584454266e+02
2.550000000000000000e+02 2.150173788834662503e+02 1.527041870015474387e+02
2.550000000000000000e+02 2.152140518985835058e+02 1.527483186525413714e+02
2.550000000000000000e+02 2.155885162480657016e+02 1.527649833353172255e+02
2.550000000000000000e+02 2.158745089870253651e+02 1.528165843351982005e+02
2.550000000000000000e+02 2.161541483156767072e+02 1.528300797524104269e+02
2.550000000000000000e+02 2.163751339126294511e+02 1.530518539459588112e+02
2.550000000000000000e+02 2.166155070824901827e+02 1.531819872634210071e+02
2.550000000000000000e+02 2.168162123556719507e+02 1.533384864897035982e+02
2.550000000000000000e+02 2.169811629567908540e+02 1.533931526008808532e+02
2.550000000000000000e+02 2.170507231281990244e+02 1.534121086775383844e+02
2.550000000000000000e+02 2.170175425544578047e+02 1.534201136769432310e+02
2.550000000000000000e+02 2.163699708368051517e+02 1.534067521723604273e+02
2.550000000000000000e+02 2.144332371146292076e+02 1.529726223068682316e+02
2.550000000000000000e+02 2.125387453874538721e+02 1.524637989525056412e+02
2.550000000000000000e+02 2.111764373288894205e+02 1.520323622187834758e+02
2.550000000000000000e+02 2.101999910724913718e+02 1.518301987858588404e+02
2.550000000000000000e+02 2.097039935721937809e+02 1.513711165337459761e+02
2.550000000000000000e+02 2.098393197238424079e+02 1.511875371979526221e+02
2.550000000000000000e+02 2.102295560052374697e+02 1.512007499107249089e+02
2.550000000000000000e+02 2.105923104392334153e+02 1.513433073443637795e+02
2.550000000000000000e+02 2.109631293893584143e+02 1.513981371265325606e+02
2.550000000000000000e+02 2.112810826092132004e+02 1.517586150458278667e+02
2.550000000000000000e+02 2.116368884656588421e+02 1.521092875848113408e+02
2.550000000000000000e+02 2.117754285204142377e+02 1.524517021783121038e+02
2.550000000000000000e+02 2.115146113557909757e+02 1.525128556124271029e+02
2.550000000000000000e+02 2.113251547434829263e+02 1.524342042613974400e+02
2.550000000000000000e+02 2.109803297226520726e+02 1.519279550053564947e+02
2.550000000000000000e+02 2.107300172598500296e+02 1.514098768003809141e+02
2.550000000000000000e+02 2.111847101535531408e+02 1.514065587430067978e+02
2.550000000000000000e+02 2.116284966075467082e+02 1.514871592667539630e+02
2.550000000000000000e+02 2.118600464230448779e+02 1.514262438995357627e+02
2.550000000000000000e+02 2.118901470063087800e+02 1.515960599928579882e+02
2.550000000000000000e+02 2.121449678609689329e+02 1.520651708129984456e+02
2.550000000000000000e+02 2.124950005951672551e+02 1.522922717533626837e+02
2.550000000000000000e+02 2.127641798595405191e+02 1.524395905249375005e+02
2.550000000000000000e+02 2.125703487680038108e+02 1.524504523271039034e+02
2.550000000000000000e+02 2.124778151410546343e+02 1.523545708844185356e+02
2.550000000000000000e+02 2.126404297107487196e+02 1.524350077371741463e+02
2.550000000000000000e+02 2.128009909534579265e+02 1.527222503273419818e+02
2.550000000000000000e+02 2.123436049279847566e+02 1.526223068682299697e+02
2.550000000000000000e+02 2.105980389239376223e+02 1.519945988572789020e+02
2.550000000000000000e+02 2.085681466492084155e+02 1.511436138554933848e+02
2.550000000000000000e+02 2.066102249732174698e+02 1.505827431258183537e+02
2.550000000000000000e+02 2.052180841566480183e+02 1.501421705749315549e+02
2.550000000000000000e+02 2.048564754195928970e+02 1.499758510891560661e+02
2.550000000000000000e+02 2.053779609570289324e+02 1.501366206403999399e+02
2.550000000000000000e+02 2.059591120104749393e+02 1.503315230329722567e+02
2.550000000000000000e+02 2.060975479109629873e+02 1.504441881918819206e+02
2.550000000000000000e+02 2.061820319009641764e+02 1.503018390667777737e+02
2.550000000000000000e+02 2.064731133198428665e+02 1.504995238662064025e+02
2.550000000000000000e+02 2.067813057969289332e+02 1.506248065706463422e+02
2.550000000000000000e+02 2.068247678847756106e+02 1.504607338412093895e+02
2.550000000000000000e+02 2.066371562909177442e+02 1.502542405665992078e+02
2.550000000000000000e+02 2.064171080823711577e+02 1.500957028925128043e+02
2.550000000000000000e+02 2.062230984406618290e+02 1.499296363528151517e+02
2.550000000000000000e+02 2.062210897512200916e+02 1.498993125818354883e+02
2.550000000000000000e+02 2.061756338531127142e+02 1.499767140816569508e+02
2.550000000000000000e+02 2.060786067134864936e+02 1.500334930365432626e+02
2.550000000000000000e+02 2.060055796928936900e+02 1.500862694917271654e+02
2.550000000000000000e+02 2.059902690155933840e+02 1.501136323056778963e+02
2.550000000000000000e+02 2.060284787525294519e+02 1.500643226996785984e+02
2.550000000000000000e+02 2.060327937150339324e+02 1.500614510177359762e+02
2.550000000000000000e+02 2.061357278895369518e+02 1.501946643256755181e+02
2.550000000000000000e+02 2.063847607427687194e+02 1.503417450303535361e+02
2.550000000000000000e+02 2.065984704201880788e+02 1.504425366027853954e+02
2.550000000000000000e+02 2.067547762171170120e+02 1.503949381026068295e+02
2.550000000000000000e+02 2.067886858707296653e+02 1.501910784430424997e+02
2.550000000000000000e+02 2.065685632662778346e+02 1.498488275205332627e+02
2.550000000000000000e+02 2.065947059873824685e+02 1.497341090346387205e+02
2.550000000000000000e+02 2.065718813236519509e+02 1.495971015355314933e+02
2.550000000000000000e+02 2.066525264849422570e+02 1.496605910010713103e+02
2.550000000000000000e+02 2.060218575169622568e+02 1.498542733007975301e+02
2.550000000000000000e+02 2.039405427925246954e+02 1.494916230210689321e+02
2.550000000000000000e+02 2.018278329960718906e+02 1.491291810498750010e+02
2.550000000000000000e+02 2.008266575407689629e+02 1.488750595167242068e+02
2.550000000000000000e+02 2.006099422687775302e+02 1.488593322223544817e+02
2.550000000000000000e+02 2.006477949053684142e+02 1.486887275324366158e+02
2.550000000000000000e+02 2.006904535174384137e+02 1.486688787049160680e+02
2.550000000000000000e+02 2.006288090703487796e+02 1.484736787287227742e+02
2.550000000000000000e+02 2.008863676943221037e+02 1.483715033924532918e+02
2.550000000000000000e+02 2.012735686227829888e+02 1.485258153791215250e+02
2.550000000000000000e+02 2.017503124628020430e+02 1.491342994881561594e+02
2.550000000000000000e+02 2.019720420188072865e+02 1.495971015355314933e+02
2.550000000000000000e+02 2.010533567432448478e+02 1.494928877514581700e+02
2.550000000000000000e+02 1.998697476490893905e+02 1.494184918462087808e+02
2.550000000000000000e+02 1.996569158433519817e+02 1.493946851565289933e+02
2.550000000000000000e+02 1.994495595762409152e+02 1.491018777526485053e+02
2.550000000000000000e+02 1.992277109867872866e+02 1.488187864539935674e+02
2.550000000000000000e+02 1.990970717771693899e+02 1.486348946553981705e+02
2.550000000000000000e+02 1.992138287108677446e+02 1.485217980002380784e+02
2.550000000000000000e+02 1.995927865730270128e+02 1.486118319247708541e+02
2.550000000000000000e+02 2.001171289132246045e+02 1.487490328532317676e+02
2.550000000000000000e+02 2.006420515414831698e+02 1.485827728841804571e+02
2.550000000000000000e+02 2.010899148910843905e+02 1.485966254017378958e+02
2.550000000000000000e+02 2.021509195333888727e+02 1.488769194143554273e+02
2.550000000000000000e+02 2.030366623021068904e+02 1.491302374717295436e+02
2.550000000000000000e+02 2.032512796095702754e+02 1.491680454707772867e+02
2.550000000000000000e+02 2.038243363885251824e+02 1.492851297464587503e+02
2.550000000000000000e+02 2.048171051065349388e+02 1.496355047018212190e+02
2.550000000000000000e+02 2.053905933817402740e+02 1.498968575169622568e+02
2.550000000000000000e+02 2.053145756457564630e+02 1.498266575407689629e+02
2.550000000000000000e+02 2.056251041542673477e+02 1.496596238543030495e+02
2.550000000000000000e+02 2.065958368051422553e+02 1.496628972741340249e+02
2.550000000000000000e+02 2.072410724913700619e+02 1.498765176764670741e+02
2.550000000000000000e+02 2.072959915486251532e+02 1.497671408165694515e+02
2.550000000000000000e+02 2.073277586001666464e+02 1.496653077014641156e+02
2.550000000000000000e+02 2.075611831924770740e+02 1.502367426496845724e+02
2.550000000000000000e+02 2.079623854303059147e+02 1.508404059040590539e+02
2.550000000000000000e+02 2.082154505416021948e+02 1.510474794667301524e+02
2.550000000000000000e+02 2.082898910843947249e+02 1.512027139626235055e+02
2.550000000000000000e+02 2.078038923937626521e+02 1.510899297702654565e+02
2.550000000000000000e+02 2.059566718247827737e+02 1.504611206999166768e+02
2.550000000000000000e+02 2.039522229496488421e+02 1.496374687537197872e+02
2.550000000000000000e+02 2.025031841447446652e+02 1.490491459350077434e+02
2.550000000000000000e+02 2.016222473515057629e+02 1.488369241756933832e+02
2.550000000000000000e+02 2.013502410427330176e+02 1.486957505058921640e+02
2.550000000000000000e+02 2.015369301273657925e+02 1.489245774312581716e+02
2.550000000000000000e+02 2.015465123199619200e+02 1.490803029401261881e+02
2.550000000000000000e+02 2.012805023211522553e+02 1.489718634686346945e+02
2.550000000000000000e+02 2.012941316509939327e+02 1.490498898940602430e+02
2.550000000000000000e+02 2.015517051541483227e+02 1.491539697655041152e+02
2.550000000000000000e+02 2.020190899892869822e+02 1.491950809427449087e+02
2.550000000000000000e+02 2.022345702892512804e+02 1.491987263421021339e+02
2.550000000000000000e+02 2.023138465658850009e+02 1.492356713486489639e+02
2.550000000000000000e+02 2.023389179859540548e+02 1.491164891084394810e+02
2.550000000000000000e+02 2.022050946315914643e+02 1.490270503511486595e+02
2.550000000000000000e+02 2.020567640757052743e+02 1.489917866920604581e+02
2.550000000000000000e+02 2.023235775502916454e+02 1.492193191286751528e+02
2.550000000000000000e+02 2.029329395310082020e+02 1.494390697536007622e+02
2.550000000000000000e+02 2.033363141292703347e+02 1.495205927865730189e+02
2.550000000000000000e+02 2.034654951791453357e+02 1.495289102487799084e+02
2.550000000000000000e+02 2.036182150934412505e+02 1.493405546958695425e+02
2.550000000000000000e+02 2.041744732769908239e+02 1.494088798952505783e+02
2.550000000000000000e+02 2.048261367694322246e+02 1.495031097488394209e+02
2.550000000000000000e+02 2.049165129151291467e+02 1.494983335317224089e+02
2.550000000000000000e+02 2.048520563028210972e+02 1.494195333888822859e+02
2.550000000000000000e+02 2.051665724318533535e+02 1.494826806332579565e+02
2.550000000000000000e+02 2.054952089037019505e+02 1.493264938697774085e+02
2.550000000000000000e+02 2.057068057374122247e+02 1.493018539459588112e+02
2.550000000000000000e+02 2.059697506249256094e+02 1.494600196405189934e+02
2.550000000000000000e+02 2.064286840852279568e+02 1.495068146649208529e+02
2.550000000000000000e+02 2.067267289608379883e+02 1.498018837043209146e+02
2.550000000000000000e+02 2.070106832519938109e+02 1.499133734079276223e+02
2.550000000000000000e+02 2.075472562790143911e+02 1.500798714438757315e+02
2.550000000000000000e+02 2.084200839185811276e+02 1.504325824306630182e+02
2.550000000000000000e+02 2.088555380311867680e+02 1.505914474467325306e+02
2.550000000000000000e+02 2.095544875610046347e+02 1.508049785739792981e+02
2.550000000000000000e+02 2.101225746934888718e+02 1.507032644923223472e+02
2.550000000000000000e+02 2.108350196405189934e+02 1.510676705154148181e+02
2.550000000000000000e+02 2.113507766932507934e+02 1.512128764432805497e+02
2.550000000000000000e+02 2.111135876681347554e+02 1.513546750386858832e+02
2.550000000000000000e+02 2.102060617783597252e+02 1.508255713605523169e+02
2.550000000000000000e+02 2.090580288060945122e+02 1.504275979050113108e+02
2.550000000000000000e+02 2.073665188668015844e+02 1.498285323175812493e+02
2.550000000000000000e+02 2.058358677538388406e+02 1.491799785739792981e+02
2.550000000000000000e+02 2.053120908225211281e+02 1.489907897869301223e+02
2.550000000000000000e+02 2.053812194976788419e+02 1.491304457802642673e+02
2.550000000000000000e+02 2.057478276395667081e+02 1.495560796333769815e+02
2.550000000000000000e+02 2.059408850136888418e+02 1.496761695036305184e+02
2.550000000000000000e+02 2.060112932984168594e+02 1.497263718604928044e+02
2.550000000000000000e+02 2.061568563266277749e+02 1.497652660397571651e+02
2.550000000000000000e+02 2.063806094512557934e+02 1.497139626234971956e+02
2.550000000000000000e+02 2.061033507915724385e+02 1.494678163313891162e+02
2.550000000000000000e+02 2.054774431615283845e+02 1.491603231758124082e+02
2.550000000000000000e+02 2.049164831567670433e+02 1.489699291750982013e+02
2.550000000000000000e+02 2.043331746220688103e+02 1.488471312938935966e+02
2.550000000000000000e+02 2.040074098321628355e+02 1.487182180692774693e+02
2.550000000000000000e+02 2.040601862873467383e+02 1.488098440661825919e+02
2.550000000000000000e+02 2.042698785858826227e+02 1.487394357814546026e+02
2.550000000000000000e+02 2.042694768479942979e+02 1.487733305558861900e+02
2.550000000000000000e+02 2.040610790382097264e+02 1.486320824901797266e+02
2.550000000000000000e+02 2.041868825139864327e+02 1.487401499821449704e+02
2.550000000000000000e+02 2.046534341149863110e+02 1.489348440661825919e+02
2.550000000000000000e+02 2.049360641590286889e+02 1.490955094631591464e+02
2.550000000000000000e+02 2.046695185097012200e+02 1.490252499702416458e+02
2.550000000000000000e+02 2.045767616950363106e+02 1.489689173907867996e+02
2.550000000000000000e+02 2.045437745506487204e+02 1.490081686703963726e+02
2.550000000000000000e+02 2.042000208308534752e+02 1.486725538626353966e+02
2.550000000000000000e+02 2.036435394595881405e+02 1.484043863825735059e+02
2.550000000000000000e+02 2.033872604451850918e+02 1.482801749791691464e+02
2.550000000000000000e+02 2.033122098559695132e+02 1.483373854303059147e+02
2.550000000000000000e+02 2.030797524104273180e+02 1.481134091179621350e+02
2.550000000000000000e+02 2.030465420783239949e+02 1.480916408760861884e+02
2.550000000000000000e+02 2.032685394595881405e+02 1.481865551720033238e+02
2.550000000000000000e+02 2.034790352339007313e+02 1.481772110463040235e+02
2.550000000000000000e+02 2.036028597785977752e+02 1.482553713843589946e+02
2.550000000000000000e+02 2.038065111296274381e+02 1.481651886680157020e+02
2.550000000000000000e+02 2.044352904416140859e+02 1.483385460064278050e+02
2.550000000000000000e+02 2.050742322342578348e+02 1.484310201166527747e+02
2.550000000000000000e+02 2.046432269967860975e+02 1.483048297821687811e+02
2.550000000000000000e+02 2.033546452803237798e+02 1.478428312105701821e+02
2.550000000000000000e+02 2.022315200571360663e+02 1.478308088322818605e+02
2.550000000000000000e+02 2.016050172598500296e+02 1.476481371265325606e+02
2.550000000000000000e+02 2.013540947506249381e+02 1.476354600642780497e+02
2.550000000000000000e+02 2.015284489941673485e+02 1.475775800499940544e+02
2.550000000000000000e+02 2.021353261516486270e+02 1.478147393167480175e+02
2.550000000000000000e+02 2.025554100702297262e+02 1.479566123080585669e+02
2.550000000000000000e+02 2.028546155219616764e+02 1.479078978693012800e+02
2.550000000000000000e+02 2.033415069634567374e+02 1.479545441018926226e+02
2.550000000000000000e+02 2.039798684680395127e+02 1.480935305320795123e+02
2.550000000000000000e+02 2.044115730270205802e+02 1.482656082609213115e+02
2.550000000000000000e+02 2.039000565408879879e+02 1.483420128556124382e+02
2.550000000000000000e+02 2.033025979050113108e+02 1.482297791929532309e+02
2.550000000000000000e+02 2.030114718485894514e+02 1.482283805499345419e+02
2.550000000000000000e+02 2.029024372098559752e+02 1.481152690155933840e+02
2.550000000000000000e+02 2.028325645756457618e+02 1.481070408284728046e+02
2.550000000000000000e+02 2.031609629805975601e+02 1.480590108320438105e+02
2.550000000000000000e+02 2.038149476252827128e+02 1.479983186525413714e+02
2.550000000000000000e+02 2.041236906320676212e+02 1.480802583025830188e+02
2.550000000000000000e+02 2.039536513510296345e+02 1.477912748482323479e+02
2.550000000000000000e+02 2.042386323056778963e+02 1.477967355076776528e+02
2.550000000000000000e+02 2.049158582311629573e+02 1.479897928817997865e+02
2.550000000000000000e+02 2.050558415664801828e+02 1.481669444113796033e+02
2.550000000000000000e+02 2.045263063920961883e+02 1.480297434829186898e+02
2.550000000000000000e+02 2.044997619331032013e+02 1.480525532674681699e+02
2.550000000000000000e+02 2.046096744435186281e+02 1.481151797405070738e+02
2.550000000000000000e+02 2.041010445185096955e+02 1.477413700749910674e+02
2.550000000000000000e+02 2.028521455779073790e+02 1.474293090108320428e+02
2.550000000000000000e+02 2.022676913462682933e+02 1.471406528984644808e+02
2.550000000000000000e+02 2.019999404832757932e+02 1.471694589929770132e+02
2.550000000000000000e+02 2.017776901559338114e+02 1.471708725151767680e+02
2.550000000000000000e+02 2.019191762885370736e+02 1.473011695036305184e+02
2.550000000000000000e+02 2.022052731817640847e+02 1.475358737055112499e+02
2.550000000000000000e+02 2.023750148791810375e+02 1.476829692893703054e+02
2.550000000000000000e+02 2.026853945958814336e+02 1.477643286513510361e+02
2.550000000000000000e+02 2.029996428996548161e+02 1.477447178907272871e+02
2.550000000000000000e+02 2.032390042852041461e+02 1.475784430424949392e+02
2.550000000000000000e+02 2.029993601952148481e+02 1.474266009998809750e+02
2.550000000000000000e+02 2.025336864658969205e+02 1.470739346506368292e+02
2.550000000000000000e+02 2.024033002023568599e+02 1.469137900249970130e+02
2.550000000000000000e+02 2.022027437209856089e+02 1.468125818354957630e+02
2.550000000000000000e+02 2.016399535769551221e+02 1.468612813950720124e+02
2.550000000000000000e+02 2.009498422806808833e+02 1.467335585049398787e+02
2.550000000000000000e+02 2.003830793953100908e+02 1.466659028687060982e+02
2.550000000000000000e+02 2.002911409356028969e+02 1.466085882633019821e+02
2.550000000000000000e+02 2.003536632543744815e+02 1.467218932269967979e+02
2.550000000000000000e+02 2.004570735626710984e+02 1.466797107487203959e+02
2.550000000000000000e+02 2.006409951196286272e+02 1.466980121414117377e+02
2.550000000000000000e+02 2.009702416379002443e+02 1.468458219259611894e+02
2.550000000000000000e+02 2.009826508748958531e+02 1.468773657897869214e+02
2.550000000000000000e+02 2.010138673967384761e+02 1.467626026663492382e+02
2.550000000000000000e+02 2.013981520057135981e+02 1.471048238304963718e+02
2.550000000000000000e+02 2.023607308653731707e+02 1.475556332579454875e+02
2.550000000000000000e+02 2.031999613141292684e+02 1.480701850970122564e+02
2.550000000000000000e+02 2.032715152957981104e+02 1.480687269372693606e+02
2.550000000000000000e+02 2.032914385192239024e+02 1.481421705749315549e+02
2.550000000000000000e+02 2.035193131770027435e+02 1.481320080942744823e+02
2.550000000000000000e+02 2.041945006546839636e+02 1.482319069158433535e+02
2.550000000000000000e+02 2.049829335793357927e+02 1.484335644566123165e+02
2.550000000000000000e+02 2.051872396143316166e+02 1.485431645042257003e+02
2.550000000000000000e+02 2.050739644089989326e+02 1.484417331270086891e+02
2.550000000000000000e+02 2.050058623973336580e+02 1.481509939292941453e+02
2.550000000000000000e+02 2.050915962385430191e+02 1.479277020592786585e+02
2.550000000000000000e+02 2.053428312105701821e+02 1.477960957028925009e+02
2.550000000000000000e+02 2.055190899892869822e+02 1.477917509820259454e+02
2.550000000000000000e+02 2.055568831091536595e+02 1.477597756219497569e+02
2.550000000000000000e+02 2.054966521842637803e+02 1.480320795143435362e+02
2.550000000000000000e+02 2.051354898226401531e+02 1.481254612546125600e+02
2.550000000000000000e+02 2.040284489941673485e+02 1.478725002975836276e+02
2.550000000000000000e+02 2.018660576121890244e+02 1.474446940840376215e+02
2.550000000000000000e+02 1.993426229020354583e+02 1.467824366146887201e+02
2.550000000000000000e+02 1.973008124032853345e+02 1.462538983454350614e+02
2.550000000000000000e+02 1.958482769908344210e+02 1.458869331032020114e+02
2.550000000000000000e+02 1.948160486846803963e+02 1.456914206642066461e+02
2.550000000000000000e+02 1.945379567908582317e+02 1.457781216521842680e+02
2.550000000000000000e+02 1.943402719914296028e+02 1.456299101297464631e+02
2.550000000000000000e+02 1.942377544339959456e+02 1.456573324604213724e+02
2.550000000000000000e+02 1.941331240328532317e+02 1.455337013450779580e+02
2.550000000000000000e+02 1.941265325556481400e+02 1.456128883466253967e+02
2.550000000000000000e+02 1.943541245089870131e+02 1.457366682537792997e+02
2.550000000000000000e+02 1.945226014760147564e+02 1.456978484704201833e+02
2.550000000000000000e+02 1.943902660397571651e+02 1.456830288060945122e+02
2.550000000000000000e+02 1.942330377336031404e+02 1.455571509344125616e+02
2.550000000000000000e+02 1.940748274014998174e+02 1.454915932627068287e+02
2.550000000000000000e+02 1.939706880133317384e+02 1.454016486132603347e+02
2.550000000000000000e+02 1.939401559338174081e+02 1.453913819783359145e+02
2.550000000000000000e+02 1.943516248065706407e+02 1.455520027377692998e+02
2.550000000000000000e+02 1.951368438281157012e+02 1.455548595405308845e+02
2.550000000000000000e+02 1.960625074395905187e+02 1.458068087132484152e+02
2.550000000000000000e+02 1.969966968218069212e+02 1.460903612665158846e+02
2.550000000000000000e+02 1.976357278895369518e+02 1.463517438400190542e+02
2.550000000000000000e+02 1.982645964766099382e+02 1.462510713010355801e+02
2.550000000000000000e+02 1.987490774907749085e+02 1.464971580764194812e+02
2.550000000000000000e+02 1.992491965242232936e+02 1.466004493512677129e+02
2.550000000000000000e+02 1.998418045470777429e+02 1.467261337935960057e+02
2.550000000000000000e+02 2.000688013331746333e+02 1.467888793000833232e+02
2.550000000000000000e+02 2.002318622783002127e+02 1.468278776336150599e+02
2.550000000000000000e+02 2.006425574336388422e+02 1.468252588977502739e+02
2.550000000000000000e+02 2.008442000952267676e+02 1.468831537912153351e+02
2.550000000000000000e+02 2.008949678609689329e+02 1.469005475538626229e+02
2.550000000000000000e+02 2.008032228306153968e+02 1.468413135341030795e+02
2.550000000000000000e+02 2.011669890489227441e+02 1.470982025949291767e+02
2.550000000000000000e+02 2.019888852517557325e+02 1.473446613498392992e+02
2.550000000000000000e+02 2.025600374955362497e+02 1.475691435543387797e+02
2.550000000000000000e+02 2.028444827996667073e+02 1.475671497440780797e+02
2.550000000000000000e+02 2.025637126532555783e+02 1.474751964051898483e+02
2.550000000000000000e+02 2.016255802880609451e+02 1.471835049398881097e+02
2.550000000000000000e+02 2.000921318890608234e+02 1.467921973574574395e+02
2.550000000000000000e+02 1.985756457564575612e+02 1.464436079038209755e+02
2.550000000000000000e+02 1.972545530294012508e+02 1.460884864897035982e+02
2.550000000000000000e+02 1.970115016069515548e+02 1.459395756457564630e+02
2.550000000000000000e+02 1.973377127722890236e+02 1.460911052255683842e+02
2.550000000000000000e+02 1.975537436019521351e+02 1.463700898702535369e+02
2.550000000000000000e+02 1.979727562194976827e+02 1.465450244018569208e+02
2.550000000000000000e+02 1.981161022497321653e+02 1.465217087251517682e+02
2.550000000000000000e+02 1.985130788001428357e+02 1.466659028687060982e+02
2.550000000000000000e+02 1.989576836090941470e+02 1.467386323056778963e+02
2.550000000000000000e+02 1.993826330198785968e+02 1.467179948815617081e+02
2.550000000000000000e+02 1.999293685275562495e+02 1.469173461492679564e+02
2.550000000000000000e+02 2.004298297821687811e+02 1.469743929294131704e+02
2.550000000000000000e+02 2.005529401261754572e+02 1.469738572788953661e+02
2.550000000000000000e+02 2.006351327222949692e+02 1.468210480895131411e+02
2.550000000000000000e+02 2.008780799904773176e+02 1.470030799904773176e+02
2.550000000000000000e+02 2.011448934650636886e+02 1.469527586001666464e+02
2.550000000000000000e+02 2.016511427211046339e+02 1.471035739792881714e+02
2.550000000000000000e+02 2.019355433876919506e+02 1.471706046899178659e+02
2.550000000000000000e+02 2.023663254374479266e+02 1.470510355910010674e+02
2.550000000000000000e+02 2.026457564575645733e+02 1.471594899416735984e+02
2.550000000000000000e+02 2.030451136769432310e+02 1.472858141887870431e+02
2.550000000000000000e+02 2.034854184025711277e+02 1.473587519342935366e+02
2.550000000000000000e+02 2.036521693845970731e+02 1.473154832758004886e+02
2.550000000000000000e+02 2.040277794310201216e+02 1.472740596357576521e+02
2.550000000000000000e+02 2.041125014879181094e+02 1.472906796809903653e+02
2.550000000000000000e+02 2.041282436614688720e+02 1.472855612427092069e+02
2.550000000000000000e+02 2.041480180930841470e+02 1.473141887870491473e+02
2.550000000000000000e+02 2.041727770503511579e+02 1.472135757647899084e+02
2.550000000000000000e+02 2.045765682656826527e+02 1.475645458873943596e+02
2.550000000000000000e+02 2.050632811570051217e+02 1.479207088441852136e+02
2.550000000000000000e+02 2.049482353291274990e+02 1.479010534460183237e+02
2.550000000000000000e+02 2.042833442447327741e+02 1.477571420069039334e+02
2.550000000000000000e+02 2.034173163909058530e+02 1.475866414712534151e+02
2.550000000000000000e+02 2.028349898821568900e+02 1.475066658731103360e+02
2.550000000000000000e+02 2.023442149744078051e+02 1.472856207594334137e+02
2.550000000000000000e+02 2.024499761933103343e+02 1.472361623616236272e+02
2.550000000000000000e+02 2.030818801333174690e+02 1.473739882156885983e+02
2.550000000000000000e+02 2.036188846565885058e+02 1.475135400547553957e+02
2.550000000000000000e+02 2.039673253184144812e+02 1.480047464587549086e+02
2.550000000000000000e+02 2.042253005594571960e+02 1.484112605642185372e+02
2.550000000000000000e+02 2.050186733722175916e+02 1.488665039876205185e+02
2.550000000000000000e+02 2.055977710986787201e+02 1.491442982978216776e+02
2.550000000000000000e+02 2.054660308296631399e+02 1.491944411379597568e+02
2.550000000000000000e+02 2.050726252827044505e+02 1.488354957743125908e+02
2.550000000000000000e+02 2.049388316867039634e+02 1.486208933460302433e+02
2.550000000000000000e+02 2.050206969408403666e+02 1.484591566480180802e+02
2.550000000000000000e+02 2.049389507201523770e+02 1.483921556957505175e+02
2.550000000000000000e+02 2.050148345435067370e+02 1.484144149506011274e+02
2.550000000000000000e+02 2.051891143911439030e+02 1.482420693965004261e+02
2.550000000000000000e+02 2.054970241637900301e+02 1.482357606237352741e+02
2.550000000000000000e+02 2.055643078204975609e+02 1.480526276633734142e+02
2.550000000000000000e+02 2.056975211284371028e+02 1.480826240923699686e+02
2.550000000000000000e+02 2.061125312462802128e+02 1.481576746815855188e+02
2.550000000000000000e+02 2.064630996309963109e+02 1.483080883228187190e+02
2.550000000000000000e+02 2.065491161766456401e+02 1.483021812879419201e+02
2.550000000000000000e+02 2.065772824663730489e+02 1.483223723366265858e+02
2.550000000000000000e+02 2.065150428520414323e+02 1.482906201642661586e+02
2.550000000000000000e+02 2.067384388763242384e+02 1.485094185216045730e+02
2.550000000000000000e+02 2.069490090465420735e+02 1.486168015712415240e+02
2.550000000000000000e+02 2.069630996309963109e+02 1.485852130698726228e+02
2.550000000000000000e+02 2.066516486132603347e+02 1.484752559219140551e+02
2.550000000000000000e+02 2.055212921080823776e+02 1.482199738126413422e+02
2.550000000000000000e+02 2.038566837281275923e+02 1.478099779788120429e+02
2.550000000000000000e+02 2.026344185216045730e+02 1.472577371741459444e+02
2.550000000000000000e+02 2.016566926556362205e+02 1.466854243542435370e+02
2.550000000000000000e+02 2.013246786096893288e+02 1.464065736221878353e+02
2.550000000000000000e+02 2.012711433162718606e+02 1.464145191048684751e+02
2.550000000000000000e+02 2.014241905725508843e+02 1.463254969646470727e+02
2.550000000000000000e+02 2.015837549101297554e+02 1.467902184263778054e+02
2.550000000000000000e+02 2.019989435781454574e+02 1.473470420188072865e+02
2.550000000000000000e+02 2.027247797881204576e+02 1.476111177240804579e+02
2.550000000000000000e+02 2.033121800976074383e+02 1.478957713367456392e+02
2.550000000000000000e+02 2.036293000833234146e+02 1.479867426496845724e+02
2.550000000000000000e+02 2.037331567670515540e+02 1.476681942625877753e+02
2.550000000000000000e+02 2.040064129270324997e+02 1.476029192953219820e+02
2.550000000000000000e+02 2.038921556957505175e+02 1.475430752291393901e+02
2.550000000000000000e+02 2.029100107130103652e+02 1.471445958814426831e+02
2.550000000000000000e+02 2.024708368051422553e+02 1.466342548506130186e+02
2.550000000000000000e+02 2.027576330198785968e+02 1.466919265563623469e+02
2.550000000000000000e+02 2.022253154386382619e+02 1.462559367932389023e+02
2.550000000000000000e+02 2.007566063563861576e+02 1.457030561837876519e+02
2.550000000000000000e+02 2.008747172955600604e+02 1.455932329484585068e+02
2.550000000000000000e+02 2.019823086537317067e+02 1.458669801214141160e+02
2.550000000000000000e+02 2.026782079514343593e+02 1.461437031305796950e+02
2.550000000000000000e+02 2.023297672896083839e+02 1.460694560171408227e+02
2.550000000000000000e+02 2.014181942625877753e+02 1.458404951791453357e+02
2.550000000000000000e+02 2.007509522675871949e+02 1.459807314605404258e+02
2.550000000000000000e+02 2.002270414236400313e+02 1.457315795738602446e+02
2.550000000000000000e+02 1.999361534341149991e+02 1.457524253065111282e+02
2.550000000000000000e+02 2.001959141768837185e+02 1.460283597190810667e+02
2.550000000000000000e+02 2.002965569575050608e+02 1.461307136055231410e+02
2.550000000000000000e+02 1.996266664682775911e+02 1.460371979526246946e+02
2.550000000000000000e+02 1.977913790024996956e+02 1.456492233067492066e+02
2.550000000000000000e+02 1.968157659802404567e+02 1.452877484823235363e+02
2.550000000000000000e+02 1.967042613974526830e+02 1.450632513986430183e+02
2.550000000000000000e+02 1.968333531722414023e+02 1.449995387453874400e+02
2.550000000000000000e+02 1.972394060230924993e+02 1.451272913938816771e+02
2.550000000000000000e+02 1.980687120580883231e+02 1.454167658612070113e+02
2.550000000000000000e+02 1.991827461016545726e+02 1.454744226877752737e+02
2.550000000000000000e+02 1.993945958814426831e+02 1.455618527556243293e+02
2.550000000000000000e+02 1.990942893703130494e+02 1.455035412450898775e+02
2.550000000000000000e+02 1.995676853945958840e+02 1.456926258778716772e+02
2.550000000000000000e+02 2.003722027139626221e+02 1.459471342697297871e+02
2.550000000000000000e+02 2.003297821687894213e+02 1.461191673610284454e+02
2.550000000000000000e+02 1.999962355671943897e+02 1.463773509106058839e+02
2.550000000000000000e+02 2.001176348053803054e+02 1.464584722056897874e+02
2.550000000000000000e+02 1.995731311748601229e+02 1.463323711462921040e+02
2.550000000000000000e+02 1.990338650160695124e+02 1.461826419473872249e+02
2.550000000000000000e+02 1.987513242471134447e+02 1.461387781216521944e+02
2.550000000000000000e+02 1.984526842042614021e+02 1.459836031424830480e+02
2.550000000000000000e+02 1.970488781097488413e+02 1.453603291274848175e+02
2.550000000000000000e+02 1.967345851684323179e+02 1.452301958100226216e+02
2.550000000000000000e+02 1.976026068325199390e+02 1.454090584454231703e+02
2.550000000000000000e+02 1.981756040947506108e+02 1.453588412093798468e+02
2.550000000000000000e+02 1.984782168789429875e+02 1.453881680752291459e+02
2.550000000000000000e+02 1.991528835852874693e+02 1.454933043685275607e+02
2.550000000000000000e+02 1.995369598857278959e+02 1.456816748006189641e+02
2.550000000000000000e+02 1.996405189858350298e+02 1.455909415545768297e+02
2.550000000000000000e+02 1.997896530174979262e+02 1.454518063325794515e+02
2.550000000000000000e+02 2.000261427211046339e+02 1.454573860254731699e+02
2.550000000000000000e+02 2.006710064278062191e+02 1.456198815617188416e+02
2.550000000000000000e+02 2.017125639804785067e+02 1.458154237590763103e+02
2.550000000000000000e+02 2.028912778240685668e+02 1.459893316271872266e+02
2.550000000000000000e+02 2.036582103321033230e+02 1.461917926437328958e+02
2.550000000000000000e+02 2.044920098797762193e+02 1.464599006070705798e+02
2.550000000000000000e+02 2.041749494107844214e+02 1.464793030591596334e+02
2.550000000000000000e+02 2.025363647184858849e+02 1.461640578502559151e+02
2.550000000000000000e+02 2.027654445899297571e+02 1.462184412569932022e+02
2.550000000000000000e+02 2.040502469944054269e+02 1.468763093679323788e+02
2.550000000000000000e+02 2.042921527199142986e+02 1.468880936793239016e+02
2.550000000000000000e+02 2.047437061064159138e+02 1.469991370074991153e+02
2.550000000000000000e+02 2.061162510415426823e+02 1.474445750505892079e+02
2.550000000000000000e+02 2.069740655874300614e+02 1.477444054279252441e+02
2.550000000000000000e+02 2.068098143078204885e+02 1.476800827282466457e+02
2.550000000000000000e+02 2.068301243899535677e+02 1.478153196048089626e+02
2.550000000000000000e+02 2.076970003571003360e+02 1.481742203309129877e+02
2.550000000000000000e+02 2.081173967384835066e+02 1.484649744078085973e+02
2.550000000000000000e+02 2.075913879300083238e+02 1.482430663016307619e+02
2.550000000000000000e+02 2.071473634091179576e+02 1.479028687061064034e+02
2.550000000000000000e+02 2.077527824068563405e+02 1.480536394476847875e+02
2.550000000000000000e+02 2.081310707058683533e+02 1.482045738602547260e+02
2.550000000000000000e+02 2.079218694203071038e+02 1.480307850255921949e+02
2.550000000000000000e+02 2.082645667182478348e+02 1.481732531841447553e+02
2.550000000000000000e+02 2.094280442804428048e+02 1.485289548863230493e+02
2.550000000000000000e+02 2.096456225449351223e+02 1.486146589691703355e+02
2.550000000000000000e+02 2.091630758243066168e+02 1.484570586834900610e+02
2.550000000000000000e+02 2.095761962861564029e+02 1.485618825139864327e+02
2.550000000000000000e+02 2.104769223901916462e+02 1.488888376383763728e+02
2.550000000000000000e+02 2.105631770027377740e+02 1.489074366146887201e+02
2.550000000000000000e+02 2.104254106653969814e+02 1.486692358052612803e+02
2.550000000000000000e+02 2.111376473038924075e+02 1.489219140578502447e+02
2.550000000000000000e+02 2.118547047970479582e+02 1.492659653612665238e+02
2.550000000000000000e+02 2.119299488156171947e+02 1.491963307939531092e+02
2.550000000000000000e+02 2.119606445661230794e+02 1.491775086299250006e+02
2.550000000000000000e+02 2.126949767884775611e+02 1.492415337459826219e+02
2.550000000000000000e+02 2.133674413760266759e+02 1.494092072372336588e+02
2.550000000000000000e+02 2.134034043566242076e+02 1.494445155338650295e+02
2.550000000000000000e+02 2.133845226758719207e+02 1.494251279609570418e+02
2.550000000000000000e+02 2.138356445661230794e+02 1.496787733603142385e+02
2.550000000000000000e+02 2.142108975122009156e+02 1.499140727294369810e+02
2.550000000000000000e+02 2.139092072372336588e+02 1.497790441614093595e+02
2.550000000000000000e+02 2.132266545649327441e+02 1.494491578383525905e+02
2.550000000000000000e+02 2.126818087132484152e+02 1.491925961195095738e+02
2.550000000000000000e+02 2.115233900726103968e+02 1.489644387572907931e+02
2.550000000000000000e+02 2.096904683966194511e+02 1.485131234376859766e+02
2.550000000000000000e+02 2.091244792286632617e+02 1.483217474110224998e+02
2.550000000000000000e+02 2.095677895488632316e+02 1.486065051779550004e+02
2.550000000000000000e+02 2.096500416617069504e+02 1.487947863349601221e+02
2.550000000000000000e+02 2.093196792048565555e+02 1.485707951434353049e+02
2.550000000000000000e+02 2.095913581716462204e+02 1.487168789429829872e+02
2.550000000000000000e+02 2.101026068325199390e+02 1.487973753124628047e+02
2.550000000000000000e+02 2.100415129151291467e+02 1.486311748601357010e+02
2.550000000000000000e+02 2.099846893226996656e+02 1.486621086775383844e+02
2.550000000000000000e+02 2.104920247589572568e+02 1.489101148672777128e+02
2.550000000000000000e+02 2.106738334722057004e+02 1.490448458516843289e+02
2.550000000000000000e+02 2.105214260207118286e+02 1.489771753362694824e+02
2.550000000000000000e+02 2.106098529936912200e+02 1.490216789667896649e+02
2.550000000000000000e+02 2.110376592072372262e+02 1.492470390429710676e+02
2.550000000000000000e+02 2.112698785858826227e+02 1.492645072015236281e+02
2.550000000000000000e+02 2.113125818354957630e+02 1.492867069396500312e+02
2.550000000000000000e+02 2.119447684799428657e+02 1.494263926913462797e+02
2.550000000000000000e+02 2.125481192715153043e+02 1.495137037257469217e+02
2.550000000000000000e+02 2.129094155457683541e+02 1.496118468039519200e+02
2.550000000000000000e+02 2.130770592786573161e+02 1.497498065706463422e+02
2.550000000000000000e+02 2.134817730032139025e+02 1.499873824544696959e+02
2.550000000000000000e+02 2.138959796452803346e+02 1.502178758481133229e+02
2.550000000000000000e+02 2.143982561599809458e+02 1.504656142125937492e+02
2.550000000000000000e+02 2.145517795500535669e+02 1.504861177240804579e+02
2.550000000000000000e+02 2.145464974407808540e+02 1.505157421735507626e+02
2.550000000000000000e+02 2.148049934531603355e+02 1.505575080347577739e+02
2.550000000000000000e+02 2.151957356267110981e+02 1.508410010713010365e+02
2.550000000000000000e+02 2.151931615283894814e+02 1.507497619331032013e+02
2.550000000000000000e+02 2.152104660159504874e+02 1.507480210689203659e+02
2.550000000000000000e+02 2.157607278895369518e+02 1.510099095345792080e+02
2.550000000000000000e+02 2.160586537316985982e+02 1.510491310558266775e+02
2.550000000000000000e+02 2.159335495774312506e+02 1.508579930960599995e+02
2.550000000000000000e+02 2.162360284489941762e+02 1.509875312462802128e+02
2.550000000000000000e+02 2.166108796571836592e+02 1.512200184501845115e+02
2.550000000000000000e+02 2.164672062849660676e+02 1.509337578859659459e+02
2.550000000000000000e+02 2.165211581954529265e+02 1.508637959766694507e+02
2.550000000000000000e+02 2.169182389001309446e+02 1.509940036900368909e+02
2.550000000000000000e+02 2.164911171289132312e+02 1.507324574455421953e+02
2.550000000000000000e+02 2.148066748006189641e+02 1.501586567075348171e+02
2.550000000000000000e+02 2.134533686465896949e+02 1.496242262825853970e+02
2.550000000000000000e+02 2.124831270086894506e+02 1.494851654564932630e+02
2.550000000000000000e+02 2.117631978335912493e+02 1.491411290322580783e+02
2.550000000000000000e+02 2.116000922509225006e+02 1.490245506487322871e+02
2.550000000000000000e+02 2.120412897274134139e+02 1.492487501487917996e+02
2.550000000000000000e+02 2.125118289489346637e+02 1.493049934531603355e+02
2.550000000000000000e+02 2.127801452208070430e+02 1.495403820973693598e+02
2.550000000000000000e+02 2.130191048684680482e+02 1.496142125937388414e+02
2.550000000000000000e+02 2.134113349601237815e+02 1.496934442328294210e+02
2.550000000000000000e+02 2.137210153553148473e+02 1.498086388525175607e+02
2.550000000000000000e+02 2.140346982502083222e+02 1.502228752529460678e+02
2.550000000000000000e+02 2.139855671943816162e+02 1.504203517438400297e+02
2.550000000000000000e+02 2.139144149506011274e+02 1.505174979169146638e+02
2.550000000000000000e+02 2.140192239019164333e+02 1.507521723604332919e+02
2.550000000000000000e+02 2.140563474586358836e+02 1.508249017974050616e+02
2.550000000000000000e+02 2.141777615760028652e+02 1.506390905844542374e+02
2.550000000000000000e+02 2.144482055707653956e+02 1.505793804309010966e+02
2.550000000000000000e+02 2.147769908344244811e+02 1.504460629686942070e+02
2.550000000000000000e+02 2.145330317819307311e+02 1.503064664920842688e+02
2.550000000000000000e+02 2.145747678847756106e+02 1.502197952624687503e+02
2.550000000000000000e+02 2.147917658612070113e+02 1.503744643494821958e+02
2.550000000000000000e+02 2.148172538983454274e+02 1.503594066182597260e+02
2.550000000000000000e+02 2.146770176169503657e+02 1.503292018807284762e+02
2.550000000000000000e+02 2.146884150696345728e+02 1.503351386739673785e+02
2.550000000000000000e+02 2.147489138197833540e+02 1.503554636352815237e+02
2.550000000000000000e+02 2.143695244613736577e+02 1.504277020592786585e+02
2.550000000000000000e+02 2.140880252350910666e+02 1.502844453041304575e+02
2.550000000000000000e+02 2.142677211046303967e+02 1.505315885013688728e+02
2.550000000000000000e+02 2.144534430424949392e+02 1.506002112843709142e+02
2.550000000000000000e+02 2.144496934888703663e+02 1.505244762528270428e+02
2.550000000000000000e+02 2.145834275681466465e+02 1.506878347815736277e+02
2.550000000000000000e+02 2.148667271753362797e+02 1.509722652065230193e+02
2.550000000000000000e+02 2.150534162599690546e+02 1.510609153672182003e+02
2.550000000000000000e+02 2.149969646470658233e+02 1.509584424473277124e+02
2.550000000000000000e+02 2.149915783835257628e+02 1.509868914414950609e+02
2.550000000000000000e+02 2.148587221759314332e+02 1.507679740507082613e+02
2.550000000000000000e+02 2.140953160338054886e+02 1.506001964051898483e+02
2.550000000000000000e+02 2.121487769313177125e+02 1.499567610998690554e+02
2.550000000000000000e+02 2.107551333174621959e+02 1.494082103321033230e+02
2.550000000000000000e+02 2.101633436495655189e+02 1.492984763718604881e+02
2.550000000000000000e+02 2.100061004642304567e+02 1.491107606237352741e+02
2.550000000000000000e+02 2.099672658016902744e+02 1.490272735388644207e+02
2.550000000000000000e+02 2.102470539221521335e+02 1.491768837043209146e+02
2.550000000000000000e+02 2.105556778954886283e+02 1.493002469944054269e+02
2.550000000000000000e+02 2.105211879538150299e+02 1.493507022973455491e+02
2.550000000000000000e+02 2.104918313296036274e+02 1.494840792762766455e+02
2.550000000000000000e+02 2.107588084751815245e+02 1.496828353767408544e+02
2.550000000000000000e+02 2.111768688251398771e+02 1.500517051541483227e+02
2.550000000000000000e+02 2.109029579811927135e+02 1.500166646827758541e+02
2.550000000000000000e+02 2.108100672538983531e+02 1.500508421616474095e+02
2.550000000000000000e+02 2.112980597547910975e+02 1.500890072610403649e+02
2.550000000000000000e+02 2.114679502440185672e+02 1.499517468158552447e+02
2.550000000000000000e+02 2.116377068206165859e+02 1.499676377812165242e+02
2.550000000000000000e+02 2.120734585168432318e+02 1.501604570884418592e+02
2.550000000000000000e+02 2.126781930722532934e+02 1.502973157957385979e+02
2.550000000000000000e+02 2.129894357814546026e+02 1.503441852160457017e+02
2.550000000000000000e+02 2.133743750743959140e+02 1.504017527675276824e+02
2.550000000000000000e+02 2.135522556838471644e+02 1.504457058683489947e+02
2.550000000000000000e+02 2.136858707296750310e+02 1.503934055469586895e+02
2.550000000000000000e+02 2.138934055469586895e+02 1.504708070467801519e+02
2.550000000000000000e+02 2.140473157957385979e+02 1.506154624449470418e+02
